Id,score
9a1caf96-681e-3c11-b588-43ac742d7fd2,4
82b450db-65c2-351c-84fb-761d76582680,4
2eec4606-590c-3fa2-b846-7f92441c54a6,4
509f9a68-ac41-35ff-9d2e-2fc12f73ed7f,4
395f4b22-1c5f-328a-a19d-5065e0530cbc,4
6f1202b2-0c1a-3d79-a675-453aad931e3e,4
b4bc951f-ce1e-32ae-b27c-bbecba1fd0ee,4
30369496-e4b1-30b9-b427-fe23fd1712d6,4
704a36e8-47b1-3b93-bb6a-43610c81e1a0,4
8a5711e2-b855-3088-adcc-a4d634e2cbb9,4
13f31c50-3e46-3aca-a5eb-3fd619bfac61,4
cb387563-37ed-3058-bc82-726365529c5e,4
932ef7c5-15b7-3224-ab7b-1904ea851359,4
01523456-6960-3674-8e8a-0e7033ad73e3,4
cebd3ff7-b08c-381d-8f7e-542166357ae2,4
178ee4e7-6af7-3402-9844-a49b55b71ce1,4
2db8c129-c41e-3efa-9685-c5924561f292,4
fcb6cd9d-202c-3a52-8673-46cc685b3278,4
199e2bf3-29b2-37f3-a467-0cabbc78517a,4
e9458490-b4e7-38a0-90bf-1c20c2f9a917,4
90554e3c-fc13-363b-9ea9-22e1e3c9ec47,4
73852def-c6f2-382a-88a8-777b35a45b89,4
2989fa30-73ec-3d78-abcc-38db26eced1c,4
ecbe4aed-6385-31e7-a96b-9e406182e1c8,4
4b03c811-7c26-3111-99d8-af1bc021dfac,4
b154b63f-cd47-3332-bba5-560ddb40912b,4
8bd29df6-5095-32f2-bc2e-2ae0ceb3bdb6,4
47637f84-cec0-38af-b20a-7bb22e902f40,4
ea1ab186-6c98-389f-bd18-471cdb46d907,4
c3c79660-99f9-39ac-949d-088d6ce80d1e,4
006a9c33-d939-3337-937f-4ea877189271,4
0e41581a-82f1-3f45-a1c5-5822108cc720,4
f01fe27e-e91c-3776-aefc-38ff372cc93d,4
a8943efc-3de4-3ab5-b296-6cc2eb12e914,4
b29261ab-a840-3d5d-b7e2-aa6d0ce34563,4
bf955ad6-1519-32cd-acb0-f5cb7740cef5,4
8e39496b-b6d8-35ac-a0c8-a154103d563d,4
a22fbf0a-9535-329d-b7ed-2b9a790564c8,4
d40339c4-f05c-310c-9d2c-9313d4aabdcc,4
71c0f839-4847-3161-8b20-80433d805f9a,4
55cb7b06-019b-3105-8738-1bac95a7bcfc,4
bfae96d4-2a13-3895-9610-ab2ce0f1c4f4,4
80c5706e-4220-3e4d-be79-ae99dcc69aaf,4
b05da9c5-dc55-3933-ae48-8bf8bcb55a5b,4
e8bf1dbe-7f41-39ef-94bc-32c7464243e5,4
3a8cf106-b25e-33ca-9d7b-1c7a856d6dcf,4
9a77fb65-4231-3174-a895-4636e32afb98,4
8c43aa21-a2e6-3619-b498-9dc8ac67240d,4
7626b3e7-01f0-32a1-8184-7be249af1b8f,4
c7dde695-f693-3ccf-af58-1548be7e9202,4
4a69616a-d28e-3c08-8ce3-02eda990195a,4
75029bcc-64dd-3083-9ff7-982807930808,4
cc907bb7-2b12-37f9-8293-453de0c660b1,4
27e4dcdb-2e25-3e95-8770-e4d78b655f69,4
0d05a2ea-77f0-3cd6-a48d-d5f2ecc67ab7,4
f4308afb-b53f-35af-bef3-c9fa004d173f,4
c8c13ad9-4fb9-3374-afff-51088062c27a,4
c899a451-ce07-3f1b-8eee-2178678d50ec,4
f6cc0ce8-df8a-3d1e-9bb2-f10911057cbf,4
029e33ed-a120-38f7-8665-25a690c9e0de,4
c38fad69-b7c4-357f-bba5-6f7be245fb3e,4
a0808e44-7f47-3f0c-8a4e-adbd387f50da,4
e24fd2bb-5456-3952-bfd5-81adc818aa8b,4
487febbb-8493-335e-be9e-f7846277fdf1,4
b3074635-fe45-3584-ac61-83234aa3a677,4
92c709ce-23b1-35ae-b0c5-503f7b9842d7,4
a7edff13-9946-3d49-8dc0-86c3291f6a06,4
889af110-b075-3eb3-b629-fc1b650c92f8,4
3ee9f94e-0025-3050-b4f8-79a25a535dce,4
24fd7200-31a1-3604-8aae-6df2caea0ddb,4
d2e52276-630b-383d-872d-1b8bd2cf42fd,4
9fbd62cf-fa1f-3227-b965-5a5f9a5198f4,4
346c735e-0664-39d4-9350-9dc9363716a0,4
be1830fa-8b73-3d0e-9695-dc8b14c7b3b6,4
b23d65c9-f629-3236-a045-c5c6ad3b1d06,4
50b110e9-8eb7-3fda-a2d4-0b959986b2de,4
35d263fe-f6cd-35b0-bf39-50bc6ac3070c,4
a69ffe2b-ffbb-3213-bab1-58fcf9e5aa67,4
08b7e2ce-a332-3ca0-a2a1-3da55d5d2758,4
fbc820e5-0033-32ee-ad72-8c87c0776769,4
ed840085-687a-3c9c-bfbc-e3055e109a9f,4
d40697ad-297c-3ec5-a7bd-9a068454a9de,4
cf36b2a2-6446-35f6-a6dd-522b5f99b260,4
f0e304ef-d28f-3e79-b710-f224995ba33e,4
29835541-e187-3418-9c83-dd456bb24c33,4
58e9e0c9-7140-332e-8b2a-0eaa9a9c27e4,4
b7228736-ff1d-3dba-b255-f4ecb4636924,4
3e931ff4-b0ef-3e5c-8910-995f0a504bdb,4
003554ba-c0c7-3bc1-acd9-132d03ea8dbe,4
eece90d8-ea79-328d-82d8-8c29c09a2860,4
0d864612-9734-34a4-8d82-b24a84ed5d64,4
4c8b55eb-dc09-335f-a117-c3737a71500e,4
7be6f2f0-0b6c-3c21-b863-13c233a1c9bc,4
34783198-0ec9-33c6-ba3d-168357dae449,4
c2945bed-503e-3ba3-8da2-571b0a289f3a,4
a80400c8-1996-34b1-9d21-37e53857c030,4
d98cb977-57f7-35b7-ab5e-f2123aef5f17,4
8d253f37-da74-368c-ba22-e1462f8bc28d,4
7d4d4d62-32d1-3a8e-86a0-763545afffc7,4
41ef89b3-4379-3716-92c3-a0322a93f1ae,4
0623a794-cfad-395d-938f-d95fa71ddb39,4
3e045848-8f62-3ad1-84d6-2dd147d09d69,4
956bb099-8b31-342b-8e0e-6b8bab22effe,4
cc7767fe-c116-3f87-883c-e9d53a9dcd47,4
e9c81637-1a84-3608-b909-83100bbc4d48,4
2ae1ba5f-4587-3595-988b-8051262cb775,4
09cb6fb6-7276-369e-8bf1-dfe34e9e33b3,4
5acb255f-6a17-3cbb-bed7-979ee2e71ccd,4
040b4181-5586-3e5a-a2f2-cd1a6e37232d,4
af5a030a-5431-32a2-b6db-0c4e99871656,4
361a5c8a-5c51-37cf-8eec-1f0c3f5e84e9,4
00ab5ce6-2f68-31ec-971b-b82b72c37883,4
3ed1c114-029d-3808-9afe-0cdfa46919ec,4
a1cc9ee4-87df-3dae-a860-7af42187ea01,4
e9d32c6b-ab84-3793-8ed8-16d3922276d4,4
7c2c314c-ff1c-3566-a2c1-7e965bd54aac,4
53173056-d74a-3857-b588-b7d8e7d932b9,4
264697c5-da80-3a18-b5b5-b37a4244d245,4
db8515d4-55e3-30e2-8465-644c917f9493,4
a8377562-9779-37cc-94e0-d867b97691c7,4
e4db3993-245d-37ad-bca8-5dd69db879a9,4
958e8444-bc2b-38dd-93db-304e5a7a398c,4
660a8c8e-956d-3a30-aa20-a67e05421ed0,4
aabaa089-e594-3a8e-bb0e-639ee3c2942e,4
3125bbd2-aa21-383c-a1db-a730f959ee06,4
6fe453e6-85c2-3bdd-857a-14f6a86a4d3f,4
4f934db7-b3aa-3538-8397-819499f4f31c,4
9a8fd04a-93e6-37e7-8b2e-b3f5f950eeb8,4
07017a7b-1879-37fb-8685-6173b909fb2e,4
3d05b1f3-a345-3537-8d45-7105f9ea3aae,4
a12ecc50-d966-3d90-b92b-19a7ffea65e3,4
41d318d3-cc70-3e33-a083-07706d0fc44b,4
f2e3e2c6-b648-33cb-8af2-fef4db719170,4
26b826ca-2ab3-3b3c-983f-60d47809cbb1,4
d9050394-85d2-330c-a36e-b31a228a480a,4
799c4c88-eda1-3813-afd6-b1d5694bd1f8,4
70d3bde0-72c9-3e47-baba-eff78b53177a,4
21b69618-2ef1-3d81-9418-635a72481bdb,4
1a6f7421-21b2-32bb-9d0b-f7a9b4a56813,4
4d30026c-23cc-3999-8fca-47c2ab414c2b,4
833b977a-b1d0-37d6-9175-772f43d9085b,4
fb754f78-7d2d-31e4-a9a0-f8885dcfd780,4
d6922601-2707-35c4-b8a8-7c7424e15d2f,4
cd1d08a0-0fe3-3a4d-aa5b-24ad8893459e,4
51d8ce5a-de22-3821-aeb9-9cf1e3ca13da,4
788f3aec-c638-3d6c-b757-4f4620a954bd,4
7bf5a06f-411a-3e6f-8d80-f892f99359fe,4
7ef19e13-c2be-3235-8910-178eaaf5c16b,4
8b5c9447-4a71-324f-9616-6b00e16ed418,4
e567260f-be27-3165-b281-e0767afcf369,4
3bb18efc-c3a3-3587-9f39-34ed1520211a,4
95712c2a-47cc-3b73-9ced-dbe9f9ad5a49,4
d316f55d-301f-3095-a31d-b1b17ae4058c,4
e545f5f1-688d-32d1-8fa2-89bea045502e,4
982e26e5-1d3a-37f0-9b71-e263a1091441,4
b8b2971f-8a3f-33d8-a18d-5068164f5478,4
5adbf1ae-6d83-3cb1-afdb-178152a94cba,4
cccc45c6-ca38-34fe-af99-020ac36e8eda,4
2df588e5-71e9-30c5-9801-f15c1183cf70,4
6988738f-d446-3b51-95d6-d65d94bc301e,4
555b89e0-c460-3570-99f8-0df9e2e90273,4
4c4445b6-04e1-32ae-95f0-64417514534f,4
212ba50a-7ced-3d3b-895a-f81d60d9f1d5,4
469bdc0c-7861-3d84-8755-8657c4486e4c,4
95bdce41-9492-3e03-a8f1-ed79eaa91171,4
bd8ab648-2c1b-3cf4-a272-946b476d3d84,4
8d4d526d-ab46-3a8c-a0c4-ca674507d2ac,4
b205aafd-6a7e-3e47-9546-3911edcaf045,4
89c0c99a-8d56-37e3-8946-731555272ffd,4
8e9d2b11-f089-346a-945a-8484bea460fe,4
5d86fdd0-cd68-36ab-bf6c-bad5f4fa7bff,4
c5edc5c2-f795-3d94-81f0-35c26fbf08ba,4
2a09379e-06eb-3479-b69e-da546cddf4b1,4
8f6cf9fc-3f7b-39b6-a7fa-1482012bb8ff,4
d5fc135b-bc1c-30ea-a995-305f1687fd0d,4
c744ed54-9142-3eea-8215-b5deb9816366,4
2abcc485-0842-3acf-a755-0a29f58eb6bd,4
a79fba26-2cba-317d-b87e-4e42c5c7fd42,4
f60e5b22-681f-3ae0-b327-3f88f7933fd4,4
2e29ba94-7660-35c5-93f2-2e4233203581,4
4384f2fc-d004-3b2b-96a1-c4ae27b26552,4
8b02dff1-ea35-3d68-a9b8-8bb303c376b0,4
02402a54-a2e3-3d06-b039-92a6e8c36df9,4
3254a190-a7f8-3831-9043-af8e5eaa9758,4
8984e7b8-0d7d-3e3b-aed9-186f405c1854,4
b506c878-f0dc-348b-902e-0438a9ffeaf7,4
96a22edc-d31d-3eeb-a830-e2ee945277c8,4
179d148d-7b99-3fbd-b7d0-a30035a80043,4
219d30ce-710d-39ce-9a1b-aa3859b8b1e9,4
25f7a7b9-1ad3-30dd-a081-8fee5e702bb8,4
dfa8f450-157f-3fd3-8b7c-96c1d82925d9,4
2a95dbe8-d3c7-382f-b3ae-719858dc302c,4
0ba4e72a-80e0-3865-9289-cd5988fc34a2,4
effafa07-a635-3699-b9c1-bfcc2b8cf871,4
d9d8de09-ecd1-39e4-8400-04266b4dd285,4
d66d48f2-3175-3183-929e-9f36aebeef46,4
6091db6a-9992-325e-9450-3e00b48b5a0a,4
a01f5e84-4694-3d56-aef8-040359b9379d,4
aab83543-eb8d-3905-8f7e-2d66b6914631,4
bb2efe55-8154-3319-8122-6053b0d948e6,4
eee4f0be-4288-3b82-8c33-b4d9222c5982,4
fe75dd71-78c0-30ae-a66f-39a52842209c,4
2e2866e9-01c3-3c39-944b-ed177ed3a3ed,4
61727bea-1c47-39d3-9780-95d28de7ae93,4
1255db08-82e2-3b34-87ce-c6dbf0c3fd59,4
a89dd484-129c-33d0-8248-f46e9c77e7ed,4
4a467a85-8774-3825-b4ad-b69ac0160ecc,4
d9aae466-4320-329f-89a5-7a789d568836,4
14ad79f4-9d6d-37ac-a7f3-79112e7d6a52,4
31c62db6-d8d2-3d81-b12f-1a9c917ff795,4
f9d1d406-76b5-309c-90a7-ff2efb1eb374,4
a6e1cd4e-24d9-3067-94d8-7a0134a5c010,4
898666a5-4e0c-3fcc-9043-5b30dab3bbc4,4
b1b2876b-f693-3e9f-ac27-81e06110e879,4
918ef6fc-227d-3f6f-99cb-2ede94abf4af,4
f11da28d-d4b7-3c2f-b80c-a46330a72075,4
cb4871c3-a349-3b7e-a765-8a7084ef87cc,4
2d9e01e3-e3f8-3601-9869-956d82d5f721,4
61586927-8292-386d-9f2f-a37bd04a2ac0,4
ee351c90-a1a0-350a-a54a-df24f5af9a65,4
8e448a6e-e9c4-3061-88a5-0d73eed3bb28,4
50a615ba-5f35-3035-a782-216195c1698c,4
1f041b15-99fb-3524-9363-2c811b5c5e7b,4
11e792bb-13ea-33e4-b33f-aabd45422f3b,4
166b03d3-4f8e-3ce7-b8ee-8b938e0e55b5,4
55453e3b-0a0b-3d6e-9619-debc43854e77,4
92792561-5e08-3c91-b0b4-df5bc84e1496,4
2896ff6e-5268-34e4-adb4-bf5423a6b86e,4
3ac0ee5b-61ee-3b8a-9b3d-79277c7f21c3,4
edefacbc-d13d-3bdb-acb3-8bc632124cee,4
b057dca6-4906-3a78-a3aa-42a4623f5edf,4
a1414a6a-8f3a-3d82-a428-036843577029,4
7e524a5d-9ff2-3ca1-998f-c06d97d8d20c,4
72cc2ef5-b38a-3646-b05c-4109f50cd5a0,4
ba096eea-f3de-344e-a4b8-55cd4a4b1969,4
579122ea-75ca-3b9d-9b41-fb70a5f9de16,4
b076742f-2589-3337-94f5-7e2a9d221e29,4
2f7e94e5-1d0c-3413-b8fd-bd59b833d0ca,4
2c2a207e-4ba1-3dc1-9274-28c7ddb76858,4
ec479647-f09d-3e24-9ada-623b6f94768b,4
4afafa10-8c04-37ae-9657-8e7464bcf74c,4
d3740f02-0963-3b6e-80ff-177eb0801cf9,4
1d82647f-8f7b-3ad0-8e3a-db191c3d4f0d,4
270d53ce-93af-3c41-9385-d132b4e23ac6,4
d7948907-8020-332a-87c3-0391689c0f34,4
81c2a9be-2196-3421-9582-b8af9dcb200b,4
8412ae2d-520b-3fd4-9aa6-6c0fcbedd9b5,4
dbc1ed31-c788-33c7-9e2d-2a6d5b442576,4
b6e06d5f-6151-373f-b011-3d3b237fe529,4
8b4c9dd0-a422-3413-86be-0854553cb124,4
1ee551c2-6347-3c95-800f-8755fb205d2d,4
72bcc8cf-353b-3515-bc59-ba5c01cfa650,4
1a89a4ab-cf1b-3d3d-a32d-770858e75912,4
84c79c65-fcef-3e27-9744-d6c9e0ab77c7,4
4d0f2ecd-1473-3553-8588-ed8b481e1d57,4
5b40b19d-d884-383a-adca-deb94047ac96,4
76225aaa-5df4-3103-a337-d01a3b37466b,4
324f24df-d95a-32c0-928f-cd376ee16ca5,4
40f99859-70be-3ef1-959b-6886e90107c9,4
d1abb90e-5771-3430-ac8d-2e23b75c2256,4
47623ca5-e43a-34b9-b503-3b9e3ac9a7f8,4
0d2a013d-2ea5-3197-bf88-559656aba534,4
afcd25c7-26b3-3e73-8e79-7e3e1a596a96,4
de11e516-8d20-383c-a7d9-3fd1578a9edf,4
4f5eaca9-842d-30bd-aa8c-9ba0d7297546,4
50032343-24b2-3727-b744-8ee21b267f67,4
e22b705f-ac79-35c4-91e6-f78141124d43,4
47666304-17cf-33a0-a615-92e30e0c83c0,4
cd8d362a-22e9-32cf-a363-16c4c0b123f2,4
a38548e1-7543-33c0-a7f8-bf3ea784c9e8,4
494c27ff-5ee8-3648-b803-e3a153dca1af,4
e959e3c1-4040-3c7d-935c-87fea4a04f8c,4
1e1e73cf-b31a-34cd-ade1-f69d763ab904,4
60d8f613-5994-38bc-963e-b617e5711940,4
5d0168ac-080c-3b66-9148-840d947ae03e,4
040a4231-24a8-3371-bccf-46aef788f3e1,4
95e0c249-47fa-32f0-a549-4551a6452a1b,4
30a93874-19fe-34e1-82b1-a32d3fdd7bd2,4
e840bba3-545f-3698-a15c-e390b5ed4fb6,4
9f895edc-aca6-3c8e-b72d-105691be8617,4
0e091778-d3dc-30d1-aa16-2b80aa365abd,4
ce16194b-4964-3360-b4e7-5fb31fbbb7bf,4
ac4968ba-3370-3ade-908d-d24cf01bba1f,4
a62ecf3b-e06b-3fde-9973-31c87dc87f92,4
35f86d13-4567-3d8c-8308-112bb3079c40,4
2d276404-a1ba-3a9f-aba1-f9ede97d6e5f,4
b0010ced-0235-37fc-a491-d303162dcca2,4
6beb1454-3b23-38fd-9d42-b795f04c3d49,4
9f3e25a1-a245-35d7-9cfc-88ebfcf6c935,4
686f4a1f-8599-3ad0-a33d-bcb42047c5f8,4
f4420be1-ab5f-3923-a9f2-12a9ac1f8ae6,4
d960e07d-0820-37e0-b549-6481c884d43e,4
7a5cc44a-0015-3713-b779-f2134472c8f1,4
bca39e94-a84b-3d3d-b090-23e2d8a61e39,4
0bf9575f-a8ee-32ba-879a-25f211e33d21,4
d6fcafc6-e601-3769-9e19-13491e72b11a,4
1aaddefe-2846-3252-8130-095628137dec,4
ad90bc6c-c779-3524-9eab-65587d5ce9e9,4
c80806b3-9c8c-3eb5-8e92-dff8e713dc51,4
90533375-7de5-38d3-8b53-b2f3fd64cf72,4
70d57f81-7cf6-3f22-b0d7-5b01d84af2c1,4
6b0bac04-3701-3a2c-aa02-ccd6aecdb5b5,4
3659a979-7825-348f-a795-5c0f43637bed,4
97a34995-f090-33a2-9434-c56e1f38eae5,4
c0444e54-1b7a-37e0-8cc8-d399f48aa9d8,4
d8412cdd-75c9-3b55-b050-84094b668ce5,4
74d8d4ab-546d-3f92-8bcb-42de3f21bcdb,4
00692fea-4ac9-3f12-9ec5-0deaeff2c93f,4
08ecb6cc-c34b-3e62-ab74-dfdb2001b116,4
2a82f493-1e3f-3570-a166-6c54bbee4ae8,4
9481f4ee-b0de-32ab-adf8-51ca6088ecfd,4
9b97aa7b-f930-3a52-8b8d-27eeac40cf05,4
ee494bc1-661c-3b92-a852-e03a62fc3a7b,4
6d69aade-d224-3b35-9464-e18b1297dcc7,4
aea57c1a-f872-31b5-824c-31375e911f7b,4
138c4861-69ad-3e08-82dc-0c8cccae9b80,4
6024efc8-9dd1-3479-b81d-01e9c9817af0,4
376ca687-c214-33cd-a88c-ca7dcb7233b2,4
5e46e1db-5b59-355f-8457-14ff27944c87,4
8b207239-ef7a-3d45-aa66-1435490d087c,4
42d1b731-73b2-3107-b36a-0a626607aba3,4
64ad3aad-eb51-37b6-a94d-d58da12c6e70,4
50172149-b963-3b8a-87bb-08ea51a5d4b0,4
86fb068a-eb96-31bf-8f68-a0eec1d9f4a7,4
e7f458eb-036a-33a0-a724-2a51522d4541,4
095a56fe-ef06-3599-b1f6-ffbf6cf4e39d,4
6e75bc40-6214-3fa0-9cea-2dc4b6b7be80,4
26720418-e3af-309a-82d4-fe821533c59c,4
39ddb868-3577-3bd3-a6d5-6dde10f0e5f1,4
36c91b24-0070-37d6-b865-499b3d1ed3ed,4
4245d098-421d-3ec7-8e54-69bdddf3e3a2,4
f6872832-5241-38cb-84b5-412e6f439231,4
4fc9c03d-643a-34af-b1ef-ad626fea2624,4
1c17b7e4-c3cf-34d2-8f5f-d96ec7750b08,4
0e1fbd37-3922-3772-928b-996f455f7266,4
c217541f-ab7c-3304-91dc-3b3b8ea75b2d,4
570de192-caf8-3c0b-a949-7e3c2d46b72f,4
01ee7711-bc9a-3452-8972-eb72b824ba81,4
02686219-907b-34cb-b951-2b34601a5d2e,4
89d6e77e-64ac-39c0-89b7-f3a55539d502,4
42fe2da5-c6c4-3f67-99a5-2a26f1cf7c8e,4
67cc662f-6402-37cc-89eb-ddf724ff8fbe,4
79a3549a-26c0-3ba6-998f-13536c9924d2,4
96d68994-6079-3c4d-b3b3-7f9155ea426b,4
5f30d868-02dd-3b0c-bfc4-50805348146f,4
e4ec0ff8-0e52-3cae-8000-5b626987ea0f,4
89c99f40-ec61-38ff-999f-4ead70508745,4
9d98cbe2-3efd-3517-9284-dfb30f2239ef,4
c0b90565-1d89-36e8-bba9-13b8f6048062,4
46f8725e-6ef9-38b0-a938-0018d37b11a5,4
e22faccb-0508-3e2e-81ec-2118e5d827fe,4
f4778036-6f5a-379a-9f2c-1fc420a7c1d1,4
ee888301-996c-31ca-887a-40ba8e8fb904,4
bb89037d-b44e-3d2b-80ba-44de6205a657,4
a20e0f21-909f-3bed-8ae0-1050187b4460,4
1be5caa1-8852-3253-b9b2-11730de25a29,4
702741aa-cce7-3195-840d-3a99fb8d4f14,4
97e0fdb2-3967-3cd2-8307-4c6a460530cc,4
8d21b0e5-4a5d-3206-a902-f59615665e0a,4
7002e081-d9bc-33da-a9e7-b5beb9bf03c6,4
48b5a1f1-1298-353a-bca4-e4a164530563,4
0b7bc50d-c8f6-3a5a-9fd0-501d9f9ae235,4
9d7ad806-e6a2-3482-a594-fd7daa371156,4
32348db3-645e-3b81-b963-a6d43004a250,4
a49a758d-6271-389c-aafa-dea3d2292571,4
92c2059b-edb3-3595-bf51-39177c1949a9,4
283ac3d7-9a6e-3edb-b085-497eafc95b57,4
5bacd21b-b183-3aec-add3-b69afa768c89,4
853d1a48-a77c-3a9c-a148-e9f375684d68,4
d296c6b6-e54f-3498-b287-5e4de03b97be,4
86888db9-4257-3428-8c7c-13437e43c7d9,4
c9a41d7a-8c98-39d3-867c-75c9c4b1e5d9,4
559170e1-cb97-3453-8061-e3c71447954a,4
c8d31497-ff3f-3e96-b1a1-be88ddd23d25,4
5c92d152-9dc9-32a9-9577-b0b74a1a38fd,4
c1628f16-5e4e-3602-b43d-763d8b313126,4
1e5ab28b-2ae2-3100-b2f3-1dd774df6714,4
e03c07b2-26d3-337c-908e-a662e438aa4e,4
949de6d4-02f1-3bbb-86ba-fcab42c22dd9,4
ea4e614b-00ca-38fe-a8af-922d96a40abd,4
b204b00a-9ef7-302a-a4e6-e89863b173bd,4
2d287fa3-fa36-3fec-9db5-15d9e7a4972e,4
5673d9ce-cbad-330a-ac0d-767b3b983fa4,4
6ee74840-22a0-3609-a1f1-0d27844ffc7b,4
9edbdd34-5895-3f51-acad-fd5b3783daa6,4
9812360a-4214-3487-ab08-d6f47e8e432b,4
74321c77-6fee-3510-ade5-fb6c89df215b,4
878925ff-1ad6-3311-9920-10bc348dfe26,4
8643cf56-cd20-305a-98fc-31c2cb22778f,4
95593c18-c6e8-30c7-a23c-b4890d3c8c61,4
c84cbed1-5225-361f-9a40-c81dc8aa4951,4
745d4cc7-0951-3187-b5de-b59d8e8b3cd5,4
ea1e2f66-46a9-3a29-ad80-a7ed00243371,4
a674ae19-5533-3dce-88b2-b778dd91f3ce,4
b797b9cf-ab4b-3d0b-9979-b9668f6541c8,4
58833025-0288-39be-8d98-f2bb50dc224b,4
a3771596-afb4-3440-8a24-275faf983c05,4
b241f105-1983-37e2-8b17-e6468e488f1f,4
af73f7e1-6f61-326e-bc69-0faef05d0387,4
ad43d4f5-fb2d-3860-a9c3-755dd0a5bafe,4
6b42589f-c1ce-357a-bc93-797da5fa9293,4
d2437c91-caa4-3730-a0b9-26c540f47ade,4
b2888a0c-3f41-390f-aa70-93987f3b6117,4
1ead712b-3a4b-3952-b0d3-390bec4f076a,4
6408bb2d-4978-3c81-af36-05eede7d1215,4
66f1ae49-c537-3772-9e00-1e1ec85b6666,4
bc7bc75b-bddf-3810-af6b-8dc44fa7cfb4,4
16b0e68c-9809-3fdf-97c6-d40420d74511,4
b4e45bcd-e884-3638-a64d-4c02b7b65ba6,4
6722c369-fd70-3858-8edb-304216b6a640,4
0de5ff00-7af7-3287-a1c8-b2a89ebe8915,4
ebb87886-4c6f-34ea-879b-f8768b7692f0,4
3942cea6-baf3-34ae-9798-6d50aa4ab2a4,4
39a9e487-3d9b-314b-a702-d7bdf2a7880b,4
8bbf0c12-06c1-3df3-b48e-04982a5d270a,4
956a84dd-7e9c-37bf-b21c-c1caaebb2bdd,4
04a5801c-870d-3e60-a699-bb3b7a7e75ed,4
53ff1dfa-344c-39be-a201-a78e7d2f76d3,4
bda1b219-12a3-357e-ae1b-a80f4d2bed3f,4
f2f04f49-1714-3843-b430-fe6441c5bd47,4
5efb6783-469f-3190-9950-97a59333abf1,4
7c44c23b-4d62-3a2e-8989-8b19b6a4e08a,4
f402e143-021c-39af-a8d9-e94332580b0c,4
e0844d6f-6559-3eaf-881e-b67af9e86166,4
d0434913-df67-3c08-a42e-5cb16a84ebd1,4
ac2de56c-79dc-32fa-af98-6b2cc8621c6a,4
b7d0aca8-8b1c-34ad-a0aa-d92090167b50,4
b6aaa9ba-76c5-37c1-9dc3-316adda584e8,4
e5962594-a0d5-3c84-aed4-50504b54e52b,4
137e93ca-2c9c-3b8e-b0a2-d732c99df0bc,4
08bb7e4d-73de-3ff8-ad78-86cc8d459c32,4
2f8a5b7c-bec9-3818-90ed-0c67d64ce2a1,4
c16d5663-14ba-33af-8ba5-095ad4126c7f,4
b75d3589-73b2-3695-a904-11892125598d,4
8ccba386-afd4-3d3b-af1b-4941d0cdf81c,4
a26a4fd8-620f-3322-9330-007125fb2dcf,4
fa816316-8ef0-331f-9051-6b9034ddcf25,4
2aa9b163-efd0-35fa-b275-4608f224f00c,4
fde5615c-1ae1-3e2c-b967-7577fc4e3a4b,4
c228ae18-df49-3e5a-a9cb-a931120831d1,4
5a23c5ba-875d-3aef-b795-a4bcbe1ff9a5,4
7f05878d-6d24-3f1f-9b03-fb316808b477,4
0ac20ad5-2cb1-3749-9669-4b5aeec0b939,4
8c16b99c-ea92-3024-b8f7-3b80ff01cbe8,4
10d552ac-d01b-3a6f-9ace-2dcf06d3c337,4
151c89d3-655a-3856-96b7-2b124a227b5b,4
b375d6de-f2cc-353c-8a77-c67d5c3bb3c7,4
41458be4-f7ef-322b-87a6-db2f84dd80a9,4
35a51a5f-9184-3ba1-a3e6-1bc5f99ed5df,4
a414ab78-d34e-3501-a4a0-13857a8c2275,4
a3e63b8a-7eb0-33fd-833a-857bbb50e686,4
91af6a6e-bab3-3571-8a16-d08129c3f985,4
81f6c053-7fec-35d4-a0b3-fca9b1238586,4
93f041c4-d4ae-385f-8f45-20094a093a4e,4
e8895f03-b323-3cc3-8247-0f03ac8888ae,4
6f4fa13c-ee7a-35e7-8b28-b1bf7b6f6c98,4
798e436f-2202-3a12-9dc5-58c4e53bfa8f,4
305827ba-832f-3365-b241-a32609e444f8,4
577c711d-c610-3963-8b7b-3e7538b47dbf,4
1598aec7-6568-3154-ab10-111a188fbfbf,4
048e0a27-f284-3224-917c-ba56f4b14c7f,4
92a794e7-81c2-37c1-b8e1-99b796be16ca,4
3f230dbd-7861-3d3f-aed6-058406319dec,4
d461c27b-fde0-3328-9a6f-bc34a95c6985,4
126dc320-86ad-3617-ad6f-8a9dc578d3f9,4
21550c97-44f4-368a-9cec-8a04bb8bdaff,4
e3f6ceb3-56f6-3f2e-96e2-abe41a3b7d17,4
b4c94469-70de-38e9-b040-b5dc961bfa86,4
4127d19c-cb58-3b15-8785-78ad35eca105,4
bfe0fa49-fed5-349e-b6a5-82ddd2026f0f,4
a31c64d7-9ef6-3ce3-ac77-ee943847226f,4
11a94dd3-99cf-378f-8f17-14f9bea0385f,4
b60c61b7-bad7-3b42-9dc9-1e2d10a4d7a3,4
f217a10e-71b3-39c0-b81f-55743e33df3f,4
7d189b0b-f6be-3ccf-abd1-a1f294b7ae9b,4
a89407ce-41b0-30d3-b487-899c8ddf5003,4
fca09248-ec3f-390b-b07b-2eb5a0ff9166,4
39a96319-d417-31ae-910d-de568d76b557,4
6d47f28f-fa00-35bc-be81-606f701cf5f1,4
aea8d05b-1c03-37df-8ca3-aef586f266a0,4
a086dfac-a66a-34db-9bbd-9283cbf74d00,4
7f9ecd67-9e18-3a44-b1f7-5b27aa54b0eb,4
a8663a26-4577-3a38-891f-1c36bfc10a33,4
446bf25d-b07a-3a7c-aa81-b3343f7824bf,4
076b04e9-480f-32cc-ae56-8ccf4ab1111a,4
a19096a1-0cbe-34d3-9657-c20998485344,4
092c5646-7b1d-395c-80c3-c8c29ea14efe,4
88327ab2-e009-3b5a-94fa-fa14a3cddd93,4
f2701036-2044-3ba7-a788-eb378a68e8fb,4
cfcb5c75-3f17-3199-8e87-f832ef956f06,4
ef8c4817-f61d-35eb-a58e-c020bf090de6,4
e70a51df-9da6-31cc-842b-49df2d3ed631,4
d0823271-6efb-332d-9e5a-9a828f748c1b,4
7da4c131-c317-35f0-ae42-1f692d1299c9,4
1acd72a0-6f0a-3aa0-8608-4b26fdc9fbd0,4
04dd7dcb-ef41-3d5b-9af9-c4a2a99ec059,4
4b57a2d9-89db-3cb4-981c-4104ad6bdf1b,4
16c92e7e-ca86-30df-adc6-2f15fac3aa0d,4
0d859221-fcbc-3134-b66d-aa5d90f0d02e,4
881e23d5-f8c0-367e-a0c8-29520dd43d22,4
2b48b1df-39fd-3261-be72-37934ac01c72,4
b633ec7c-5289-3c3e-9421-5ad80ecbd95d,4
4404fe2a-956e-35bd-af25-ce2b5246b80b,4
d2cde51c-1fdc-3d11-9188-ffe8dad4d72a,4
94aa1810-80a8-37a7-a087-e72c944afb1e,4
a862cad2-499c-3efc-abdd-8adcc2607897,4
be317c66-1d99-3514-aff6-1b8205b8a736,4
0293b663-3681-3f99-b671-f75c0ecbfaac,4
51b01cdb-ed8e-3137-a593-8e07c04e4230,4
2319788d-620c-3151-b84d-aa12d56f3c95,4
6fec6eeb-c477-3e42-9b15-824b4d513acc,4
d98f0537-bd69-3564-9e53-a37631efc546,4
d6756f96-da3e-3f2f-89f1-152080e65aa0,4
2472c403-82c7-38d4-9874-968c7f6c083f,4
29b86030-4571-3d5c-957a-b973e9d357cc,4
00fc10f1-44fe-30eb-b8fd-5f1d4811cddf,4
7abe10e7-98e0-3e23-8b47-f50353469bf9,4
d4c3b545-d3be-3f4a-b678-e92ea1a967b1,4
ea95ed23-b82c-363a-8d15-de77f80f6443,4
d319f92b-2f8e-34e6-b062-3e04384e447c,4
0ed2b515-39ef-32ea-bda5-21cc5da0ea85,4
8b69e08c-b04a-3113-b2cf-c26860af454c,4
ec1f7898-0330-34e1-aa71-fdaa7441cadd,4
c2b44770-aee7-31d4-ba0b-c6ca8dd0362b,4
2fca2dd9-3270-3704-bb0e-c8d5d8d2b158,4
7618d7cd-37b6-3fa2-8ff4-f76ad2c0a5f1,4
842e36a7-916e-3a96-ad30-d8315574fafa,4
9a9ec2e5-74f2-3c3b-9f0c-956618b980b3,4
c6593f9f-f276-3818-a70a-7800f1863ce3,4
e87edc81-d323-339c-8662-8b9d370a0ccf,4
40be8933-74df-39b5-9ce4-f6066c5b6a91,4
0a7a3128-6023-3a63-8688-2387ca22c17e,4
57ad734b-6ab8-382a-a675-b7fb519c90d8,4
56e05607-e670-3710-8818-cecd93d3ebb4,4
367efca2-b413-36c0-a14a-ac129e85178e,4
7beec7af-a420-3580-9a12-934004abdf02,4
408325c9-c5d1-3570-b9a0-f1a10ee4cf61,4
fd6ff965-b940-3c4f-b30a-3123bee26648,4
3b8808bf-79ac-3681-baa0-776a23ca449a,4
ff0290a0-638a-3468-bc01-490e4727f1ba,4
8f219892-5002-34a0-bec7-f2be83bafebd,4
c6fc7186-3fcc-33dc-8182-e59cdf14b9e5,4
aa227b99-1c99-39a1-9e4e-53c9e63f030b,4
92fe0cbf-6149-3ae6-bf71-0d54a5589946,4
fd69cc44-15a8-36aa-aca3-50bbd95368f9,4
baf7d0ab-9f2c-354a-b4a3-480782978ebb,4
902200b3-b50b-3851-9884-2c63aadc582f,4
47a765d0-0e33-3fdf-9521-1128d7259df3,4
632c7034-5242-3cc5-a038-1716d1667aaf,4
8f01b7a3-7ed1-3e64-810b-0393fe85661d,4
13577b8b-5c29-3f3b-8251-6672b8b0fe8f,4
4e7bc9fa-a88f-3a88-82ee-b9bd2810fbcf,4
78c54d61-5ee0-374e-be3c-ba86009adc38,4
46a81266-4ff6-3c89-bf8f-029f5029199f,4
09cbeb92-9d70-3198-a249-9f34b3ce334e,4
1b6c171f-d737-3f82-9c19-8381ebeda6d9,4
42cf4cc8-5fd1-3bd2-b8e0-c22c72ea11bb,4
09e8bd78-7639-3f76-8b1e-2d270000856c,4
efd9fec8-18b3-3815-b693-84fb63d52520,4
c288eb2b-c705-3725-9e9a-ba49cde5db2f,4
dae9d004-2115-3b71-942e-fca595dde79a,4
eed65fb7-0b67-39e8-8b04-84caa040b0fd,4
28070333-b3f4-3bdb-9990-73d42d9bb7a3,4
3fb21c9c-480e-3dc3-afe6-bc7ed34a74c6,4
15faafc4-1888-3838-97bd-b3f852b3f7d8,4
66ecebe1-524c-3816-8802-6e11449ea587,4
9c6073fb-cbfb-37e0-8df5-e17051323994,4
42764dfc-d1fd-35d9-a418-4573720f882e,4
588b9782-7943-3b45-b193-eab43071ac8d,4
4a23868e-ee55-338d-aa53-82b6dddce3ba,4
e4c962a9-a4ce-37b9-84c5-2cdeb8a888e1,4
2def39a8-daac-3b24-af2a-51fc38325882,4
36a48774-25c2-30cd-b03f-8828f3d18504,4
1f3fdade-7187-3c45-9e54-9e912c65da55,4
1573fc7f-02c0-3c92-8447-83aa8f4a10fb,4
668ebc9c-4310-3ee4-b6f8-a86a4b023af3,4
b6ba0a29-1ac6-307a-880b-f01667ebe591,4
9f6f2b1f-0da1-3135-96db-fcf788a554d5,4
c2bc8177-be25-3c70-98bc-77edce1b1a65,4
cbeb8b72-acff-3463-b160-801aafa5d097,4
f7705758-8154-3249-b29c-f8aedfab2731,4
834ed09b-ec40-331d-becb-0e89b862f27d,4
00d5cc3e-1db5-3a65-bb4c-ffb68c64c358,4
7d805fa3-d6e3-39b7-8fa1-816df3a50bdd,4
c76da128-50fc-383f-9e87-916d9f5a2f89,4
f025027d-3fa8-3dbf-bdd3-1a4612ac6845,4
6e32f194-ac5f-3cec-88f2-66001b51e885,4
e5c2dca1-5325-364a-82cc-817b2aa16823,4
2e1fd5fe-569a-3e5d-8368-703bad09eb57,4
c2b5d873-537d-3356-b68c-46b6c5e256ea,4
54135e27-aa2f-33e2-ba0c-70709d3d8493,4
dc1fa2e3-f07a-39b7-8f1e-8a273ddea989,4
ca37b099-f39f-3d98-9e18-28c084141dbf,4
d736dab2-a356-3e2f-8bbe-25124eb38776,4
f0fe0f18-339f-3c8b-a7ae-ac9e193f7bfe,4
2cfd556d-33cc-38d3-8b8c-d7ac00c1371c,4
5841cb19-71c9-3fe2-bfe8-ce7f03926f26,4
1d5a25a5-80da-309f-a961-cae74d9ec66c,4
9cc59922-ec3f-3f84-8e08-2ece5b97670a,4
c87ca0d5-4443-3c31-972f-7855c8528024,4
c2d28ef6-f36f-34a2-90a5-bfd5c77ccc23,4
accaec5b-765d-3c76-90fc-e8bdfafc17b6,4
78a2443c-beab-3ac4-9a93-7184b8593cd9,4
2c25c724-aebf-366c-8648-1b7b54dc20f7,4
fe8ad12b-35d2-3762-9523-6e69a62b75bd,4
9c7562f1-c3fa-34be-a89d-f3d25a898744,4
4e6a7a95-1e01-3cab-830c-896fd867c61e,4
648c708e-4684-38c5-a70d-88fc6d989843,4
c2ed4380-ba8c-33e1-ad08-70200dfea38c,4
1b90660c-78f8-398b-8a12-d14ef61eeb59,4
394d1f08-5eb3-3478-afb8-f9c43b1b0b4e,4
fceaf829-54dc-36ad-99c0-0271e30cbb33,4
db8b3642-84c5-3c2c-a11e-1db5c7672c21,4
aa87abed-2de0-3a32-aae0-bb75a3e6fe90,4
95341b70-9112-3737-ac37-74532892217f,4
de236e66-40c9-3278-93a5-ed898005044f,4
8b4d4248-4ad8-3a5c-918b-b1678a43a2d4,4
367cc43e-e6ca-3efa-9d2f-d1a968ece0f6,4
0fc566f9-9203-344a-844b-883511db5dc4,4
cfdd9c1d-42eb-3841-874a-28ebb676cd62,4
02de1a95-dd04-3b58-ad17-b7c3d27c2569,4
87bb4e83-1cbb-3d73-8267-8b941e6efe6f,4
8d7b1ade-01ab-3b6e-bcbd-9bdca77d65b3,4
5d5d76cf-9abc-3c14-9893-71312900e746,4
19991133-845e-3afe-99fd-c58da5144367,4
7446575c-e1e2-312b-9d28-7d3d04bfbc67,4
591b5b41-3976-3803-9373-f4a274bfe029,4
fc4ba2ad-63ce-3dae-a4b5-2da4cc76c88f,4
50bfb788-1ab8-3f9d-85c0-430b85490913,4
9082bcc9-83d6-3223-9852-20c79a09f853,4
56ccb268-425c-3913-a0b5-c1f5ef0155ba,4
7b58bee3-60e0-39c3-b9eb-b8ae0a49304b,4
c12c2d28-feb9-3904-9245-b9602bf2ab6d,4
5bcb0a45-ea3b-364f-8cd1-2823f4e31b50,4
6d8288ee-b1cd-3657-8a31-e82f0c750ce9,4
4302b2e6-5558-31c4-8583-9da02b98935d,4
c9d31d0c-d33f-37b2-9797-8e47a6424596,4
4286213d-8f16-3064-8fff-83ed97782a34,4
217c71ad-b421-33b3-ad6d-e3e4f1190447,4
77947bb9-4a56-3062-961a-f560b6eebcb9,4
9713ed0b-e8fc-3b3c-a1b4-b60553c87cd4,4
a8100f52-ec92-366c-b21c-73c6fa4a81f1,4
73eb9c2a-9046-3ee4-8af7-edd3f7d06f9d,4
589543d5-9ad5-3cf0-8194-727e07a6977a,4
e1b70321-984f-371d-a305-35a674af65e4,4
fc451028-5524-3f8d-90ae-52d99e6f3ff6,4
11739dc2-9bef-332d-a28b-c6a61b3ac817,4
e4e3de01-7975-3f26-a29f-99d11ae2669a,4
d3ed77ef-56b5-3fe2-9002-0631cb93306e,4
18183c66-7d64-3060-859f-2fd5aea25c0e,4
63deb49d-2e40-3eb3-abf9-9bf36e75e8aa,4
b7a8e266-68ec-3abb-acd2-ae89ec5de08a,4
e669c813-9297-3cd3-9205-6ecb6f7aeaf6,4
feafc0a4-ff2c-3ad1-833c-46be346eefbb,4
1086dff6-e379-33b7-857d-53f53015e1f9,4
379b699b-bda9-37ab-8efe-60917ca2962b,4
88c05477-d60c-3897-b60b-528fd1126a09,4
ddd00742-9ec4-360b-9625-6c51f794b10b,4
4e313040-4b86-3eab-aee2-a93dc9247943,4
dd9a9a52-5ff4-3c71-a3b0-59ba0e3d6d28,4
ac772945-a869-3bc6-9b11-c7b25540108a,4
748be40f-2690-3901-bf46-ce5591cf0bad,4
ff9fc310-f5c7-3c79-8ec6-79c8d2e7a8c0,4
6d352ced-69a8-3b06-8b72-1f8902e20d4a,4
0c9e04b2-fd67-36e4-9b69-45d17ce9c607,4
56e8f833-9821-3c16-8ba5-64be9ffe803a,4
8f0966e3-d8e0-3ccd-9713-dab52f0d2dd6,4
befa1164-d581-3daa-885e-45c1ad8b5906,4
88b9d1f1-1665-31fb-9b2d-25a45309f55f,4
38eb51bb-fdb9-39da-9bc7-f1bb5e0d2459,4
a2eb6d2e-fc5a-3d01-8569-18262d5cc14d,4
e245f9d5-ef3c-323f-865f-2a5fe28687d2,4
784c4c3e-0453-3569-9cba-32f87d6147ac,4
4b109d6c-0595-35e0-bf7c-46e28303bdb8,4
76f58f49-5b96-3890-9280-a42a33bb4d7b,4
b9624429-9cfa-32e8-b211-1a715c0316fd,4
a7cd4fee-0eee-36ce-927a-408e2f04a0bc,4
71887582-da47-3dc9-bb96-559191291a6d,4
ac60b0f6-d743-3813-8b8a-ad406922397e,4
f1c66349-deb2-3b00-b227-da9b4d58b1f5,4
978f79d5-c45d-3728-8183-4b34adecd2af,4
3069c26d-b79d-3a46-b41d-3333a7444f86,4
899c2fac-3b36-3fd4-b333-057649c0fdea,4
df4c04b3-6fca-3509-85a4-b0b4d45a3396,4
b9eeea87-ce16-3254-9e75-b58712d71913,4
24916d16-d8a7-3d20-804b-e49de5ae1807,4
57cef218-67e9-3a6c-8e62-5d6a42c69ead,4
6a1cd99f-2470-38a2-84dc-875e10a10487,4
14173ca0-95e3-3045-b0b4-31f0cbd2b9b2,4
af2fc7a0-0424-3eea-b81b-3f62ddbc5baf,4
c0a076f0-b251-3566-b457-932807ab8e23,4
778a45d7-a864-3b74-85a9-95c9b36e8690,4
68957789-c9f0-316f-89ca-f4310dd4c960,4
6a07117d-17ef-361b-807e-5b8ed6126317,4
04779176-9fab-3532-8f1d-78064a53fec0,4
5c19ab0f-aeda-3c35-bd19-159ab9ff186e,4
de2f494a-e52f-30ed-b1f5-37d4937bbf5b,4
33cc4100-5851-3b30-826f-871326e08f2c,4
1019ff64-b7d3-3b24-86aa-a50da7606cff,4
77a1e77e-cf9a-31fe-a564-205276f38bec,4
cd1bd452-0472-35ac-83b8-109dd7f5bd7b,4
627ee802-07ae-356c-8412-0b1b37debeb2,4
16b1475a-658c-38a4-9baf-bf6bb2febf13,4
72a8596d-2932-3e95-b9cd-99ada6389aa9,4
c7cc5a14-fdc0-356d-ae4e-2ca4db232b11,4
9650468e-3a80-367c-bc1c-fbb4e385c953,4
9dacf5f7-e8be-36a9-a52e-4de08c3af861,4
e33e7ee5-07c7-3d1e-953f-b20b9a5898b6,4
feb7acfc-2889-3524-9fc4-f909e9209ba7,4
a7f3efa8-27a2-3ccb-886a-265eaf1a52c6,4
af913c41-aec8-3683-94c1-e795eb6fd04d,4
f16075e0-1616-3774-b5ea-7153fd03d3a6,4
63bad5e5-1876-3bc0-b273-1facb16af0ab,4
8ccff27c-7bf2-3c5d-98c5-005ff53a1914,4
f3aa46d0-6ba9-3c19-85a2-bce6edc23a77,4
554162b3-ce34-36a0-a3a3-3175567e70c2,4
2c1b378e-7bfd-3dca-b3ca-3a596dbabad1,4
6641f22e-c98d-32f9-ad54-67e3af229c06,4
25119588-bb2a-3a2e-be07-9e155f96f6b5,4
e151d79a-61e8-3f76-aa9a-5cbc1fa49e21,4
2406b960-b79b-3b44-9de2-91c616557062,4
96a7d189-92ae-3535-b9d2-8ca097e5d28c,4
11915256-d11b-3c4a-b7c3-b8706fd2830e,4
405aad97-949d-32d7-abe7-4468ac46c0de,4
9b1ad94c-905e-30fd-80b6-b76364eafcc3,4
3a36ca9d-e22a-3c85-acb7-706391d39ab0,4
62acbb7a-1af3-3681-b0e4-db1bd71efd83,4
d07932de-6fa8-32d4-90fb-8041a74b432c,4
5726c0b2-5000-3b8f-9a33-9fc53534c882,4
c43cc652-1773-361c-a8f1-5c4314f3b3fa,4
93b95af3-e178-335d-b6f5-5522d9e0e44c,4
2bf9f628-29a4-3990-b13d-6be9a9ca7aa7,4
3e077e11-134d-3e49-a342-f68d0abb56c5,4
5c728d07-6a85-3770-b99a-da90574a9b7c,4
d5d485d2-bb16-3635-a247-2de6adb950b9,4
b1013c5f-2544-39d8-80db-76e4249e40e9,4
ee2d5585-b97c-3550-adfb-fd8c5f4d5d24,4
468f4939-c472-3a92-bed7-214934914db1,4
bac274b1-b160-3900-8c9a-4e557ec4d8be,4
2b6433a3-d3ba-3b61-acd6-357dbff2d5cb,4
c28c0ade-0120-3461-879f-3388f545deb3,4
fd91cb81-a10c-3698-acfd-81666aab2610,4
845c8438-fb0f-3de9-8570-11163b39cbf5,4
8a7748fe-1ae9-3e29-93d8-33c7f26aec87,4
517d0fc9-5636-30ec-999c-aff064ab0b6e,4
4448a9ff-ab03-35c8-8600-c7f7f4c5bb65,4
ee44acf2-c388-3ceb-aa9d-2221885f7c4e,4
5e05a4d6-0575-3d98-9878-f68c3d970f90,4
be7f4406-0e01-3fbe-b101-29091a9b55d1,4
95b90c76-d713-39e5-b92e-76bffb641fe0,4
616a0462-a422-3633-852a-608cc6b06c3a,4
42bf35d5-d052-3c8f-b21d-5bfa53e07623,4
e0bb0735-bfe6-3e3c-a959-33de56b77ea1,4
7611197c-0629-3291-b466-40a5519d0241,4
94507d98-6157-34dc-a3fb-e3a6d334b863,4
b1ca127f-7e76-3225-9c61-7ca7ae1e8349,4
0b35e781-ba92-363c-92be-18c5179272e0,4
f76319e8-3a89-3de1-ab19-e6b94041a1f7,4
721ac7f1-ed60-3c50-b53b-5833c5880c66,4
54d61bcd-b416-3bc6-b60c-a9c9a5551e6d,4
d64a8ca0-ce7f-35f8-a8d1-5c769dabb9e2,4
5c40ea76-7eb7-3eb9-bf37-fa7aa7f01272,4
81828861-af52-387b-8975-8b66498e0cc3,4
343b26ef-a755-3cf4-8e1c-fdddb341fecd,4
b42b047c-8873-3333-a625-f68f983750b0,4
5192aef8-9d0e-39cc-b53f-dab0ad884e57,4
23646012-aeb0-303e-aea6-5758bed37dd9,4
b82f4b22-798d-3f9e-afbd-e4b008bad37d,4
f130bf31-1c6f-34c1-8ba8-4dc23773356a,4
5e962095-bfdb-3798-b6b8-8a92a8fa1bf1,4
d57f8e8e-2d00-3610-a1ff-a604ddb6fc82,4
56488b02-dcfa-354b-830d-e38e073e2dac,4
52a0acb4-798d-32e4-bdea-43d72e58a7e6,4
f7324de0-3db3-315e-8e84-53cdce74c9e5,4
2ae5cf29-f85c-33a2-b219-79f5b7240331,4
57cd65bf-2640-3614-9d95-84ea6454b013,4
1ca1e59a-ecf9-39ce-bc32-e868d8ae7a3e,4
dda2c815-d19c-32b2-b954-3543de9e467d,4
08f405f3-9d67-303c-9521-7d992eff69c7,4
d724f706-f799-304e-a4e3-803f902b8e56,4
714d520e-e462-332a-9c5d-6fb7eab043f9,4
3e681683-364e-3bf5-91bf-c0f711a69fa3,4
823c3d51-de48-3ed4-8cdf-06e921b2dbe3,4
19f3f1b0-c742-36f3-a46e-7cfe7e2f3a2b,4
b2b07b07-09f5-392a-be12-053c97a785c4,4
412464c0-ea62-3731-b671-b7de76e67f4f,4
7cb13f31-4b1e-372e-bcfd-88e77e5a424a,4
500988a9-6959-31d5-b2d6-b8b422ac0d9a,4
74a3fa64-0f5d-3a98-9e4e-d866da393634,4
021dbfb5-2c46-393a-9202-efdc4224f05e,4
e17d563f-ad22-3d17-aedd-c2f1fddd251f,4
5ac7bdc9-d692-3563-b7b7-204785d302f3,4
1dbcb716-3b53-32d8-87cc-1689da8aeaa9,4
f76d8b3e-a9a6-394c-b916-5f58be5dc3dc,4
192ba261-d340-3202-90e2-bfbc8d01ff16,4
89703d8d-ef5b-3585-b704-7e156948b600,4
670096d3-c04a-35b7-98e6-04c58a0a8089,4
5cab059d-a82b-3de3-9f13-e537f5d4aae9,4
a11c8552-a954-39ba-838a-b639f6dc4215,4
0d4fb718-c80f-373f-9be7-f95109755bd7,4
11e8909b-a98b-38f0-b399-91d52e25a377,4
b761211d-9093-339e-85bf-039ae0615c53,4
9c16e35c-37fe-35b4-b5f7-3da12fc02bf4,4
7d0ee73d-6ab7-370d-b5f5-8094719a5f71,4
89bed71b-94cf-3791-9f12-3767ce624121,4
97600ca0-b3a0-36f6-ab5a-09d28553d7cf,4
e9e6f788-2201-3a6f-8e34-b5314c657d31,4
07c5796d-f05c-3923-8a4c-ca66ddf78338,4
b647a68b-3b39-3e03-b394-fb8930f9477b,4
a1acf205-f74e-3f5f-b165-7810e74a6f69,4
e53ec41a-ef5b-3621-9ee4-a95bb7fa9e82,4
481be365-b2b1-3ee1-ae2b-5c439c6de4dc,4
f633757c-0979-3f76-ab9f-b524ef69b9c9,4
32173aa3-7087-35ea-985d-e20f80195eb5,4
6c1129da-acc7-364e-9239-f60f84c651ff,4
e0e1b628-97eb-3a63-ad6a-a1d313c21c77,4
e7ed5d25-c727-3671-af82-c0eb100ee58a,4
0c0c253a-32ae-3cc1-8371-6828a7fa5443,4
560bd82f-de82-367f-9930-4efbe7f981ef,4
1ce1b868-db73-3f5f-90e1-d22d800ad1a1,4
1b63db44-0adb-36ac-83c9-569cdcb01c80,4
942aceef-b415-306e-b4ea-7aa2728dbb17,4
a7b5826e-73c0-3a96-96c1-5abd10e1d28d,4
d71a2d38-705c-361b-a8a5-f4cd56c2bf38,4
a4baa717-cdee-3aa4-91ae-2f7a5ab8350e,4
32c1fc1d-dcad-386d-9b3f-0c83ef8aa57a,4
88359ed1-2488-3fe4-8476-743d6b8f6a94,4
ffa2c7fa-5edf-3fe6-a1c4-f185bb85523f,4
ee77cda9-efb4-3d0b-a14d-3b13722c9820,4
074d15d5-2f31-3298-b3ff-d6518ad260d3,4
ff94e567-e94c-3c16-9613-7ae2d4081473,4
f73aaf19-4183-31a3-960b-c269e36e1793,4
34dbbde5-49c4-3e03-8bf4-bb77f3887cd1,4
07930ced-dd74-358d-9001-55ae2f43d099,4
0bf8f8cb-b78d-3116-a23d-aba1c7afbeac,4
04417dbe-453f-3ae8-a20f-4594d011ec7e,4
4bba6984-4d7c-338a-b363-de89d17d7059,4
f35db162-bbe5-39e4-acfb-4987ad0ac500,4
944333fa-7181-3074-a3ab-9a3e4f31f50d,4
e3e28cc1-69a9-3a76-ab7c-59cd740dfa3a,4
5e8f469d-0dde-3745-9332-14c8950609cd,4
062718e2-fecf-3e17-9939-a56fb2571094,4
896f0b77-cd2a-3131-ba90-d1a589f33ac3,4
bf87d4d7-22f2-3305-8146-c3265c85305f,4
503a04b5-3f73-37c6-a5d3-2c617eec32c7,4
f19c7b1a-4df2-3ca3-92e3-2a870c001f9f,4
da801531-41ef-3273-933a-02147f56062b,4
5775164e-47e7-3b4f-80b5-8bebcffb3b98,4
e77f47d7-260f-3e6d-a433-55ef68cce261,4
ab5f4c8c-eaff-3d44-a943-178b131b447b,4
89d5b207-be45-3caa-94f4-1def15b3edd6,4
9fca91d6-635b-3c80-8c42-fce54eb52243,4
a5120e26-1e0a-351f-96cd-38f1382ea094,4
468cf713-0f15-3e82-ad8a-18d350a7e951,4
ef9c982a-adfa-3d1a-a1c2-12e583b43a1f,4
9472ba8e-e777-3855-b36d-17f54c38b277,4
79a5f074-3b8f-3758-b59c-aed988c12d2a,4
1cdc26ba-59e8-3c82-b304-f7b876a570c7,4
0c07feee-80f6-30e3-bed5-2fec49e6a4a9,4
999aaa2a-4fbd-3034-bd46-b6067145681c,4
4a502786-0616-3959-9018-babc019990b8,4
f6c6ac78-8230-3b08-8330-640ad1832f0d,4
4af03920-7932-3ecd-b963-2632a7124a29,4
2dd5614f-bebe-3a1b-ab3f-3ee8378fbe52,4
ba526567-aab7-3167-a2d0-8660dca68111,4
61f24314-b7e3-386c-b4f4-d7d36fefa267,4
ea2765a9-66f6-3537-b42c-774e815f16b3,4
b59b2588-e38f-3fab-a8f0-7c4a6b943212,4
57bc4726-915f-3688-9936-b1e6a26f4a41,4
d832089d-3f6a-3473-a12e-9dfc229d1225,4
dcba57c4-325a-3ac5-9065-e3a4f81efc40,4
96f60891-a416-3663-a460-add00e8322cd,4
8fb66432-b586-3a49-9a93-397275a89497,4
1e8b7569-d9ff-3a0a-bc45-7b4422ba0f73,4
de5c5c5d-9028-36dc-9f7f-3d59304d0b13,4
18b3b1c1-5200-371c-ba05-0d0b77dc4e18,4
e9f0f195-8881-3cbf-87b4-8f72e96945f9,4
7ef76b02-1187-36b2-8c5e-d743d138fef7,4
045da455-528a-3fef-a561-390741e40a2f,4
96ad1f0a-31ef-3d81-8f82-28515c20b9de,4
5b8e1894-8524-38b9-af89-199311883cc3,4
383882d7-3aa7-3d08-88cd-89f85ad7292f,4
ad3af053-8a82-3e85-a481-31aeab6224a0,4
a3fbd705-a1c4-3bf2-930a-6fec33b55ec6,4
da5c8577-b87f-3e55-9511-5a018a87cf57,4
37dfec0e-16dd-3061-97b1-52d3cbe6b59b,4
0dbcc075-c8e4-30e6-be2d-1feb0526bfb6,4
4c667460-127a-3036-8ba3-5d3a24d56723,4
acfbc3f3-994a-35ed-9bef-ae091d21c09d,4
10e7f727-b18c-3a4c-88a9-9d4485a60ba4,4
cb71ef1c-3852-351d-9956-b81fb1662cb5,4
d06678ef-3764-3b07-980e-f566e12018e2,4
14116f90-166e-36e6-abd6-d1bc67610106,4
6a448d92-f2da-321a-8bba-0ecb3acca7d7,4
95633432-8ef0-360d-848f-eb79ea875e0e,4
1599a333-cfee-369d-ae54-9f16176ecdb5,4
47e21ef9-effa-3c34-9e2a-5f15165f9586,4
eee59024-70eb-322f-bf70-b68c116a3d57,4
f5d352a5-e547-33b0-a6ad-0180c62c3bab,4
e112eb05-7600-37c4-b9aa-765510b2fd9e,4
03c376e5-31ca-3f54-9ab8-aa4f06793a8e,4
2ba94528-583a-3a3c-9ca9-495a7810d8a4,4
f2f21304-81b6-3641-8de3-22363e63195c,4
35a42197-2711-3fd7-97ae-c118fe26972a,4
dc3b0632-3a25-35db-8cd3-58e342b27ba2,4
2c4ba4bd-fed0-377b-9b56-56740e0c24eb,4
4695d591-d85c-3a58-ad17-02fafdc6228f,4
dffb4e8b-4975-3d37-9acb-9920d609cbc2,4
c2a25c70-80f5-3d8c-8c54-5c42e0bb83cb,4
5e139148-a581-3cf4-bbe8-1ca358d82512,4
01a61e80-e9f1-32bc-bf87-cca8ef24886d,4
707420b6-4165-3f60-ad35-458aac2059a8,4
5f63a65e-aba7-3499-82a0-ab2d83379f29,4
3421e36e-2c89-311b-9070-c86dfd2a26a5,4
a1ac3c5d-c5fc-3b0d-b98f-33ae46437819,4
23e7e15d-669e-3d91-9e1d-2ce963b11d63,4
a02a0cca-b1fe-34ae-b89d-3820f189d0a6,4
555d88ce-72b4-394b-b3bf-083d9d4445a4,4
e1a49195-ce76-36a8-8f95-1f61fa01321c,4
e6015095-9fb7-37af-9e6c-47c6310b85ab,4
7159902a-aa86-33a2-b5cf-2961409c7ef8,4
b1e974c1-5613-364c-bf72-314dffacdda3,4
c4232316-12e0-3136-8566-5ef208fa314e,4
d7a090c2-a9cb-37bf-98b1-6a220a1357aa,4
b0b32218-7602-3622-863c-6801a9628f99,4
4a04fe73-f71a-3cd4-9af2-ce6530a983a0,4
0829b853-64c2-3108-9f11-276ed7eeecc6,4
66171d81-e37d-3fa1-9a74-ea2c88a0b90d,4
aae8fbbe-381d-30af-9547-2dcaf59068b0,4
7206b1a2-6541-322a-9033-d5ee36a11b99,4
860bc820-5a36-3b66-b750-41106c4c5367,4
fc1bf8f2-0a6d-3e8e-a78f-8d32cbf3cb05,4
9497a779-2b61-30a7-b204-0fd6694784cf,4
344c8175-47a9-3de0-8c7d-2cb67d6e3690,4
ba4d361e-8b82-37a4-8401-e9216a50b861,4
a2caf611-b124-3bbf-a1f6-1efc29c1e74b,4
7a74b3e6-e0fc-38aa-9458-e82390370e92,4
ef3cd580-5c41-3f14-aaed-0dbc6a88feba,4
2e085e65-c13b-338f-98b7-546b2e50e92e,4
4f1f318b-1826-3504-948a-8dab375d9866,4
4dd4a26e-078c-3221-badd-fdf5f6dc1211,4
feec5122-e080-3225-9e42-0f134de247ff,4
5a0b1cb2-0875-30cd-87c6-78255c4ab165,4
f8b10d5a-42b5-356e-bbe8-d0191fe1ce2e,4
cf7d5f72-75da-3535-91e7-e3479662f779,4
7122cbf1-f807-32cc-9886-b41f0036cfec,4
56fc5130-e60f-3d2e-ac21-cccc807c6c36,4
01670de1-f3ca-3b04-9ea7-80823ca69b5b,4
7fc41ca1-330c-3ef4-8efd-cbb127da6b34,4
e1692fa0-8d4c-38e4-b044-65830c26ddbe,4
f05c5a74-2bf6-3cc0-9196-cb4ebc41dc9e,4
e211ede7-3a3f-33ce-8acf-910b8c2cd990,4
d8cc5763-f4fa-3687-b3fb-da1020f38b47,4
4acbfefd-a0c8-324a-a100-dfa25dc45424,4
c5abcb6a-fa28-310c-8b27-66b984678771,4
a9ed374c-4d9c-307f-a73b-8e2e17f9ffd1,4
dd1867e6-a525-374c-9780-419c8ccf812c,4
99bf46cd-f65e-3dd8-bf9b-fd20ba1779fb,4
d298e52b-9748-39f0-8114-fa7a916be2a6,4
ba09abf1-290c-3b1f-ac8c-359692426989,4
93e6245e-b744-38f2-a4a3-b57e228dd954,4
0b5c4910-c444-3a62-b796-239911dbeb47,4
255a929d-ccbe-3da6-b7b3-0415ffee3b3f,4
274bd617-27cd-33cd-9ff5-3cbe3f82cfca,4
b683eb30-8c6b-382b-bb27-9e0b3811b624,4
85f64e1d-1b2c-35aa-ba7e-3105fc2511a2,4
2f88741c-834f-3528-bbdd-404d6de20ebc,4
2a058c52-9d37-3f87-b9a2-4b452a4c3ec7,4
c48acc6f-0196-3802-b759-f615241a4bb3,4
e3f9de8b-d7bc-3aad-ac22-dec4897ec8de,4
c0c64e19-c2c0-3240-bdc6-b30193a6c908,4
38caa5f6-73ef-35c1-9f7b-bdc472a2d7a5,4
81faa6a4-df7e-3c77-ba48-b7dc31ea5727,4
59b3e089-9983-3749-abc5-e8b80784e17e,4
1533803a-bd2e-3f70-baa8-7a6ca4c81053,4
eac90162-44d6-3db0-b195-b8457be9278d,4
a01cceb2-f477-3522-99e0-e39cc1b185fd,4
fa3ee61f-555c-3120-a9c7-568e0a3cd2b4,4
ef43a69d-8adc-335a-a3fb-a71c7bc0464f,4
d7da66d1-b3cf-3f65-9ad7-a7b98855afaa,4
b24b5061-6e3b-381d-ac28-b68f7fad45e7,4
32a93c7f-71d0-33e5-8218-3e1e89983a1b,4
fa73a71b-df2e-337d-b71c-55c9d58527f6,4
a57617ce-7373-398e-8d5a-3b016b1183de,4
9114ae11-4720-3303-8c61-e7ea3395fbaa,4
e992b3bc-6857-3432-8a00-00bcdba8c672,4
bcbeed2e-0857-315f-92c5-ee87607126e8,4
e17eb714-8239-37f5-a350-2a4f9dd71b18,4
01ca21f1-e9f2-37b3-ad5d-11c1bfea2658,4
7f51a25e-d949-34b6-843a-da377dcefb87,4
f04ee07d-3767-3567-bb69-70dc20ff2a00,4
84b6a909-2d4f-348b-9195-fb663dd44f89,4
10f75dc2-3e79-3f67-b63d-5cd500bf4221,4
ceded9e1-8e7f-3e0a-8ded-f845e7d3a43f,4
f6ed6ee6-b4b1-3115-b44f-a7ea7f29b1bd,4
5446f279-98f0-3fd9-9af5-552c3c9013aa,4
3f9af5a1-a84a-3e64-b567-b4dad25ae0e8,4
c9fe9713-792f-37f9-bda5-418709204af0,4
cf63944b-17e5-3346-b50f-899cf6499e24,4
daa2855d-e1a6-39ee-ada0-0c3ccf833422,4
78df416e-721f-39aa-b92a-182fcf50f775,4
406536d2-01f9-36d1-beda-0e806b6b41d3,4
b884f3f7-5fcf-3fb1-afa3-c782056dded1,4
b2c369f9-e2d5-3941-942d-618fe033d57a,4
b414cedf-b863-355a-b5d1-9b6f84935f81,4
04f21eeb-42f6-3cf8-9f94-9e033397733e,4
2f99e63f-19b2-37a2-aaf2-a98bc10a3a49,4
6049db8c-2e06-3624-b810-93969f60a182,4
4704b4e4-e992-3708-ac33-4e7bef07a5c2,4
375ab4a0-28d7-39d6-875c-46b4683777c9,4
1503150d-44e4-3b1d-a6b3-3dddda24ad26,4
718d510c-eb44-37d8-ab81-61c7a630bc06,4
043508e2-e3a3-39f8-aa6e-f22b71166802,4
c21d8a20-1a31-3ce8-83b3-96085db962a6,4
2e922cd1-710e-3d57-9277-f672acdafcd9,4
8d457767-083e-3bbd-8386-82a7a0c8e5e6,4
977a3c7f-63d1-39da-9fe3-d607cb91d0bb,4
a37a4e1f-b337-3ac6-aa05-6130371d9188,4
914176f6-db9b-3db9-b2e1-50e3fc84daf9,4
d301d80f-6360-3b94-a418-02f3937c385a,4
d41304ed-bb39-3043-87c6-886f56293f8b,4
e7c334c5-4e9c-3bc4-a9c3-7c3925365c25,4
3f215c21-2e9a-3222-be37-fe93febdb7a1,4
ef1685ed-dcd5-3b61-af11-7b9b329d2cb3,4
6ca64f78-24eb-3c85-b6e1-9d7a6f401ecd,4
c0ad32ae-a086-357d-845f-9d50c63d26ee,4
0f1d5842-0216-3857-bc57-37363d630c29,4
b5abf098-ab5e-3013-9032-1ca617bfa2cf,4
13a6abe8-3d54-3ffc-bcb7-cbcb4dc90215,4
e14630d5-6fbe-369d-9728-19da9cf4a20d,4
640eabe2-e674-333b-8372-2672f442bd40,4
ca4ed2d0-4291-3621-85af-03c6de73256e,4
98c4faa2-4b8f-3b3b-aaf7-242c3b6016a3,4
108d147a-a33e-314c-b432-eb86ecc2c404,4
a7d2553f-2a08-3357-9eb4-e3d0563d3610,4
03a46d33-2aad-3703-9e6a-02c5f44bc5fd,4
eeb300ea-39dc-3a99-8e19-763d35ff0943,4
a5e2d77c-0cfb-31ef-918f-d9850333b7a3,4
c031768e-b36c-3abe-9e2d-f3335e72b400,4
6fb9338a-3406-34c2-92f3-24ac4346015f,4
58f2cfb2-81de-3333-92e1-1503fc006ea3,4
9283a33c-45b0-3644-9bcb-6a8f816d8978,4
ce790064-c683-301d-8e56-ff49dcbcc136,4
8c427445-7049-34d7-8120-7b46c9ed681c,4
0c96b1ee-7ecd-341d-ab68-64aac1842601,4
758d7f75-0ea1-3055-954a-f001734c7d5b,4
6998917b-bf52-3bc2-8f5b-af6e213cfc83,4
5d1e6671-b791-30b9-8942-8a371e8eea46,4
68b31934-38e9-327a-b493-ae5569c64c25,4
1c607ec8-1dd5-3196-a158-20064f40ddc8,4
4ca3c35b-72bb-3de0-8ec3-68ded503096c,4
1163fc46-5909-3fec-a1e6-1bdde7b90179,4
1098e790-9dc8-3e4c-be95-b2ba161437bf,4
795fabde-dbc9-3a83-8b91-517a7db116a3,4
aa8ba3df-f11c-341e-8104-5c66f160b3e8,4
4499b1e0-2f43-365c-b02b-df234a9678a1,4
eb9806c1-d0d3-3d66-9337-01662ab4a66e,4
d3c24199-c9d4-3d06-8ff5-8efeea1e01c4,4
0c608337-45bd-34ca-8e78-fdff2023f1c8,4
3d6e83d4-b3a2-384e-bfdd-50ad04fa38d6,4
fad3fb24-c28a-35c4-a506-a19db916ef1a,4
5a732cf6-f960-3f9f-b656-392024294b39,4
14ba218d-65f0-39e9-b4f1-c270708ed31a,4
17b0321b-a214-37b5-842f-2fda70cc70c5,4
5e2e82d6-334e-33b5-9cbb-e4aa226f7707,4
7e638dbe-9c33-348d-a464-0e72825444c5,4
c58678bc-f5f1-3eeb-a636-c12534555f13,4
1633ecad-1570-362e-8fb3-ec14c1888f82,4
796cf221-8e82-39df-9b4e-2bdc416ebc88,4
89ac324b-30fe-32bd-82dd-dadfacf5e3a3,4
774af586-4b15-3e7b-a854-84b934813730,4
802efebb-9c81-38d9-8c7f-22cc05640518,4
e629d05e-ac08-38aa-9bb1-0041cd3a89f8,4
064261a8-1afa-3cd6-938b-e5dc77c91b96,4
8d932d2a-b0e2-3571-b3f1-7833636adc71,4
e2a93a58-ada4-36d3-a25e-f03efdfbc35c,4
3d1d6d9d-69de-3717-b1bf-ce2289324150,4
bccd728f-da2f-3b50-a153-ad2f69c81d88,4
88f65dbc-1a67-32f1-84f2-2789d1127070,4
1a9303e9-218f-3b18-b0cc-fb8b3f9e1e54,4
f2a7b226-dd7c-3f1b-b160-4c6730b6d5a3,4
f570b094-0bb8-38e9-be31-ec937536409b,4
18996215-0449-3fd3-8239-174fd19364c0,4
41d5b044-ff22-304f-b31c-63c716307d14,4
9aae15e6-329a-3325-ba03-8468a43579d2,4
eacc47fa-d42e-3158-848d-5c2312cd0f62,4
699a04ef-0a39-372d-a381-7321d03d42c8,4
05beac1e-c03d-3d5b-8036-3b8c745389e8,4
167182c1-ddda-3b67-8501-e8054aa40aca,4
864d1414-99d0-3fb8-b598-b1e5ec3b3591,4
858c1081-ecb6-3a69-85fd-738677a7e22b,4
229a768f-902e-3fa7-9d5a-21c91ba42dda,4
cff7f233-bd34-3c35-bf57-90810fe1ddbc,4
599f6db2-8918-3469-bd8e-6cff39674022,4
0d4aecb1-e372-39ba-b393-d56c3b640421,4
4084432e-232e-364c-8a08-1358f1bb3984,4
5f8cd580-f557-30f6-8245-41660774f56b,4
05b33bb3-db28-38b8-93ea-8c6bbfdc002d,4
e04e4e37-8204-351b-9c70-921f89162c59,4
9d0fcc08-9d8b-33ca-833d-b18f74c35779,4
f4fb6d78-101a-3aeb-9470-159aa2475e63,4
eabd3ea1-6774-3cb9-9047-9a1949c9dc8b,4
57dc7d6b-5db2-3888-a4f1-f2e116ec6619,4
7b8a8d73-1dc7-3c9a-a193-7047fefe3097,4
d1bab0d8-193d-30dd-9239-be973eb665d5,4
86318f83-b448-3219-b963-065dedf27a6d,4
638760d9-8a30-375f-984a-88d96078921e,4
8a7d168c-c291-3161-950b-fbb71e8b6793,4
313890ab-636f-3019-a23a-ed27805d2a40,4
c0aa3f7f-91e1-31d4-b441-09af53384d09,4
bb93ec32-9e63-3b86-babd-290b14d27c73,4
9c7b2e12-7f81-3fd5-a575-8c9c72b77603,4
f1b61bc9-19b8-37c1-a3c9-1d79cd5642b6,4
eb4e38e2-cbd5-3bda-983b-e470b9428dd5,4
57a24d20-5f07-3cb9-a8c4-ff45104f8962,4
a46c9923-a472-3bf1-9b43-aea4a01fd245,4
1237bca9-ed16-3e21-bfcd-51710e3ca457,4
35b179b3-5689-35eb-b6ea-2d3356686e0d,4
e6004e04-bd8b-3f7b-b122-d01c02b77327,4
774e3488-36f0-3d90-a5c3-b858020b0dcd,4
e3353600-76f2-3dc7-8e1f-3c7c1260c350,4
11207726-0d24-3d3c-b324-9af371930464,4
8eca0697-8eba-39e1-8ffc-f377737a76c2,4
7c1b7b0b-a5f3-3ad3-9bfc-6b246bea4c93,4
7ee5fc9d-d937-36b9-871e-23f990fd8b8c,4
3148de46-1831-3673-b5cc-6783edfff101,4
909beded-a8e8-3ceb-96e6-5fbd2683b766,4
5990107e-d12e-3fcb-8932-76c7206c8540,4
299685ef-5739-3e28-b802-d85d6d713bec,4
011ddb9a-214c-3001-bb04-8c27eeb5e65d,4
4b9f501b-f3a8-3d4c-bebc-08238ade4fc0,4
0b65aaa5-cbba-3463-b701-8c825477c079,4
af64d410-4d5e-3887-9bf9-1b3959b2fae6,4
f38839c3-925f-323a-88d2-66831ee617ad,4
47178ef2-4e4b-3728-b3cf-e7a4852a95a6,4
a123964e-ef0d-32ef-aa75-18d36f4f3b24,4
ce616ada-4b94-3491-8200-de25ae99f39a,4
037378e7-2fa3-3679-a627-3d79c10f38c6,4
5ecb4394-4f32-343b-aa8f-962e93a3e70d,4
06e13071-d35a-351f-9f8a-8a131238a1a0,4
0244ddbb-30d2-397f-b2d9-3fe2a37ceb08,4
b922010e-863f-37bc-8d77-845af7814f0f,4
34bdc780-640f-3313-9b35-4eaef33bc523,4
94aafc8e-10af-384f-a920-188135c91725,4
364dda33-c32c-3a3e-b54b-e89f5936553d,4
1a292e37-362d-31e1-afad-23945f2b9f7e,4
d3a3881e-f5c4-3609-8d1c-d9b941b5270b,4
da855bc3-039a-3445-9db2-a9f377d8ddac,4
d740239e-888b-32b1-8894-b769249c91aa,4
8b46523c-f1e8-3257-a98c-f40886a2fc25,4
b052220b-e9cf-38cb-923b-7a677add5d02,4
dfe0dded-7df5-3594-ad84-2583c612877e,4
c8e0a25c-2959-3638-998b-b2fd6a576d80,4
68a9d27b-ccc1-3756-8fad-cc3063453421,4
e251173e-2204-37c1-b0f2-fc940ef0b1d9,4
fdebc150-60e8-39af-9ebd-fd6d0b634c4c,4
66e9bd07-8eb0-362d-93c9-f28b60d73b15,4
dabc73e6-5bff-32f0-a272-0f789f614465,4
90efe362-4bee-3157-95ed-c7b7e0ea3626,4
70038b2e-937b-3eeb-a09c-8da465308ff2,4
1f5f60dd-3f86-3e4b-9b31-32e95a57e128,4
db8ec355-ca8e-3ae8-9595-263887ca00ba,4
e5af6aba-a995-322e-b3b1-a409abe2e508,4
45faed46-e3b1-3175-9329-98585937b68c,4
cfe8c600-8e97-3cdd-9161-f4ecd3fe3b18,4
8d727767-5dc9-3ddb-882f-4771352cfd9a,4
046c5cc5-de9e-3913-98ff-3b762af0df3d,4
fa77e8af-4d9a-3b01-b508-dd6bf32045ad,4
288f4f63-5b92-3006-a264-4aa61dc124f7,4
46f76ea0-e051-38f7-b1b0-612dfc759101,4
3b6cb48a-acec-3031-b41c-6e16c7be922a,4
2acda845-868d-3ce1-ab03-fa803fc8230a,4
dc1b2619-3a78-3980-ae82-e09808e6483f,4
18f51175-a38d-38ad-b6f4-9998f02caa24,4
d75bcdef-6594-3c71-a113-41c21edf9b37,4
055c6ce0-b253-3be7-9120-c90477ffdc98,4
a83e71a4-2f1b-311c-9687-878b97f36df5,4
a8317056-aae5-3823-a2c7-c6d310918633,4
bb78deb0-2ff9-3129-aba5-75b892b9e546,4
008117fa-0f62-3f0b-9a68-c5ac75b22c68,4
c0b987a2-b7b0-3137-be42-977a4fd082b5,4
da32907c-d58c-3865-bcc5-6fac384662fa,4
3b64f72d-8603-30fe-adb7-21e00b6cb97a,4
6e84c5cd-5d3f-37c2-ab74-60eeaf74d04b,4
929eb1aa-a443-33a7-a87a-7c206e57b635,4
6e52c94b-0888-3faa-aecf-b81985222305,4
ba2419c3-654e-305e-b957-815e63f8ef4a,4
8b23ef30-6d30-3c8f-ab98-9136d9de1bc6,4
dd8d0f43-8111-359b-97fe-48f3cd54ab30,4
4a1d9a67-bb27-3e7d-b323-611a33c81393,4
54ee6492-0cf0-390b-91bd-c605a74be0b4,4
60cf7fb4-178f-3b9b-a4ac-30679ff5e33a,4
9f770dc1-4da4-395f-a2b3-e70d76aa34c3,4
c6f2fc08-9ffe-3852-9f58-2b87abe7fa98,4
9b8e4c09-de0e-3da0-ba23-6a7b5864654d,4
89b3fd2f-3b10-30b5-876a-067d83b5563f,4
0e7d5909-9a58-3376-a79b-9728b9b13c42,4
9360df8b-9ae4-3e71-a7cb-8e44e4537abd,4
a30b1077-59ed-3abb-b4d4-41711b780264,4
fcede186-c0a9-3abb-96db-cc575ea4bbb6,4
97f5976d-5563-3d55-bce1-fc010e5f86d3,4
8f35fc51-008b-3708-8626-eb76bd71b269,4
ec64fa52-4767-34e8-b823-edc5fa0ef481,4
3bd3e7e0-b2cd-3f55-812d-76de4f0e4907,4
24fba4b2-af31-3575-8426-3c2e5b1e2281,4
4a116b3e-77cb-3dc4-ba12-414aede8fdc9,4
806b39b2-78e9-3373-a4ed-dac5282cbede,4
3fae8ab1-b394-34f7-8270-f1e9b4568daa,4
ead5c80f-11b5-3d05-a14a-25599e75d099,4
d151f3e0-28b3-3dbf-a473-e189335e927b,4
6867a4e2-2347-39f2-9e1d-deba5bc9f915,4
ade60fed-d0a2-338d-9f75-8b0943d56377,4
3658c228-8ae1-3d10-a215-ff203c133453,4
b668a4fe-4e25-335e-920c-d856cd4cf492,4
87af9c50-d579-3435-bc23-5609a17b4228,4
510a41b1-2b41-3cf8-a2c3-9216baa3b8ce,4
07675677-643a-325b-bd76-dcfaa0ca5152,4
5e745d3f-d760-33c5-a357-a3051e041513,4
161ef89b-ffe5-35e4-8429-42310a61dde8,4
9e479cd6-2101-3266-843e-e9dcd593aec2,4
38308b2c-28e5-3b3b-9220-b74615bb56b0,4
36df9566-2599-3c38-9890-1136bde04434,4
deef3a39-2110-30d1-a129-f856f3d85e4d,4
6346829e-7b43-3a38-8c46-db95ffb1e5d4,4
5756a04d-1588-379a-ae48-b83fbbea89ca,4
67d4ee75-e5da-3b42-9087-c2215bc23566,4
d2698b3d-5b0f-3e70-b953-edfa3a3c526a,4
884fb0eb-7faf-3b55-b90c-7eecfa641e8a,4
94b39590-57d6-3940-882f-49fe8eced20f,4
9a2bf432-6b91-34f8-8816-e97a62a8c936,4
f42bc2bc-411e-354e-9d0b-99488bc623a2,4
95223d0d-5bd1-33f7-ae1d-82deedf3a6b7,4
4016dfbe-3a0a-3892-8039-51a08e365445,4
747efbeb-d665-3af9-a55a-0f1c04d41ae2,4
8ca08bc6-2ebc-345c-ad98-fdc74882ffa4,4
49b0dc02-77d5-38ff-b634-6063bf309c85,4
9ff71bad-bbf2-3f4c-95ad-6c53c3ec15a8,4
4798959a-2748-3b0b-a724-33fc6e5fb1b1,4
6a0b757c-e9be-3d55-b0fc-9ecabd75552a,4
f23cdad4-954f-3950-a8e2-0721dc48d65c,4
0db1f94d-753d-36ca-9c9a-3c8edf0cceb5,4
eb7cbfd0-96d6-384c-9cab-7b8907fcc6f3,4
7a0b72f9-7edf-355a-aa18-5c0f11a02b13,4
a02585f7-9639-3a64-856b-955df5a1e725,4
392e60fd-4bb7-373c-9e14-74a379a5563f,4
5eb6a496-58d6-3810-85e8-bfb8fdff2039,4
9cbccfea-839f-3960-a121-223ff30b57a2,4
083409c6-00d9-341b-b032-a4e8ba903b32,4
3a9e7c21-9350-34c7-ade9-6526f6a28e71,4
2cb53962-4f83-3371-bdc9-48f2b94b24da,4
b6e7621a-292a-3b4c-9d9e-c51c18e52c98,4
c4a7be94-464b-3b95-a67f-2c9f44848eeb,4
7a1cda59-c974-3026-aa19-ef758dc2ef5c,4
0dd53291-44ea-3a75-b94d-5d1ac591603d,4
44cb2cba-5035-349c-8668-434cb773ccdd,4
e6a88e86-dc9d-39d6-ab96-43159c6226cc,4
eca6590d-0601-3160-96aa-94f3625b45fe,4
2c555aa0-8599-3380-9b07-58548de35248,4
8113961a-1371-30ac-b0c3-843e856fc72b,4
d444fde3-b9a2-332f-8d25-108f38e7f44d,4
8e9b26b1-9f92-3b28-890e-4c17c54461e8,4
624f94f9-768c-3c65-b7bc-6ca786923262,4
2a1143db-f553-30ab-8ffc-fa47a7cc3dbc,4
3296efcd-2a72-384b-b33c-54d6c4c09692,4
c87e8a16-be36-3814-a370-ba7ea786634e,4
38830003-b733-3e27-a2fc-9ec2ed6a1d64,4
30110ad6-0d7a-3a36-a004-36d880ac4f69,4
814b3bf1-c5eb-35ed-9c2b-8b3277aba216,4
2bbcf88a-e13b-3d9e-b771-48fa26cf3d59,4
2ae9b584-0f72-39ff-b3f6-bbcf88e46c7e,4
577f92bc-4819-3fb3-8035-d934e5cdce78,4
214276b2-aeb2-33ea-8f5e-0921faa1bc9d,4
3a02a0ab-c24b-3060-99c5-3eca8d64b6fd,4
e3668dbe-38ff-3831-8d5d-c65abce1ba1e,4
8f7b1d25-5a41-3994-b474-27c02ab84841,4
3cdb4b08-eadc-35c0-bc66-b91f4471e6a2,4
824837ea-838a-39f6-b329-1033f01ab1a5,4
0e5967f0-6e46-3834-bdb5-79a32be188eb,4
f5ede790-c300-36ac-99fb-b398898d5891,4
65f65508-342b-3c11-953e-82c1ba8629d6,4
6d037f4c-1b6c-3546-92ac-40ac5627cb90,4
a1d745c5-1685-3ba7-8e54-decb3b030bf9,4
6e26be30-125e-3f92-ad98-01310b026f38,4
8b590ace-4cfb-32d6-97ba-da68393e989e,4
a343e642-1e2f-3022-b1a6-b31a01f1a6f9,4
18f6ef24-0cd9-3ac0-8492-cc5960c0e3b9,4
6fb389b5-0a06-3758-8394-60ffa8498652,4
3833a10c-e653-3ff4-91e4-1895541fadf8,4
cfe9e8f6-c481-3b1b-ab8a-20bba354b726,4
e2894c4c-481f-3632-a6cc-467139d79241,4
1652728e-64c8-3069-8feb-9f6765541202,4
bf9d10f3-7f43-3315-90a0-af5d26a75f84,4
6aa148b2-c72f-311d-bd2b-918af4dc2857,4
463f6da1-21e7-342c-b52d-ec84bde3f2eb,4
37d89e02-5e85-3e0c-8bb7-52ed4684c608,4
8ce705b0-d2a5-3a8a-93ce-789aef3adbc8,4
83358dea-1503-3ed1-9999-efcaf4dda3b2,4
911c30bf-787f-3173-a191-6a6bb7fd3a99,4
f2186ca7-3954-3e6b-aae7-725b71791582,4
5543c5b1-8dee-358a-9401-eeb7260fdd8f,4
5b990f5a-08e8-3336-9ad6-cd3685d4a045,4
1a964fe6-c455-3185-a525-483e7a001e9f,4
545e1fbd-a72a-3750-9b9f-b9932ae13591,4
91565a1f-7072-38e8-b408-61a3e6ccbcd0,4
2cba6a16-a1e5-3d7a-8235-92216cb0ca84,4
57fc5973-69d4-35aa-8b2f-3872c54330bf,4
731381bc-b595-3a1e-bae9-7f129043e5a1,4
6401e0ff-3ffd-3789-8db0-7911a0b7f087,4
3002f27c-b111-38ef-82ae-8382df5d87a1,4
dc27f138-fe8a-35a4-96fb-10c625e0f0e1,4
2a16a4e8-8a52-3f7d-ad07-728db1a040fc,4
11786ceb-1548-3d77-8720-a77adbec9835,4
d4838f14-8159-3945-b71b-988b1574f105,4
57cf0ced-9d57-3493-b120-9805c0ad3fa7,4
acbe126b-2997-38ef-b0fb-c665dc6ddc38,4
b1e22f46-862d-3798-9804-5c847bbdcdd7,4
16ac60a1-b9b1-3b22-8e11-0899a0735fd3,4
64f306c1-0c29-31a4-9226-27b3dcf8d724,4
c418d89d-5dbc-389a-9f45-218ca278f93b,4
c39a0a3d-017f-3f93-b298-49b565dba578,4
50406a11-aa4e-3bc8-9f7c-3235e1defce6,4
a05813f3-0c38-361a-a624-f1617581b217,4
d4852867-0306-3fef-9d4c-cdea6c7feb8e,4
056f2777-5148-389a-ae57-b6ebf155fc0b,4
2fcc415d-cb11-3e3d-9a7a-3c4eb178f4e2,4
b1624e80-3f81-3d66-b63a-6dbce11d4439,4
b5c38030-51b3-3495-96b9-beb8de743770,4
66278c08-f7db-3340-b1e1-dc549336db85,4
af965b53-202e-3322-be31-2d8edffd8e86,4
fa45f4ef-6cab-3a23-a09c-4d6190bfd069,4
cd063b3a-3e29-37ca-9c71-5e0dd46a57f0,4
fe9d8b49-5246-36f8-a50f-47a566adb7ce,4
476cebf9-5bc8-34a8-988c-0e5b1773caa2,4
b0f3a832-9e06-3ce1-b2af-447495727ad2,4
04c07c9a-09c8-31f5-a2ab-5dfecfd784a6,4
bfa61e34-e398-3fd5-930b-b028aa05c604,4
b6d5f4a0-b323-32e4-a9f9-9edfaa5d0495,4
f20eae68-b74c-3a34-a159-ffc952f7052b,4
9ce18213-1bc1-3cf4-917d-7ff7b30599a5,4
59a9c611-2e2a-3e65-a1f5-8cb8e1cb5d32,4
26870782-9c4a-3aaa-8277-cf65920edd45,4
f1bd4225-784b-340c-8e2b-817b9fc40ecd,4
4f7ef032-9ef4-3433-a5ae-dff9f76ca01e,4
7ebd12a4-4b0e-3037-92b6-814b99d794db,4
162dc39a-1fd9-3a05-9042-54c33e1c235c,4
29a31206-7412-3610-8fbb-a47b246403c1,4
cce4d98a-fd35-3e57-acbb-85ae2c163185,4
a47d89b5-bfb7-3935-b1b4-ddc4b1928827,4
4d9f9f48-4a2c-3da9-8f90-e0dc636bf8b0,4
76b0c180-ba18-39bd-b206-21009c86dbef,4
336dd062-ce08-3210-bb21-9fd4d40749fd,4
38121c78-f5d7-351f-93bb-99a07cf57495,4
66e7a708-3e24-34b6-b4e3-4df7547f9a1b,4
bbad360a-bde3-3384-99de-dbaea1c1f425,4
76a3fc05-d0be-3680-b28f-2394b52426ec,4
4a8435ad-cba1-35ab-8248-2063ad79c8ee,4
aa4a42d5-2f57-3f83-82c8-ce1fffa60799,4
c580c6bc-bdbe-3595-aa16-705a4dca7c38,4
6383b974-cb7a-3e78-b6d9-7bd26ce4eca8,4
ec82b47e-6253-3471-a1c8-9ecd41ceb629,4
23ef3062-58d2-3c23-ab8d-e487a20b76ce,4
48cf791c-3d95-35c2-97dc-a7d30fb5264b,4
d083dad7-6f5b-302c-a1c3-f573423f6406,4
c6e92822-ad96-3bce-8949-d5b0d92e3199,4
49483477-6803-31ed-82ee-50b1f7633b1b,4
c6e53eb7-9e2f-3684-8bf5-ffcea661dc7e,4
b1e19a06-285e-3466-9a6b-b44176cdd6c0,4
7b91f000-d316-35a9-a36e-6c4f03b36e9b,4
8b01f887-836e-3f74-8ecf-bdede504d113,4
a689fbaf-0e0c-3480-8176-b394a7a7e251,4
c6f6d4bd-849b-3661-af01-d661493c05fa,4
d311c3b3-0f74-3926-91e4-58795e3dd572,4
8612b29a-9e27-3931-b44c-d99053d237ff,4
9479fb45-28a0-3cf8-af1a-04657176cd11,4
489a170c-3e2d-3c24-a3ce-3b8a14f48592,4
e9f91940-0b97-34d8-a5f0-03a31735bb0f,4
fedc37bc-a08a-31f4-9244-9e26c3cb69ee,4
948226e5-4f00-3e9b-9a32-8690d4587e2a,4
4a1ea4c6-b967-370c-82eb-9a203cb133a1,4
a0165a19-2877-361e-a00c-780200d7c45b,4
e2e58f0f-598a-33be-adb3-c31402d0d3ed,4
dd32eaa9-a9dc-373d-bb93-de7c29b2afb5,4
1b7c183e-8d73-3d74-beec-7cef6f02442a,4
5d1e269e-7f44-3841-a184-5d93ab1a80f4,4
afd31b22-4e57-32e9-965e-344ada696861,4
02fb753c-cd3f-3c09-a0df-b02dc0d24a7b,4
000e5b1c-3e50-3217-82e4-822399271c6c,4
b12ab6bc-3d18-3ae1-9482-580facc5855c,4
a9bae63c-0045-3dab-958a-8078e03bd10f,4
d97a00df-54fe-30e5-ba29-1bc0817a373e,4
ddddaaf8-b343-3bff-ab8c-1df8885b7fdb,4
f682e8f2-3ca6-3b1e-969a-eb81dcb626fb,4
fe30a7ed-cce8-3c7e-be68-1575279364d3,4
16b9b099-b527-3f7e-bb20-3acd730bcab6,4
d6992770-3e08-3621-b831-e366b0637e40,4
fc5269fa-914c-3220-a7c5-e0b9dd69d814,4
1deb9220-aab3-3f6e-8f93-8fc7f7493a70,4
7cca9657-9cfb-37c6-b476-1f5cd60f0d24,4
a49c793c-2c4f-3360-af88-da8952758841,4
bab0377a-1a78-39ec-b7f4-9e82f4dff151,4
a4f51454-2d81-3ccf-945f-a065acf63b4b,4
2d09dec2-5767-32b2-aba5-3bb327975d52,4
f3f397b8-8e36-37af-8c22-f3c514fe5ac7,4
ae85f9d7-a14e-3352-bed6-f179a187179f,4
07a8a726-6933-3199-ace6-3d8bc581e889,4
6a1b5c65-696c-35fa-812c-42d12a9d01d1,4
42f6daf2-0a2c-3e4c-9a27-ced657c9fb49,4
0afd9a8c-9b6e-3be9-8dc3-612de9b767f8,4
29fce7ce-98b0-3699-b901-c042b438b552,4
ae145eed-19bd-30c2-8990-3b15f834004b,4
7312cc47-3244-3700-88e9-6311b766d2d8,4
40c479f1-a684-3266-9a0a-e8b769b945c9,4
8ccab853-ab53-33e0-993c-21affcc70866,4
8d984a18-05bf-34e3-8cda-98e4b6d41aec,4
5276f321-7dc7-396a-9e7a-704ff142d833,4
db7357bf-6519-3096-8fa6-f2fa1b3db2f5,4
54bc255b-8fa4-3621-b02d-7c0b59e3e49b,4
54c8d1c0-2076-3782-afc4-583788124c00,4
6f0fefb3-23dc-3f2f-ac4f-9e57aa4d09f4,4
f82a8958-3396-3b94-a55a-dc50673fee25,4
18c94ce7-52a7-39ed-a3a9-4ae6d75783b2,4
37d0a1d4-dd0c-36a3-b3ba-49f954ee9b3d,4
9563afd0-5d67-3fc5-9203-cb1b3c1c9705,4
9691c8a3-7362-3f1f-a153-c16ac30d15b5,4
de9273f9-5668-38e7-bcff-c05b5a8d2b0b,4
3347d778-fb7c-34ef-8dd9-61067ed7bb52,4
635b020f-da01-3713-adf4-9649234a03de,4
7bcd5fb2-0425-34e1-9bc8-8c638ac8e9c9,4
62a60a36-36c9-3f63-9edd-3f0d4e35ebb4,4
4fde9316-88b3-379c-a849-fd9e5a2bdf4c,4
2002b9a3-2402-3ffb-a3c3-5a7ec7cb8dd7,4
f20ef162-d482-3d16-beb1-c9c4900ac989,4
287ac536-a47c-3a9e-baf8-794b863083f4,4
ff784f2e-fc5a-3843-bbe1-db614708a6b7,4
02ffd120-8f03-38a2-bb18-4b8555b110e1,4
34261aea-5de8-3674-b529-e9be3bb14553,4
4e60c428-68c7-3255-9e1d-183f4b14af20,4
52e841a0-0a33-37d1-8f7d-2c3d7019fbe0,4
2c3857c9-2684-394f-8f96-936c02ed17fc,4
464a07f4-6747-3c0b-80b5-ef5460994fb7,4
1b50c8e1-d35c-3c85-85ba-576eb5778a43,4
c795f0ee-1bf9-34e9-9578-e2e734c74385,4
90e45804-98e9-353e-b4e0-c9f3f48a493d,4
9dadcd17-5320-39ee-85f2-a7b5306271ed,4
4b7020eb-2a36-3529-914d-0205d7064cdc,4
25ffa285-c728-375f-afce-3f67341f3c57,4
b1b628be-f650-330a-a1ee-314077df5f92,4
6290e389-9ba5-3e28-b645-de78af89b098,4
85c91597-64f0-3e82-b36e-8efe32021fdd,4
b89bd94b-c6be-3bf6-8b65-0daaee7f3a16,4
007041ee-6c01-3ae5-bd3d-a86c1f0d9972,4
49e48b58-039a-329f-b682-b6dbdfdbd214,4
3162be4e-8d7d-3e8d-be13-1ebdc7c4618f,4
b4200555-b4c1-37a7-8c42-c408b0845b3d,4
1477a689-78ce-37c1-a1a2-149d24930147,4
5da786f8-e8ac-3aba-9787-0af06b8dc308,4
e537fbb6-68ce-3637-9022-f62ad309b056,4
ed5e5e55-da79-3787-82b0-5d5dc7bb9c72,4
249b791e-7cd6-3409-bb2b-71013ef627c6,4
a073ad71-6948-3c50-8c1d-a6414cbce9a0,4
9fea5830-cbbe-3685-ac9f-4caa8be1c285,4
3a781f2b-9b8e-3a40-96dd-32d75ac1ce80,4
ba03994e-7e77-39ce-8b7c-30bfc309c545,4
8c173b7f-c429-3b82-9be9-23919ee68df2,4
99b6184a-ad02-3155-b135-325069d9cbad,4
0f3d9806-d239-3ee3-b215-178100b19cc7,4
05d0819a-beb4-3bf5-8bbc-e6516b196123,4
d24ff4de-cb78-3117-8e9e-a910831af45b,4
41f12f85-9f53-3f42-9ed5-c82149b60b53,4
d39c31c8-48df-37b2-9c1f-4b1c92e0c53a,4
98ff99c1-3b71-3841-a92b-59018fdddb26,4
9ebef0a2-eb87-39f6-9ea1-c2ae47e5370c,4
8c624f41-8db2-3806-a301-7c37a742a970,4
41f64cdb-7df0-3bc0-9fb7-79a505896902,4
06b88ba0-f62e-3394-aed2-0db983682975,4
0e32cc4c-c38b-3147-87b4-b282b995840c,4
d3f2b264-1aa5-33db-bb94-3066af79790b,4
fcefa9d8-e17a-3dbf-8beb-79611d34f2bc,4
c06ca77b-2999-3af4-854d-218ada221f48,4
f340a0d6-60be-36c4-9302-eda61a518a53,4
322f29e7-e790-3c93-af59-2c50f558e5ed,4
62d6dafb-eec0-36f3-8ecd-295160ada59b,4
e3aee427-fc4b-345b-bf8d-84ff9b778852,4
045cbfec-6cdf-30d7-a4ef-828523616ea4,4
3173b084-7c9a-305a-bfc0-b63bb89177a1,4
3407ad25-4390-38ae-bae9-574be4a19d09,4
26bd275a-1a53-3cbf-8f97-878c942309c0,4
c7f018ca-28a2-356f-a1b0-d1c03c5c6249,4
b144adcc-c670-32b4-afac-6d88a7249cf0,4
8e4fad9a-d13b-3a24-8754-f8e847cf2943,4
4f7440be-2dee-3ea4-a75c-1783096e677b,4
55b7dd4d-ae2a-3ed8-a2c6-2141b8e5aa6d,4
3c1ebb5c-7274-33e7-84cb-99229cb7a26c,4
5efb961f-753f-3cdd-8c6b-2c53ce074054,4
3e6f44b9-483d-35f2-99cb-3773c965c6cb,4
8553ff00-e38a-348e-9a0b-56ee8b01c537,4
91a94d48-795f-3998-ac7f-ebb2043958b4,4
5734e1cf-681c-3d87-8524-9ec1cf588fe1,4
8e703258-2f91-3106-b2d1-69c1780d1be0,4
0c3c3458-cbb1-35ec-a934-231859281abb,4
363e1eeb-1d48-3fb4-943d-083baafcce59,4
b38ece9f-259f-3300-b89d-de979c3bfefb,4
32b089c3-bbcd-394b-ad00-740359c9d48e,4
267743a7-d37e-323e-a02f-246a6d23d6ca,4
6246b5f7-52f0-3082-89cf-ab592a636cc0,4
82be82c1-3599-3677-b415-321eb71c8dc8,4
485562b2-50b4-3ca0-9edd-32155c51ab66,4
8644622a-77ef-378d-9064-330bfdd9e3c2,4
44ff463e-7129-3ba5-ad7c-aa765f8e0d8e,4
1c87f966-ce99-3925-9caa-3e38178fa856,4
705afa8d-6203-3ba6-88c4-734a97f5e18c,4
332306a9-a632-3470-b98f-29093186241f,4
6c41aaad-56eb-3802-ba99-462685b13954,4
4baf405d-1e44-373b-9ab8-513df14cc9c7,4
ce466616-af03-3639-8bfa-58493ff4cf03,4
1247585d-8a56-3a50-9523-675401c1e8a7,4
71ce3353-134a-3f50-a9c9-4f815889efea,4
4176788d-0590-3c64-ad2e-30a6569053ee,4
d0f8b481-bf45-3725-885f-dccc20372729,4
32ee126b-882f-3f8b-975d-b5467565c9c0,4
04d68236-238c-352f-8551-c48934b01835,4
824bc2d0-9b40-3a65-ba7c-8a2a99d6bf5e,4
a1d284fe-0153-397a-8e9f-806fb5ac90ca,4
a24af72e-b241-3c5c-b79a-85db135ac94d,4
e9100a3d-6dcb-37f7-91c6-23218a93c83a,4
280b654d-7d8f-32ec-8d7b-a4c70b4943a4,4
1907ba35-4005-3546-b268-d832f7f4dcaa,4
66da1ade-f901-3699-865a-16a45fcc3e4e,4
54f221cf-e6a0-3c22-864d-adf14d5de360,4
ebad6284-3d58-3441-99e8-e1daf72c3ff2,4
be9dd8e0-d0f0-35c1-b00a-091da9e552ea,4
e0bb002b-54b0-37fc-9f35-73fbf1f37d8c,4
a8b997ae-5bce-3401-bdb3-5f1d5aa2a59b,4
a8e6d816-dc76-3622-ada6-c037d14ab7c2,4
a1fee322-27f7-3239-9ab6-779ee56e973e,4
c7e57f6c-b03d-3922-a702-1c26edfd2e2a,4
69e996ae-1b40-3d61-8e68-c205f247297b,4
70e469d9-1be1-3369-98f3-8e3d18753c99,4
dd7e1677-8965-3256-8bc5-2c81648711fe,4
56c60781-79b5-3abc-a822-edddf01949c6,4
0c907dca-0c59-3603-a516-52b545bdd9b1,4
5347a1e9-f7e9-3344-9ee5-727d151e5f38,4
d27fd017-9bcc-37f4-98b9-eadcae5f6d1d,4
01f2740d-c580-325b-9596-c10262006c66,4
55dab349-d5d2-3f01-b731-6dff2fb449bc,4
9ef792c7-0116-3046-a315-e4062645d8ec,4
0717c6a8-b5db-35ce-85b1-3f41a3dcb0f5,4
0014f4f2-564c-3ca0-91d0-b63972f99645,4
5527e07e-19c7-32cf-ad65-bafd9ccf4e9c,4
6d421a12-e363-307e-bdcd-06a185ad65a6,4
a8b570ad-7c9e-3f8b-b6c1-669a8edc52f6,4
7dd2d415-308f-350e-a4b7-6e326cb8936a,4
8a6f8f21-b583-34e7-a3e8-e7a51a218ec5,4
7dac85a8-b00b-3f15-94af-a1038f3b78eb,4
e15f6f32-d579-3151-b4b2-2cb7dfeefa34,4
0c613a85-b043-3589-a4d1-d283d71b6787,4
92c4d6f8-5270-3205-91f5-a4acd57cf04e,4
c16ff68c-bb24-3b2c-82b8-032ff034ced9,4
a90f29c8-5042-3041-8c37-45d99204b620,4
d2b3b109-e89f-355f-ad7d-b74b8eac79b4,4
52122753-d6a7-356a-a6b0-6a770650a311,4
59105cdc-1b76-3648-a9f9-d17e7516b7e8,4
99237b03-5601-3ae3-a519-e7f4e49820f6,4
c6296ddf-cc71-338b-b217-c67d15898a95,4
242a1a3e-50dc-3e60-acde-11464f5d2d02,4
3afe3e9b-d12e-3fa7-acf6-43832fb066fa,4
c46de6d1-e241-3fc3-b573-b35fb9d88a3a,4
cec69729-4175-382b-9c1e-fd924df85e61,4
17d665d2-975a-38af-a085-c4590bb6e8fe,4
8f599923-76b6-3db5-b41c-75aedac88b1e,4
2a9fafe4-2a01-3218-9269-ddadc84348d3,4
5d9d1f88-e046-34a5-90a3-b2d235485e24,4
fcc928d7-def6-37bf-9646-b58e35a1eaef,4
0e578b32-c5ad-323c-8b0d-40796d5ce47b,4
6bc15e72-fede-3c8c-83d9-aa45900eccce,4
1ba903d6-1c4c-33d8-aef7-67271c808e72,4
cf01a1b8-4fca-3557-be1d-ddbbd4275b6e,4
242f446a-52ac-385f-981e-6f388c61714c,4
fcc83221-45f4-32b1-aab6-a18837c70a7c,4
d3d000f0-e138-3758-91e9-9567019688ae,4
692c5e4e-3d30-3831-8130-77dddddabcf3,4
599bbf3e-142e-3c4d-a70c-92f08e1e3223,4
79df9f75-7d9c-36dd-8549-fc7fd0304b97,4
891523cb-881a-347f-ac7c-1780443c51d7,4
1d5c619b-da50-33d5-a0f2-cb4a317135ff,4
b50ee163-0946-3b58-bb35-5acf1954a015,4
e4c28766-fb7a-32f3-ba14-305f38df4791,4
3d92c9fe-4b97-3f74-8c57-54822fdb09a0,4
33349412-94cc-33b4-b4ce-a02616139925,4
043add92-e547-3b9d-89d4-c8568f5908a4,4
c4bb2236-b51a-3b07-888e-42a248498f47,4
0670c22a-9df7-3c09-a5cd-4e9c9d482cae,4
92413812-4556-3a42-9f4a-473cb669b60a,4
9052a6c6-a8c1-3a0d-9210-1ca478b7e7cf,4
d6ab8b9b-4015-3994-a786-4e9725fba7c7,4
3128673e-af4d-3333-b794-731b929b8b9e,4
1f3b43c2-61c9-3b1a-8307-e36c5528fe50,4
49ef7ece-8210-3fd0-9c8f-55c06b13688e,4
1516f142-b2eb-38eb-82f9-8ca026c3b048,4
e77c5833-0ff2-318c-aafc-1325042f63aa,4
248eb9b9-9abd-3d91-8c73-51c39d78f459,4
50eaedb6-cefc-31b8-80eb-3b99b05e66f8,4
953eed20-66f0-333c-914d-b22beacb2571,4
53449c52-ea7c-3fa6-b1af-662742b6e335,4
7689d352-c44c-3682-8e15-2a157785d19a,4
06ccd9f9-3298-3bba-a7e9-cc5ffaf2c418,4
bf67d668-94eb-3325-9c5c-d4c387a14cef,4
1b7303cf-de5b-347d-b460-d2e61e162dbc,4
07953ac6-1984-3ae8-9c7a-2ed31b6ca591,4
bc784407-63cd-37a8-8cbe-0a02f4bd0c90,4
4457eb80-2e32-34c4-8a37-74ad89482bee,4
fa47f5e0-b65b-36f1-81bf-de53d10a18e8,4
d38044c7-51b2-3d85-ae67-787c928408f9,4
08421963-9b45-31fd-9581-a2a914470d83,4
3164974c-e119-3fe0-94a5-92d3ff194641,4
e3deef1d-b8ca-3be6-a307-575029827790,4
3f8e01a4-6caa-3221-beda-1cdc9000a530,4
4501f678-15a3-364c-a654-ecaef7daa707,4
d9a7699f-3b47-3fcb-bc0b-0daf0cd3f308,4
fb34a044-f1f0-37f2-b49c-c827aed912f1,4
a8f2cf2f-77ec-3bdb-8aef-5fd30909b101,4
3945fd54-539a-3676-bec2-dd6f5e5f0df2,4
7234721a-1674-32ba-ae92-2c14937589b4,4
c9b8727c-8b2d-3194-afa3-88c48cda3ed8,4
464e3525-1df6-3f94-9624-955f560cec3b,4
1de1da71-d117-3c08-87da-e6b8e65b757d,4
4cf13df8-d0d7-3e5b-8945-1b7c3340c84e,4
16a796ac-c56f-3f1b-a9ff-3bcc5c13b1c1,4
615391f2-f627-395e-9643-cf3f676adbdc,4
41c36b6f-bd22-3157-8230-96623d8f7182,4
d9c541df-2e09-3a38-948d-f74b6010f0f8,4
2ad731f5-01bb-3662-9673-b6b79d5a1d6f,4
a9274603-76fe-3802-8059-0234b97dfc50,4
faa04e3b-8700-3bce-851b-180b9b8fd749,4
54114bd9-6532-39a9-be65-e6857a3870f2,4
e581cc63-96af-3048-b0c6-fbbaf07ded3f,4
4b810391-4d5b-3233-bd6e-a48d0c5dc2f4,4
707d24f6-6503-3d1a-8fc1-130727e2531c,4
0a00f4a0-0de1-34b2-a5d3-8989be1243d9,4
e01023a5-dd92-3d47-863e-1c224092dda4,4
559a10d4-e8ab-3540-973d-1f2e8c090d77,4
3e4f9f11-8433-38b1-934c-c2cbb82d5e3e,4
9d3dd601-40f4-3e06-9e20-be4b98707f6e,4
3e2b8d34-b66e-32db-b794-df395f79e109,4
cf043676-384f-3881-9d77-f47fe95e08ac,4
d63aab4d-76ea-38a3-b131-74e2548e94e1,4
ad7f1a93-1d98-3d4d-83f7-cca922416815,4
bd91b5bf-b974-3e14-9660-e603a9624c09,4
4f281590-6880-362a-9c46-38f23dd91c61,4
1677c3ef-66b3-31f9-9236-88b5caa37978,4
0393d162-abca-3915-b26d-c776729ec8ca,4
adca9f76-72e7-36eb-8746-4092a4daac8a,4
f77cf6b1-1b9d-38c4-aa07-444cce117042,4
d8bc5a05-8b23-359a-9eab-31bdd01493b6,4
037fff1a-d6ec-32b1-9a60-f230d7c0d12a,4
0c90b161-4f3c-311b-bbb8-48a62f62faba,4
1b904868-c45a-3dcb-b578-2e6d73f5404d,4
524965c3-fe1c-3104-8191-eaa7cd838cb2,4
d1d589bc-4830-34ec-a1cb-2cb4bb61e233,4
3affe6ea-7f40-3f3b-9a8b-d683c65b384d,4
32a1336b-2784-3a36-9999-d90cbeef4d51,4
7d8bcfb3-b655-354e-8741-558a2a0223e2,4
9ab094da-da1f-3a90-9ab6-ef968c65ec7f,4
e7792009-67a9-37f2-bda9-9ba5069edf76,4
81a152eb-e7f1-311b-b8bc-62198dbc9afe,4
a499ef31-6f1a-3bf3-a168-62e55568dd23,4
5637aaef-e95e-3eb6-bec2-5ffc4734cd7d,4
87e442eb-f2ef-3d97-9d02-f3104ae387b7,4
49f1ed5e-4eb3-3895-87fa-85e6819d8ffd,4
1f812867-54ea-3b8c-8369-7023674a33f1,4
f7515b9a-1f93-3c82-8e1b-c5bdd89bf52d,4
0dcd8b5e-4b99-3d0f-881d-f729cfa98e85,4
b18537fb-d2b2-3476-95f3-e872d3301e50,4
6eef2cc4-615f-39d3-9aa6-647bda67e85f,4
488f6271-4db0-361b-94c4-47288cfb1e59,4
f04dd0e1-519e-3476-93f7-d933ec473b97,4
4640373b-5c1a-3172-a509-d493f6897934,4
95b75620-d97f-3086-b081-3b7b4b0f66a3,4
0dfabf78-91d0-3fb0-9c93-f7a5b0cf9233,4
a3b78bda-77d7-35ba-9c0c-999d0194d55f,4
5b043602-a6a7-3fe1-ba29-259d6b8f6dcf,4
0862d874-f14c-307c-9fda-93cea01724b0,4
ca73845a-78a6-3cb6-a417-6e8dbb03a5bb,4
997a61c4-5757-30b9-833a-1253706cb0d8,4
387a9275-89fe-35bb-8809-918284aaa069,4
838fb796-a38c-3bbd-9980-4c28a6d5b84e,4
03fbaac5-7f19-3122-add1-70e2b123a070,4
fda56f38-35da-300e-9194-749a384daa72,4
ccc03372-a42f-379e-9fe0-a6fd2c82e3e6,4
51e76bec-28d7-3121-8680-5ea01866e084,4
025e7269-a48b-3094-a8a3-9462f6b95125,4
564549ac-ec6b-3f86-a674-e3361d20f740,4
d3281168-697d-348f-a6e4-dcf8f7e4754f,4
64c54777-e913-3c2c-b770-fb69828647d3,4
bf179339-d2ea-335c-b402-b684502fcd9e,4
b320a757-7282-34d1-9867-e2bb8891b907,4
aefb3bda-4887-3a85-bb36-ef3c94c648d4,4
b43863bd-823a-3f1d-8817-199f7598b1cb,4
9938cea3-3d2d-3dbc-b96f-de69b9eec282,4
f10bd0ba-710c-3ab9-a769-fcb34293a003,4
4fcf5791-86f2-30cf-a56c-6a1a807e6b5e,4
ab5ab0cc-b03a-3935-a2d9-8c19162325ae,4
2a039c9c-84c5-31f8-8e1f-ef07f3b55840,4
273fc1a2-9e24-30dc-978a-546c88597f0c,4
9111768d-b4c9-3a3b-ba90-5867267baa9f,4
da2b9120-633e-357c-97a0-f51f4f851d2b,4
548442de-cfbc-3c53-b196-b87ab6b9facf,4
fe88a074-d6bb-3966-be82-8293e2abb622,4
bd1c69cc-1eba-36e3-9a4b-04cfb7d32cb5,4
de4099cf-c008-3f57-ae7e-7f443023a0cf,4
04cd1ab3-e462-3abe-921f-1011aec450a7,4
0364b31a-2bcd-39d6-96c1-63f6a50e758e,4
3515ed58-d17f-327f-ab88-f3aef0a84a49,4
e0c49a63-a5ee-380c-bab7-fbd64846ee0a,4
c73c87b5-e951-3926-a65f-b12715bc1359,4
d7d1a4e1-9a55-323d-a21b-3137a4512696,4
546cf26b-2f8f-3f46-8d94-8c35f0a169c1,4
f4a5d90b-5743-3290-bdeb-e0e2e1acbb7f,4
c8dddd0c-1cd3-351b-80c1-f1a4d6527b09,4
03490f62-1221-3c8d-840c-bf05aa2870f3,4
068309f1-d269-36c3-9acd-f956600e7792,4
96a0fb9d-a4f6-38ef-a59e-4a08f6dbb9bb,4
3a7295ee-11a0-322b-8870-b16f0c4b046e,4
6b1ba108-8f01-3b36-87e4-f8e35d9e79e7,4
3c7f1a3c-d138-3679-adf9-9b1f917103af,4
2b498c13-9f67-3551-9629-60a8cbfbb9f2,4
318800bf-1fd9-3954-99ad-863916cd49ae,4
ea0c5dc7-1095-3fac-92a1-7e6e2806c801,4
297c19fb-d8a7-3067-a753-6fdd40316b07,4
fc8952e1-add6-39b5-becd-28c56f4356f3,4
90f1a505-b6cd-3e10-b757-f45b9a1509c1,4
cfa8f05a-3396-31e5-ae15-1db4bc724e67,4
84a5514c-686a-31e4-b5a8-3a7a2e4cedba,4
a460a8ad-b486-3b4d-a827-27eca56057af,4
959f4f41-daae-3952-8b4f-396a48792e94,4
c2f6d1a8-7c9c-319a-ba49-98d9276f7d0a,4
5bcdf7f3-c4a8-3ab3-86f0-32d8ec611a49,4
2130147a-c495-3810-9956-205908ba084c,4
af044fbc-6933-3821-9e92-34c1a667b7e4,4
daade718-c896-3ac3-9437-8f350f528a5b,4
ba89788d-cbe8-3020-82a8-ff62a20e331f,4
062573f4-8466-3b08-9b9d-dc2d72046f26,4
325bd568-64a2-3598-ba21-1ae2b498f269,4
fcf31348-a517-33af-8383-6b3d0899961e,4
14f70a80-9f5c-36ac-ba88-fbbace578ab6,4
9c707e2b-3ef6-3eb7-a1e1-314a68b2feb1,4
7aef4664-b376-377f-804e-52e8218d8739,4
c5118665-af30-3b2c-8bb5-54c951203870,4
f1cb48b9-6b9a-384b-988c-fc27969aee4c,4
7b8fd03f-e5e2-33d6-83a8-d138123eccf0,4
432aaad3-157c-3723-b042-533c89dc2836,4
4c970898-056b-38ec-b595-90d78c94d010,4
30468002-2906-3ec5-8894-36025664ba93,4
92b5ee27-da40-3d38-83c0-35c26d8253a2,4
13dcc1b8-ae51-3cea-ab2d-8f0186271c20,4
59103618-61a1-3a75-a97e-a0ccd0e8cc7b,4
1ef766da-bcb9-36d5-959c-73ce09c7ee2a,4
d1dcbb3e-ede5-374d-ade6-a4dab8eb417e,4
a2a9ee38-1c19-39b7-ac5e-8cecc2ad942e,4
00808aa6-1d67-3946-b0e7-cac12c14be6c,4
3aed003e-5a66-38df-a955-4e4d606c6e9f,4
520827ff-480d-331a-a761-90f2213cf809,4
8c7e2525-d3e5-3c2d-bb00-26affd4bbd80,4
09b8dddf-e87f-397c-a73a-ac354be2d11f,4
dcb6c8f0-3324-3300-9e00-232036191661,4
96a82428-26b1-3bcb-a1c9-95bef18f4aa2,4
052f2096-9dcc-36f7-b568-7cab1b1e30a6,4
6f9a154d-b2d2-3bc8-82e3-2554d2bc36dd,4
46c6c816-5e05-3a9c-bbc9-9de73cf2c193,4
2bc06a31-a61f-3f5b-b9e8-d944f4a2ae7e,4
cc562e53-587a-3477-b62a-473e6246e794,4
9d4b7716-dfa2-350c-9a88-75b8f29106c9,4
94c3852a-ae4f-34b8-9a39-75642bd73210,4
cd37dfe5-83d4-3890-a47b-30714e50fc42,4
ce595af5-fd85-31db-850b-3b5e5bdc33c0,4
5c44e229-3272-3ae7-80cf-09f1e16c52f0,4
2df47545-09a7-3cb7-8dc7-ac2fa6856d6d,4
d73f7d2d-790d-35ac-8a36-94d9f4e09054,4
d53d5356-3ebb-359f-8811-39b03e749a4d,4
22321508-7dfa-33ac-99fc-edf74909d603,4
5d1be6bb-2781-396f-9508-5e9969e0822b,4
55d665b2-de23-3458-b4cd-a7a80d62a38b,4
5df7c2ba-44cc-3087-a72c-fca6d3e714cb,4
b1c6a1d1-7796-31f1-9bbc-b18af20895ad,4
02e20da3-8cc2-3a07-a671-7a3e82f342e4,4
ee4bb0db-74d6-394a-a839-403e5ac51c5d,4
22a40e9e-2267-36d7-8c8e-e447f33e13f7,4
9008ab2c-4458-3cef-9a44-b552e4e3949f,4
d26b26e6-ed04-3d15-86dd-9a6e9354ea33,4
ebcd4527-258c-3d2c-b5ef-53a44baf370b,4
0c44db50-8d15-3aea-97c7-f0bc41f8c4bd,4
35339548-d687-3708-97e5-b956f96638fd,4
23652a25-3a7d-3847-9531-1e88aa9f1352,4
2b855660-cb71-35e2-b497-f2c78893dff6,4
6ed3bd34-e2b7-3feb-99b9-234aba910a32,4
6fe1d02d-9d53-3512-9330-ec322dc1e439,4
516b4e24-84a4-3914-819d-22f5c89f6d96,4
914341b8-9a98-365e-9357-b74d5c7c400e,4
3db7298e-d17e-331c-93cf-b88b14498d6c,4
27d1ac0f-38d0-3b85-b6c9-fc2761b3121c,4
e7b9bc8f-6cff-374e-81eb-119bc83a15c3,4
6993cd1a-5ba7-3f3d-b63e-fabe454e8ac3,4
6cf6b125-7dc9-3620-8cc9-a7c4d73ff6b8,4
5593a3cf-57e8-318c-a13f-a945b4f141f5,4
50d37d3f-8fa6-3ee4-a53e-28dab9f2d4c4,4
b79f4d4b-7a07-3a0a-ae3f-e59eaf901f45,4
36afe584-5cd3-31c0-a4d0-5976e6a0f268,4
26a776f6-5b43-3f1d-a039-6baa1ec706c4,4
53f2951c-709b-363c-a0f5-082938c48869,4
db97b654-188a-381c-9527-2a0bac68764d,4
43af2589-a65b-33d7-8933-9cf7a739baea,4
37c20a61-a9f2-3ac5-a67a-1f461cefba7a,4
55cf4bcb-3665-39fd-827e-456fef2ad056,4
17aa223f-527b-389d-af2f-38550574c825,4
54b2063e-def9-3d7b-bfb7-085e27bd1df6,4
8a61d74b-dd0b-3cfb-9926-4b877c14db2f,4
959b2db6-2028-3d25-96cc-159d9469b257,4
a9e0b85a-cda3-3399-b6f4-475310053f84,4
951e4f07-8703-3fae-8ee4-4cb03f079b93,4
a523e76b-a8e3-33a9-95ed-3b2c54631bbe,4
e95b82c1-93bf-349c-9086-a5272e00332f,4
db54a69e-a2c2-3e1e-97d3-969afddd9d9e,4
3ef0f23c-2560-37bc-85fe-a48053cedae9,4
a5aca153-ed5c-3264-a2a2-30f5d9db95f1,4
c47a4ea4-ed34-33e5-91b1-8cdf89295279,4
fa2b46c4-9df0-35f7-b4be-191e71adc8e0,4
cf619c70-95c8-35d0-b3f0-fc7a5bbd9865,4
983659d8-033c-39c2-9963-1608d88a6975,4
70beb62c-5bc5-32b9-8602-607a921afa20,4
7d9504b0-8f3e-3d80-aeb4-2a522732fea0,4
135d6b82-4fd3-3a47-8823-65f0bd6fa889,4
a82789d1-98d0-33cb-bc23-511f4bf9d27c,4
2bd93d51-a7e4-3419-b8b8-1d3d11618351,4
a84a5677-2583-3883-9931-707503fd1639,4
065f9194-397b-372a-a242-0aeeb9ae9897,4
353b28ea-5c70-3d4b-b198-0ef71468efd8,4
5c6f43fc-d827-3f04-bf26-1d26b774c903,4
8115af2c-47a0-32c5-9198-a68544a6aff1,4
b04adf96-ab55-351f-9cee-35d334e72cd4,4
82f48d97-ea8f-3e92-afb4-9829457a2e15,4
5f2ef20e-97a5-3099-acc0-8f517663b89f,4
64ec6f29-6ea4-36dc-afc9-87c42d1584c5,4
8a87f14b-3c5e-312d-81a1-51d374564687,4
4f177de6-3aa9-32b5-bee0-db681bc0fd7a,4
481874d1-2717-38d7-8637-46d817a8b919,4
22e82203-ef6c-3248-b966-80ccddd161a9,4
7b14cb4c-98f5-315a-ab82-03a00558e2c7,4
6d228e54-273d-3e32-822c-f33e903f8330,4
f486be70-639a-3ea1-9d9a-5760187bd378,4
a2bd08ff-d545-37c7-86bf-08f7eed245d7,4
8868076c-946a-3a9c-b13b-24f9e1a6d1cb,4
2464a2b3-28b6-337c-b9e7-b97e71229033,4
cbc39621-d658-33b4-8b5b-159bc5901ae6,4
3625203f-f894-3de1-bd36-058829d094cf,4
6b9d7c13-9163-3404-9c7d-365f6615dc55,4
23a90112-ba15-3a36-9d12-36b1e8b3e637,4
10f4117e-4ca2-3326-b530-629f29891c8d,4
1cfc6d90-79c5-3db3-ad45-124ba3bd1cbf,4
b4ef973b-04e1-3868-91cd-d37fe581414d,4
d1f26a67-e4c6-36bc-a9c7-e0fde18c6101,4
3c1bfb78-e8ca-350a-8a29-748a5d5c3b31,4
34140276-d455-36a0-82d1-6c9ab4466f94,4
9f6d7874-8e91-3637-8161-56bb4f104da2,4
bd4e1f65-19d6-34b5-a1d9-95dce8e64797,4
c1c54560-20db-33ba-aff1-da5b6a86204e,4
16c44623-9e18-3e26-97ee-13af516d1c1b,4
994b8e36-0f0d-332d-ace4-888d271f0aa7,4
9d77f28f-bfcd-3e8f-bcea-b8472bb5fbfc,4
706cdcd1-becd-3987-a800-18bcedf0bb99,4
d2ed87c4-7707-3eda-80e3-cef79baa8f55,4
194eead9-23e6-385f-b89d-50cb4ddbff7c,4
bfb36720-b7cf-304b-b3c6-d95a7c51ef2b,4
e9c2f6b7-5b63-333a-8a71-980d3552ee74,4
39d6a280-d6d1-3f6a-a99a-9cf6943ca949,4
0c321a8c-f7c3-3641-a206-77383f40ce19,4
df100d66-3b36-3919-bb70-c4633fdf9aa9,4
a617dc6d-c483-30eb-bdce-83eb4eac7afd,4
b5231156-aaca-3a6f-88cd-7d565a73aa46,4
94668b1b-0d82-374e-b2dd-846e41676ca1,4
cb70f87b-010e-376c-bcb8-c169f5051e39,4
a4e5281e-7510-3a20-a244-9eda3d079d75,4
9e47c2d1-7a13-3060-a601-be42b70966e4,4
c4d8d809-4b5c-3936-b627-06a1c9fad484,4
3edd8756-7649-3c3c-a2e2-8c691f5a370e,4
e686b60b-ba67-3330-a91a-c4ee1dda6f93,4
124d3a93-7c8e-36c8-b51d-f799488d30c9,4
e6d897e5-3957-3022-ad0c-21ecb2fcc02e,4
57bcc1c4-a908-3407-8235-00cb4d4d3d1a,4
208f5632-61c3-3a84-b8e3-99b57b5338e8,4
7c265e31-5707-35e3-b956-f8a211586087,4
12278cbf-eca2-3cfc-9568-e34664a2a43c,4
ca4d7d42-ee5f-36f3-940b-cec04ca1e4d0,4
9f7bde4f-7540-3c0f-ab41-b054afcb7d48,4
0d470f17-8642-3164-9f60-a419f879c88e,4
43372ace-743e-343d-be6b-66efe968f34b,4
553fb86e-cef6-32fb-a579-451850412be0,4
f32ad8a0-08ab-3fce-9aef-b7cf42a533eb,4
2ad2a3e8-981c-3c61-821a-41568802f36d,4
a70cca3f-82b8-3935-8cd6-420889c09ae4,4
64dede2c-fe38-3c4b-963f-3431cc586450,4
b91427c8-b19f-3af1-bf22-bf0b74dd2cea,4
fbe908a6-fa6c-3ca7-ada9-0e7a30ab4b00,4
ec10747d-76d8-32fc-8a4c-b129bf294a3c,4
f6785cb8-6da4-38fd-8cd7-e73d4cf5660c,4
3c1beaf2-7b0c-39f4-a604-267183f51e3a,4
819b0cde-1b9c-3b1c-8917-66038e4cb367,4
a1f46e91-7002-3b9b-9a49-821c499a741d,4
1706bb86-86de-3dd8-baa3-6129f86b6d32,4
7d61b647-2616-3c03-84c2-721d53f44175,4
2a76f3df-d6fb-38a9-891a-bc77ea90a120,4
d2cedf49-149a-3425-b585-e41d928764c9,4
d519e2db-d39d-39c8-810e-ee547205aa36,4
3abfb854-b01d-32ec-9799-f4b0b150e17d,4
11f6c8cf-ce78-3cd1-ba8c-bd00011cc774,4
fe0214df-07fe-3107-aaa5-c1756164c3c7,4
b77b27bb-1c94-3f3c-ac1d-68c1bb004d4c,4
00d38754-113e-3a4e-99e1-9b5e2fc853ee,4
f147efb0-f7c5-396c-971d-c67e59f71270,4
b87f0e7c-8a72-34b5-a0a5-24ebf8985796,4
581e4cbb-284d-32ad-b39c-570ab82136ec,4
fb7de354-c7fd-3502-9710-d9a586b62882,4
5679c25d-373f-3184-994a-7ee849884eb5,4
2c8c2e27-ce31-3324-bb37-17daeac84966,4
3e0f6ef2-d5cf-32e3-8be2-568e7a0a386b,4
c65b6b6b-bece-3f0b-925a-4a6ef5909473,4
bb9c4b71-fa24-3ad5-b3c4-99f9070db3e3,4
8c9a2813-9f05-337a-8dba-dd85d07e303e,4
fb547480-71a0-38ae-9d30-50408411d241,4
9e050919-cf49-35a3-8162-9836c1e8c287,4
a46e620a-07dd-3b1c-874c-4ebda123c78e,4
7d4f4d13-f2de-3be0-bf5b-6390e864262f,4
d40d725d-7632-3c0d-918c-04e7cd4d51a6,4
8d0ab756-5efd-344c-b0c3-dc2f87b1f9ca,4
51a964ec-9097-3508-96b2-a45a189aec3b,4
65c76e93-da24-3f29-87fa-d63c6e2ad1ed,4
7e513d92-5438-3bf9-af9e-4e0657a6f72f,4
3161a2fd-20c4-3398-9858-54996148810e,4
0f737915-e988-3bc3-99bd-18fdd5563b17,4
fa1dc278-004f-313b-b205-040859737dba,4
856c53a9-5931-34d3-824b-2ab9b4096254,4
88f97f4d-0e53-36ad-b858-c783495f6b5a,4
0e801d39-cbca-34b1-8b07-cff531da2996,4
877de119-22fb-3252-915f-2bf7cbf7cf62,4
59f03759-e632-3080-a3e9-e52fb259dc04,4
cb046b93-7680-30e0-ae03-93f39aa74019,4
f6a3149f-1fec-37bf-9828-832cac00652d,4
9abd5fa9-8de8-32ab-9da9-0a00ca722d64,4
d61bf090-6cb5-37a7-994e-6ae078e50a38,4
a322a367-2649-34c9-ae77-36763ca5f4ec,4
20e08bcd-90a9-3d10-a22b-d3b79274d80f,4
4d204743-e0ad-304d-a941-711ccfa06a86,4
1163bcd8-02da-3547-abc6-357e7af2cb16,4
f1f2000e-8e59-3bb4-8e69-58a4ee6b408c,4
915a2cd7-ff55-3879-8b78-2dc0150c0410,4
abb1cc0c-58f3-3ad3-a582-ea4adac232d0,4
044fd4f0-cce7-3c2e-a118-d5b158481fd3,4
79f9764d-bbf6-34dd-96e6-21b3edd71573,4
fd902677-fc66-35de-8dfe-d36cf4586cd2,4
760be4d7-c2f2-3c48-b58a-352c699d014c,4
224d5b7e-8be3-3322-81a1-c0dd3516771c,4
0cde2d65-eb58-3140-b157-f0619b210ac2,4
426f84f0-6f30-3d73-8005-b55ff536759f,4
0ad683e9-844d-37a7-818b-0f4eefb29bea,4
505230a4-b3af-3cda-bdc2-74a02b0f5eae,4
8e19cac9-2e9b-3c91-af3d-bf9c7b816ffe,4
e2ea906d-ac2c-3c26-8143-b516e5ee9f06,4
55c9645c-7a6b-364a-9c7e-b3bfba9fa1b2,4
3b358319-2b21-38b9-abca-b8a2e5d5c0b7,4
4c923636-51ab-3936-8ef6-7615dbbef24b,4
1f44aa19-fe1b-377d-a48e-c2dde32f94cb,4
5a19b068-8ae3-35a9-8884-b31dd8e1f4ab,4
c065e38e-3ecf-3e3d-8c0f-02f06e5a2c07,4
8797bf02-f27c-32f3-a8ed-499f7d36febf,4
a4ab8aad-db3b-35c8-a1cf-aa7cafcccefc,4
0c6cac60-975f-3561-aee0-24f06e78bfc0,4
a405bae5-9856-3b5c-82dd-dd8e12bace10,4
4214ca62-ef01-366a-a3c4-3ff95c34c87e,4
df4a41ef-630f-3082-8057-869a89cf6114,4
d4edddc7-de58-389b-b500-f15831db3fd8,4
44454534-f9f0-3ee9-a4a2-3d6f7ea9105d,4
d9f38c41-f022-3dea-a9ae-644ec15301e0,4
d3e432a8-2512-317b-96a3-8db8d4eaf8fb,4
3d91590b-b2f4-326f-b778-871ef8fdd4b2,4
442a306f-a242-39ca-9c0d-efe55674f23e,4
5f0fa05a-2fd7-3d91-a7c2-f5a2148b53a9,4
1ce76d79-1265-3633-b2f8-a8d1442baf97,4
f5660479-f123-3884-b8c7-d725fde400bb,4
75bc7219-dcbc-3079-a6fc-0b5dabc8ec5d,4
9720b0d5-51da-3689-9811-e0b7443084d6,4
1991379a-3b8d-381d-9fed-0151e41186bc,4
fde4c3b4-be0e-3cfc-831e-685ddc463e7c,4
dd4608d0-a16c-36f5-9ce2-18ac5b8c1a60,4
fb66f861-d96d-3a08-ac5f-04ba385813f4,4
cf662b4e-0ad1-334d-a881-e4130dde2221,4
7af43acc-9acb-35ea-8dcc-fabe6fa19822,4
04ce7891-bf02-3d8f-8b9b-a665f573abc4,4
cde79e44-dd0f-3ab8-a193-40d777f303ed,4
12b378e6-af1f-3d70-b49b-5c628146401c,4
2f40de09-7831-3b3a-a039-a34ec4a81975,4
323bf5f6-267d-3b03-aa9b-9b8fea0ddef6,4
9a56e4bc-f2af-3a54-8489-6a3e3466fd2b,4
6a7783c0-0651-3694-a16d-fa52f586b2be,4
056295b3-6dc6-36b4-86ca-2244aafba161,4
52157dfe-a843-3126-b91a-4805190174e5,4
9c861463-ae3f-36ce-b3f4-72bf6e389911,4
d0d6e1d6-65c3-3d63-978c-ec40767a0b76,4
6398ccf7-84c1-3715-aeb3-d6005af6e3c5,4
7edb7d7c-03db-3983-9bfb-85892bd07fba,4
e13f04c1-86f0-3e14-ab21-c398823da78c,4
b652a776-0935-391b-a02f-a6774d06e922,4
9693bbc0-aa0f-37e5-9256-176974151301,4
18a5d7bf-1c55-38cf-b330-e30649bd9511,4
b33abc96-d0f8-3f57-b9e2-e6d3633a86fd,4
b7bfb4fa-0994-3902-8ebc-a527d6a03f75,4
3d61c374-546d-3a71-9f37-bae68037685d,4
c204a52a-c1cd-3dee-a769-1a2ac6bba810,4
191e5552-ddd7-36d6-9284-eb70332846d1,4
0717d136-3a26-31ef-b479-43f5e3eed97a,4
5aaf15d8-faec-3c01-96c4-78f231958331,4
c516dd02-a0f4-3d87-9144-2c8870dbb896,4
fb545365-5d83-3829-a86e-83e9903c6b94,4
193824f4-2d91-3dd2-ac2a-29f81bfee6d7,4
2b7d6450-8e71-38fa-92fc-a9ac992b1fc7,4
2306cc92-d41e-3985-879d-89c6798db035,4
c6948049-5b2a-3a91-afa8-dd95a6d3e3a0,4
30b470c4-bfd7-3e59-abe2-36d2bf5d8f34,4
c0cef45b-8b93-32a4-bc11-3d58afa03b0e,4
52069709-5c18-383f-b4d4-de7d604734a7,4
c23b4ad6-3993-3ebe-a2ea-337618e7e2c7,4
6e7188b6-d1ca-3816-a7b4-40fc5e3dd40b,4
5d201401-82d6-3fcc-b35d-526038e6b0ae,4
2e45e1a3-eb91-3eed-b28a-dda2bfc8cbb5,4
d910e3ba-b75d-36e2-a2eb-4b50a39d9a98,4
b3b0a264-daf9-36ae-919e-c28f98b61c4d,4
34878a66-f41f-30bc-86b0-8dcc2ad9e007,4
6f9a6afb-76ad-396c-a01a-9ff6a7fe4384,4
2e5c20c4-16a0-338f-bee1-888f134eaafd,4
56b1bbca-b5a3-3fde-9c53-fdd63a6ff26d,4
856ad89f-4754-32a7-a086-7c24269e6ad9,4
0263c64b-c53e-3f01-b0d7-5c6e09882fd2,4
207290b4-fd09-381b-b226-c10e4aa1b46c,4
90123af2-c47b-3916-8af5-0b6b075c3f73,4
c1562f1b-b4cb-3e50-a1cb-c17f06b11e79,4
be58a215-5da6-3fcf-8d12-160c524ba20e,4
f3db3b54-397c-341f-9b96-6bac563eef3a,4
a63c0d1e-9bd8-3f1d-8792-c8c4320f0088,4
9c721916-25fe-37b8-a57a-d0497c577947,4
50ad835f-d926-3a47-a5ab-6145760940f2,4
32afd9a2-7f29-35aa-a0ec-a9038ebd4110,4
ad483f8a-28a8-37a9-bf62-ad9057db28e9,4
f0ed856f-6e34-30d3-b720-e24d9d8d1db2,4
821e0472-60cc-3961-a840-7e45c43a7d94,4
c405bf3a-47f9-3a5d-852b-eb276ca4e638,4
e26f3195-14aa-3d8f-93cf-3e8256ef4806,4
bfc21aa5-8009-3b3f-9cf8-4fc9e0b9c7e6,4
d1dc0a64-26db-305a-8dd2-6debe8de1ee5,4
e60d15ef-1545-3afc-956f-ce21210cebbd,4
b46f5bc9-8ccb-3f02-bb46-203d263ae32a,4
45af8132-75d4-3d43-80c1-39b08bef2882,4
a51a053f-8392-3455-b199-1bada460c52e,4
bfd2249a-1f44-3db3-8f7e-d178a77c3276,4
22c711c4-70a8-3327-a222-66606bb66b18,4
b899a531-abf0-3a49-8869-89276ab32e52,4
f0af1c43-19cc-348e-8a24-a36c7cd08ea9,4
2d8440ea-0086-3a03-bf01-86d46b5f9abd,4
e0bf0d35-8f79-390a-a2b3-40d72f5754f8,4
8a760332-2f1f-30d4-b7a3-6be3ac201832,4
6e67122b-12e2-3e5f-8d2b-69c50b75c8d2,4
b17b4c31-bab0-3149-b3c9-4c76ab9afaf5,4
20d5c719-3635-333c-b852-7ad8e0d2d96b,4
e5fc73ba-2e93-38e4-ad93-327b1bc84e64,4
dfb6a723-1c43-34ce-b5b6-4254b7190159,4
35a551a2-381b-3a80-8f93-d14f95ff35dd,4
9469916f-3fc7-32be-8deb-35540448abaf,4
a8951bc7-f53f-308e-b22a-7f7a039dd14f,4
106d0676-0568-356f-99a0-dcee7b3671c1,4
9cb60b99-014c-3b7c-a53f-6ea3fa829180,4
2efd99f2-9ca8-351c-bbc7-1f461db4b563,4
74c9a8e0-3f77-3b53-b4ec-3af4aece077c,4
5d410736-6e0c-31a5-a43b-65635e27e2ed,4
92504a3a-6389-3554-80fa-4894978c23dd,4
e48fbed9-cbd8-3b3d-b8c3-071d83e4e742,4
7734deca-9dac-318c-9057-da5cc362509a,4
261c14bc-f997-3df4-a1f4-c16b0c070d11,4
63d8321b-2e23-34e4-8425-728683c8249c,4
a77b54ee-742e-3f66-8cad-17cd5b9466d0,4
deef550e-d5ec-3f19-a7ed-f34c2cc3934c,4
5286c16f-59d5-3877-87a3-c2bb4c927419,4
500d1720-10eb-3bc7-a059-ee30276eb880,4
bc42ec28-a398-36e3-a3b4-37b14d181db7,4
865fff7d-adce-303d-b2fb-057005afd408,4
9dfcca82-bad5-3cb2-ad26-75a3e4092c00,4
936ddc74-c0f4-353a-959d-c5515ea54aaf,4
fd529bc0-884e-3080-949a-1e49b17dc26d,4
de20443e-7377-31b7-a3c6-cc6c5e9c27a5,4
23bcfb84-8f52-3ebc-9cbe-088e045ba8b5,4
44a0cc7c-b8d8-3f55-b268-7b9888d3fc66,4
e2c99230-c115-3b47-a499-1bfbb025c45e,4
9b9692b2-bcd0-3746-9023-79831415192a,4
ef742fcc-ce0e-3099-8b48-5afe4684a451,4
56b6a930-294b-365a-aa58-d38ccd4537b2,4
55010df8-f77d-3523-9b2e-55b17cde01af,4
91d2f3ae-fabd-3340-ba19-7bc10da080ca,4
fb5c3d2e-6a38-3f24-aaad-b617e50424f5,4
7313ab1b-a5b5-3ddb-ae4e-40560aacf3d8,4
eb93d0f9-68bf-3038-8334-11aba599e0eb,4
7d95e23e-e97a-3585-9928-a50457580356,4
35e95197-eba4-3993-9251-b9216d1e28f6,4
79b69e1e-e886-3a02-9324-deb791e1b8c4,4
04f8b979-9961-3a6a-9fd0-cdfa527690e5,4
3349a44c-db41-35e7-81e3-707c4589d90f,4
153bdde4-dd45-3ad6-8cdb-a399ffa48561,4
2b831abc-ae0b-39a0-bd8d-03c1da4ede87,4
9231c1a2-fd85-39a5-82a9-1d5d618b34e3,4
b560cf76-baeb-3f00-b612-5deaa2008e42,4
5950ad6f-075b-36f3-8a80-4f7577bb22b5,4
d81fc4ad-1d3c-3212-9abc-c7358305f735,4
9f4aed86-a25d-30e2-b25e-ad13a798c8f4,4
5591871d-6666-3b55-bf64-52869f236ea7,4
deb00d7c-29cd-37f1-9fa2-30d60057a22a,4
14f54df4-cbd5-3c55-bbbb-685e3f9a05b1,4
4b28d0aa-b281-3801-9cd6-dcf3b866fbdb,4
242e0cdc-f96b-38ab-8bcf-cd1e7c184d40,4
04081bde-82a9-38cf-9d78-23e5be2eb475,4
79e33aec-aedf-308a-b8f8-41b2507a6429,4
389eef8e-203a-3351-866a-8932eb5992f5,4
c5ab3f13-2d22-385c-8bd7-2e24121e1198,4
0e54fc39-c65c-38c7-95e8-12b7b07cec6b,4
7546a8d3-a53c-3063-9faa-e863377ccb5f,4
bc70c68e-cc87-3258-a7d6-c734ce8793be,4
fec0607e-d9d6-38cd-a62d-25e1b41e6dba,4
b2470f78-20cb-3683-8527-feab4edbe726,4
ac32ebb4-e21d-33ea-8eba-f91c0ff88d2d,4
30ffc9cb-20fb-3de1-8cfa-4c563200c9f2,4
b3c688d9-eb7a-3f62-b86a-dc7626eb8ea8,4
1ae524db-7f15-3561-81d5-3e4e9f592065,4
0fbb1bb2-35ec-3b0c-9ecb-394368f9aa31,4
d9f54a1e-5aac-3102-9f2f-6a12e3f231b7,4
53c3688b-bdbf-3b99-a10d-0fba35499d9d,4
e6c5ba8a-b207-3a9b-b6ae-166bf00f1cd8,4
84545b3a-28d7-3668-bcac-eef3fe192764,4
c2fb0bde-cb15-3f11-a7d3-56a4e8036d50,4
3d1b053b-1a60-3210-a7da-aad4779c6b8f,4
020049bb-d8d7-392b-9fe5-3df70720b58e,4
dcc39787-d134-35e2-98d8-7770b0204ee7,4
6ed71d4f-792f-3208-93a4-a167f82d0d7a,4
b03c155a-26bf-3ded-893c-79197a98e7dd,4
858a74c8-c0a7-388d-8524-007458cfbbfd,4
dc673fa7-ebd8-36aa-86dc-953ea37275f8,4
84a52a75-3dcd-3e98-b18a-dec87e658a5c,4
61dfd5a4-4154-3f89-8203-5f358237e8a0,4
6a489046-ef0d-3f03-ae99-3f05d2a9c892,4
fbf602f9-92a4-3169-a0f6-1c4da3d857c5,4
d916b1d1-0b3c-3b47-8bf6-f9beed8ee923,4
5834b2ee-2225-3b32-a983-f6cdf5ee6e43,4
efbe07f9-ce9a-31ea-bc91-53af09218ec5,4
a43aa981-49a0-3ef4-a4b2-821a5b929cd4,4
64163d58-f124-345e-ae2a-bbcd640334ef,4
948013c1-7f8f-34d3-9093-08ef9397c5af,4
2434f88e-f0dd-3a52-9b49-dc5c32b7f275,4
4a9c0a79-0526-36e8-b7af-f2e3ac3669b7,4
99d6d5dc-227b-3bbf-944e-ec4155414064,4
24419c07-0b65-3790-805f-673c8790399d,4
df84a940-2cd4-3ef7-9bb4-26b5a577bdfa,4
233749d7-e69e-32a2-90b8-d9adeef8488a,4
2434de99-21cf-3bb4-8223-8f625923d4e6,4
694a83c6-4c90-3666-8f26-8358c3b133b4,4
c96420ee-28dd-3811-b928-4b3bde34e0e4,4
51a2c0ce-f34c-3762-a7c2-b5e3fc20285d,4
d6ba34ed-9c63-3a1d-8131-cd65331a96a6,4
16a1e204-fbd7-37d4-9d24-7aacd4a64111,4
7d318e22-637a-36b4-b2fd-cd2c04130d7b,4
8c83d6f0-e3bc-387f-897c-789e88bb4701,4
f85cfb98-1a09-3c37-b580-30175d01f5c2,4
574caeec-60c8-37b5-be60-c6f14321aa7b,4
31321e35-cc03-345d-abc6-0d863eb05e71,4
355e33d5-d71a-3275-9c58-a37550df5603,4
b92d5dd3-2172-379d-86f9-2ac8a93ecbf4,4
7528ca03-3814-3bb1-b31c-18e4603436aa,4
dde47d4a-73f8-3837-b505-84bc64568bde,4
2b6bb18c-019f-338c-998d-76e62438d4a7,4
1837ecba-2873-3bf1-ab0e-23859170e75c,4
e65c0ec0-9e8e-334e-9df6-e82328e7dacf,4
ccea0903-ef42-3c15-b3e4-e4fa16938112,4
c8d2549b-4818-36cc-8531-6e116082ef50,4
cc5d47c2-d2d0-3f84-b950-97d1760ef20b,4
9506866f-8dc2-3867-b7b8-d36623a2a7eb,4
d7682ea2-9a9c-320e-bb68-de26b5a760bd,4
617eead2-78f1-3fd5-8dcc-77c7c3514464,4
aa1f8d8d-db5f-350d-aa39-3ab7aca68834,4
07465a44-7c5b-3c96-84a3-330b73dd702b,4
beca11e0-cf93-34ff-a7b7-f078ace76888,4
79cfb25f-c517-304b-aa27-b204b497495b,4
03eb0c10-cfd5-3621-b3db-e2e156a30dde,4
c913a279-382c-32f3-8925-2cfd7267bdd1,4
a0af53b5-bc92-3a4e-b046-d9ebe0783500,4
cedef7b6-8228-3619-87f0-e4382ead670a,4
0ada7eaa-3f38-3839-9027-a77c5b6a7b26,4
1bda3ad1-ccf2-37c6-9415-e2fe5d0cdc51,4
7f509aae-15af-3b39-a347-d5ce76fb6b17,4
7e8c3642-8b5f-377c-822b-4cfeed363604,4
3a082565-1658-37d8-a9b5-b6868e33aa44,4
95b7d567-88d9-3f88-af0a-6101a4a3191c,4
8a18fda8-99d5-3385-9610-c02b37b07262,4
a36f9b1b-ac9a-3dc5-9fd0-f8e49bcde0d4,4
22238396-6af4-342e-9415-22f44817be2a,4
7a44d456-4813-3666-a438-e51978971ade,4
7c2bf296-e549-35cf-b3c4-5255e1cf14d8,4
4a3f03fe-7a7a-38f8-86e4-d76660b128a3,4
f601c0a9-e4eb-3b00-a31c-15e700af7b6c,4
fa6d86c3-71e8-3a83-ba77-3e5c0bb6c883,4
7d3bcf16-a6be-3a41-8027-787072eef365,4
17ededef-dc52-3ed9-a86b-ed60f5c9cd20,4
a285555f-fcb3-3008-801f-b98c1c5bd394,4
bfd2b398-a03d-39bf-b147-9d897867cb07,4
b7f0eed4-4a34-322f-94aa-d3fe5517ce7b,4
7ec15a08-f113-347c-bc5d-a42a8232f4b0,4
a4d3bd78-7187-35c4-a10c-f12261f8e059,4
2f5d2236-e2a3-310e-8ef4-94bf60ee1d39,4
27d361ac-5445-3575-ace8-6fb5c7c35200,4
28fb483a-a098-33aa-b2c0-6220251d6e6e,4
450a5c8c-c4ef-31e9-82fb-439457e69607,4
9fd693ab-d395-3b67-af63-a32f04b5219d,4
25f64bf8-c9b3-360c-94fc-f16b3faf2041,4
4045da76-706e-3787-a141-d21835edc93f,4
3d6d8ffe-ccd6-34f0-b2f9-79b6e639e9f7,4
47453ce3-97b4-3c48-bc15-7681d8a93394,4
7dd64580-3260-3454-9abb-da7017a7155c,4
6fb1a4eb-8f63-3974-acf0-c8c75468d663,4
e00364e0-ce71-34b1-9923-9719b7b17026,4
097b6ee6-550c-36f0-8586-592bab021daa,4
be29af3c-fbc0-3a4f-ae1d-3ba399515a82,4
d1070735-d784-335e-9b9e-ecde5ebb6a9c,4
ad0d229a-7565-3d4c-a2e0-f787d201019c,4
e1995c96-58b7-3fe4-9e22-ae65218ad105,4
7df35a71-e942-3652-ba23-67acb388a6fb,4
f5ab925a-f031-3985-9ffb-28bded38b961,4
657293e0-a03e-34ad-8386-bf89cbbeae3f,4
19af0250-7642-380e-8e29-c991ba1328fc,4
8071ce1b-a259-3b8a-8302-d1a75bb2b87c,4
3309a486-d61f-3d62-9606-38c667997227,4
1e4f73a7-033b-3d15-a3de-743fe7903c7e,4
9ecb04e1-b098-384d-bc02-6849660ef78c,4
5d42ba17-c052-30ec-9285-c955b70fd68c,4
1abbdd1f-1595-3e7a-8212-38c9ad5ab125,4
c9fcb4de-96a1-3a42-a78c-c93b3bcbe6d2,4
02d17ed9-7e8a-3f88-821c-f5446fa30a08,4
3d8dd4b5-3125-3ffd-a69c-6329b88c2218,4
baad1f7b-1ded-3ae8-8f59-392e8d6c853f,4
31f30712-5d9f-319a-8969-050d0304a2af,4
4f0570ff-58c4-344e-8b58-0ee9a9b42346,4
9d651651-4e1e-372a-8a35-da470734a77d,4
3df5f221-1db6-3647-9f73-7e585efdde73,4
9e5c5447-5b84-3f40-a807-112c547b47cd,4
48fa3f3e-3d9d-3f13-8ea8-eb83d55c2585,4
bab62d6d-4075-3ce0-ab39-f03267a8517d,4
a82a8488-39c8-3e51-ba35-865029e03f9b,4
e0537cdc-a156-34a6-9b81-da2536d0dd49,4
b94bda8a-2963-3bda-b851-e3b8e2d43672,4
c193a558-7d00-39a2-adca-604951c67d0e,4
ef020bcf-e9ba-3087-a665-d6ec6ffee15d,4
acf65861-0f74-3831-a95b-8a9e6accec9b,4
0d4803dc-b1fb-33b9-add5-11a81b760262,4
37191285-06f6-39d0-8e83-d0cefadf244e,4
74466760-96e5-3263-9cb5-e58eefcc2a49,4
c9f0716d-fa96-3d91-8bb6-f549d4aa2b98,4
82802c5a-ab56-3005-95ee-ca083159270c,4
9a2fb2db-b33c-39d1-a70f-45665b6e318a,4
ef8439c2-d496-3234-b671-4c4ad66482c5,4
720fc07c-fc51-34f9-b000-0a02124f19ea,4
a37460b7-9c3f-33d6-a2d4-a715b7a4ccc7,4
5c739a9a-51c4-3b3a-bcda-68d1869b2c07,4
d68319da-fffd-3068-b39b-9083e6ac4bf2,4
1b0142d6-6c51-3dcd-887f-c6e5b3f9debc,4
6d909aa9-9eed-3ccd-9410-957881a8c60a,4
8a21d71c-12fb-3b1d-9749-b366c2662399,4
d1ae6633-17e7-3e93-9fa5-332931ab83c2,4
c5adef7f-7919-3558-bd61-6b6a1a9fc0b6,4
6a74b548-acbf-3e9b-bb14-a936289fe661,4
7f5f7ee0-db3f-3e6c-9538-5ae5c3286798,4
47555621-4e90-3c11-a3c4-9209560ed1d4,4
16449a0e-89c6-38b5-b2ae-15faecc8ee02,4
a95e2d50-a8e0-332a-9048-06e6426be4f3,4
95580400-7545-3e59-81cc-81c764fb0545,4
a50c9f9a-cac2-357c-87ef-9a52cf8fb9be,4
934431bb-8f3a-35f0-92a4-f523badccacd,4
e24476b1-0518-3bb5-ae27-9c7a868a2466,4
a1dbbd66-ae6a-3179-814f-0cca8d4ed76e,4
3d4d59ac-e369-3b6f-a0c1-0b4ed7d4fdc7,4
c70c9eaa-c0e9-3fcf-8862-287049d599a3,4
d22fdb62-3b70-3425-8b3a-2ec23030c51c,4
1c2f94c0-5ea3-3909-a12d-2be0e1c7622b,4
dc8d9853-a6e3-33d4-be02-6b16fd9b5e73,4
3042e59d-4a5d-3e52-ad28-dfdb8a7b96c3,4
d6367ad9-8438-3ecb-a026-4ee444d109d6,4
73719c88-38d0-32ae-af57-dadb0052fcd5,4
a312266d-2962-337a-bffe-f26c9cd584fc,4
ead5eb84-6de3-30f4-96d9-8023f2480c74,4
92ea6d78-1bc5-309c-ba95-f9237df2fbca,4
fd487c7b-8124-318d-b8e6-53383ad9fc10,4
706c4e79-0d3d-365a-8c9f-556d9aebbf43,4
1e3e5937-3bac-3b68-848a-6e06d2ceda6f,4
d033139c-5617-341a-8f87-bd35cfe16037,4
d1a75340-ad4b-3e6a-a57e-00e1f4c6d49f,4
26ad22ad-96ab-3cc1-8005-07baefc3a786,4
867bb446-008f-3ddd-b892-f68e4691f7d1,4
9021a640-d550-3199-b6c2-1bb45b043ee2,4
82472e92-233e-36fd-ae9b-b858e93775ae,4
7e3e4a3f-3b0a-34d7-b9c3-40a385f156e1,4
c43dfba8-1806-3806-b506-1834f9d05ed8,4
fe79d9a1-0aa3-3176-8e9f-4659419900fd,4
b763f67f-10ba-3755-bb7a-252850dd6881,4
20b659b5-a2eb-30ce-bf38-483eba5b0ef5,4
1d7172ac-21ef-38a4-885c-553c0f66f8c9,4
80e2b699-0021-3e9a-8e57-53af63e69cda,4
ffb1e6df-5ad8-30c3-b2bf-5f12641b4664,4
2cc68cf4-9f9a-3875-8015-e7e87b720987,4
fcd071ab-8201-320c-a298-20b32cfcd2ea,4
6ed8b1ea-3ce4-336c-9d26-e53448f686ca,4
ecd357d7-660d-3d47-b7d3-b7edd07f1cfc,4
f780534a-6633-3b38-95bb-041fe086099e,4
e72bbcb3-7323-3464-b466-7ebb7aa6a20c,4
ff0321c6-3c57-33a7-814f-cd2227e4b415,4
65e69835-6c08-361e-a989-3d2664848b46,4
6f4f402f-a563-3b79-b984-9496f8fb5264,4
470056ba-21ba-3713-8e9c-5951e3aa9aa9,4
9d5f67ba-a68b-3b2f-80c5-e69aa4d52f78,4
387dc768-f6e1-31c4-9dce-f6629bf1b6e8,4
b76455fb-5c32-3dab-90f2-0ec3568aa84d,4
1139b3e6-389b-3aa4-baec-dba46f771765,4
7b92d2f6-689c-3262-bba3-4b02c87f0710,4
40b276f7-3c10-3b0c-b4b8-aa06e8cd9b61,4
68cbd1e2-32e2-3932-b46a-635e094035f5,4
a45104a6-7fbe-38d7-b092-f85ebe70f405,4
6faa2c61-fb92-3622-a565-5dd93bf1ea24,4
19a91e36-fa4a-3d00-89cb-6cb5a923f044,4
8afaf529-634e-3fff-9c94-c92e5d2b0742,4
5d079689-c2d9-32e5-86c5-14a07c59393b,4
50578bc2-f01c-3709-a9e1-a7ed2b82cf37,4
968acb80-f410-357b-9945-0f43c3fb2af2,4
1c4bff12-dd39-3e83-ac4b-444c81254e7e,4
01b2c0bd-1917-3487-9572-5b0eb67d71e7,4
5ee34a5d-3339-32f6-81dc-62121d9d88d3,4
6d196f08-47f8-38af-9497-a52a8d02158c,4
813f2bea-9505-3aaf-9d5b-3675aca8fdff,4
3892588c-d9c0-3017-ae95-41165113e72e,4
2a393785-8362-3f88-9e8d-3dea8c50c7d5,4
5893343c-4f58-395c-8259-c5a04ca17c80,4
9dc5f828-07c9-3cfd-98d4-1764e803fe7f,4
ab1d6fd6-fa41-3182-b442-7a1c3752217c,4
a3da9525-9a00-3645-8ae5-b7e3f5403f47,4
126485de-2d17-3dd8-962b-d0368d7a916b,4
3259f79a-9ea1-3609-9ac2-b673b29f9332,4
8237e2d3-f3f1-3a71-8175-58a1f5913a99,4
e75a2960-476c-3b60-b7e2-9e30fd02a9db,4
9fb65564-6218-3f9a-9b21-13f653cef93e,4
358fc18d-53cf-3705-aa78-ca5a29c45e41,4
c6bb7ce2-ddaa-397c-b6d3-46e2dad267f8,4
ab3dcab0-486f-3b24-a317-e77bdaa95cec,4
e6b940e8-11af-3dc5-820f-cd3e3929a256,4
cb2bbe28-d040-366e-8538-314804ecc6eb,4
2a525bda-24fb-3dd3-97b2-fc4529a96005,4
1a1661fc-a24f-3540-816d-5a547bcf70eb,4
11290bba-b0c6-3b3e-980c-878ab23b5217,4
bb11dc0a-12ba-3efd-bc78-2972a7829b4b,4
c6545377-f822-3c4c-be7d-7ee2a5ea0811,4
43ed5723-d08a-3717-8741-ee441e4d0426,4
8817a4c2-e415-336f-ab7e-15c67e9895e4,4
c4d2a855-6dc3-3a20-b75d-d50b198a41a5,4
b4ab38bc-b0b0-3986-93be-42c408f4c843,4
63392786-0b09-351b-acdb-84548213dc39,4
47fbc443-4325-3445-a818-e37ab60d84a0,4
25bc9965-b6f5-3053-be7b-549c9b50911d,4
8de6c8e6-93c6-3e03-971b-889f0fe24915,4
a1989935-f32f-3cd7-a33a-9f6814493080,4
10cea6f6-22f5-3fea-acf4-8eab5b66eb17,4
f79960df-db2a-36c4-87d3-ecf3b673472c,4
596e963b-d422-36d4-8e0a-4e385d80bdd2,4
2c8f850b-9993-3707-84b3-ffd0b0b5886b,4
0f1a162b-a9b2-34c2-ba35-b0fc38c9e10b,4
d5a0491a-5b01-3f44-bdc1-e0bf96b27db6,4
84c72b60-7d64-34b5-966b-9d797ca2a267,4
4d26c6ff-6fb6-36a0-8032-6238e7142cbf,4
53a87350-95d8-3542-86ae-e0ddbba1aafd,4
73cdacc3-4f30-3970-9c38-d95075570326,4
b0632cdd-1a96-30c9-af5d-378944f2e9e0,4
1362f592-a581-3952-932a-03e87c34ee8e,4
c3247b04-5334-32ee-8845-698cd84f4812,4
bb793485-9938-3d35-a654-01f1a83a1944,4
a02129e2-858a-398d-8b2d-8c248abe1002,4
9b09a6cf-d5ff-34d6-8f7b-86f4656ae949,4
23366b72-ea12-3880-82ed-1d7652fbb2fd,4
9167c5ae-54c3-3c84-81c9-7a9736ff6c95,4
e0f85e20-343b-3a03-844a-1f15f9ce13dd,4
62121154-46a1-3a64-baa9-39157e85aa41,4
d2ab1725-daab-391a-a94b-7cd277169ea9,4
eab7a667-2aad-30a1-ac13-45d1ad840db4,4
805a23a0-3827-3aa4-b4e9-1063d1d8a979,4
2043e7ce-8ade-30f5-a29c-539bb535e48e,4
805994f9-0a8b-30d9-acb5-78c01e8ab3e5,4
625367d2-477e-36a0-b6bf-4ef4574b0408,4
cb57c009-5c8b-31c3-96a7-9a342f6d8e94,4
48dbe6ee-c67b-3cb8-aa08-de4581cd6d95,4
8bb29bf0-b65d-370d-b521-6602aa14e9fa,4
8ce73787-b20d-3c1b-abf1-f15ab6c0fa15,4
49360242-2825-31da-9295-3a1eb957472f,4
b5ddab38-1cf0-3983-a3e1-6ced0351b519,4
4d1b8718-56aa-317b-aca9-6b9755f732c7,4
085d650f-1e36-376d-a15a-1da30602df63,4
78bb9e17-3911-31f0-bc96-e1f793e5feee,4
620b5ecd-8ee0-3058-8299-e4b81d1a980d,4
f443798d-4ced-3dd4-9680-f3678aca8891,4
d1368b7c-6565-3d83-a910-787bfdefa283,4
34d069de-d7e6-361b-aa80-4bc0fc83d3bb,4
18b7bb94-8162-3474-af84-c2ac5f3d1edf,4
051a40c7-5572-30a4-b5fa-db2a38c5d955,4
cd0f2c3c-8189-373c-b1ba-019a2ce4b380,4
7ae003d9-fe16-3c6e-bed2-a196467fcd74,4
e5c0286c-c665-3641-b5a9-376c3d013245,4
be2b2898-5691-3920-ae9a-0003fe809b33,4
53963569-9812-3643-a523-394eb7be77e8,4
db2e385b-671d-3125-9cfa-c1123cf6cf61,4
9867c4a6-6c9c-328f-a4ed-36e3dd2251df,4
71f5782d-39b1-38c6-b1d6-e95684a624f8,4
fec471be-1aba-3500-bb89-eb2b70b08971,4
f9f3ac98-05c7-35f9-9dd3-973b7bca86d1,4
e6b31c4a-2451-34aa-a467-8590076b6acf,4
a930ee4c-f8d5-32ba-9950-0cea068a9e07,4
80392deb-062c-36b1-8212-e7da3e6c8159,4
2bf537d5-807e-31f9-bb4a-9f5ec55bc7d3,4
5e1eb5e3-edcb-3b11-bc08-0b067d64ce95,4
261465ef-acd2-3a9b-8efb-df3843663779,4
b915060f-161f-3add-90be-64c299ef36e6,4
0e760d81-980d-37ef-88d6-5139f878be39,4
9f0de184-b7be-342a-800d-51db2217b83e,4
22b84bc6-8873-3fde-b254-c0878d4a3eb0,4
c5668e30-14a9-347e-a743-93bebc86e2b1,4
36698a8f-aeeb-3f4e-8104-84623189e61d,4
03f23843-8982-3413-b743-12f5d088b53f,4
bfb1208d-b62e-3eac-b657-cd995b93f5fb,4
613bc680-bd6e-3c25-bb4d-ca0be8415bba,4
2ef64d56-6344-3e97-83f5-512e709663af,4
149dd2e2-cb05-37d6-a36d-bb5df7aa8f18,4
ae590d32-9b33-3bb7-bc24-0d74c63e3037,4
dbb75e3e-ea4e-393c-986a-eb52a5fd9f8b,4
ffd34e08-13a1-3406-a6f4-201e58b65b2d,4
5fd0516f-f75f-3f0d-b44f-ddb8a129b127,4
880ab216-32e5-3701-953e-78d7daf0cb56,4
7d479e74-be2e-32d3-ba6c-0269ebf31303,4
1abb73bb-0c64-3e99-9d23-58a96f0d4c6e,4
d6dbe49e-ccc7-345b-ae61-325c284f30d0,4
59747e02-c48b-39c2-ab32-006593c25185,4
505a3224-57c7-38e7-a17e-d3ec3c347be3,4
62c8236d-b88c-3be9-a42b-8c7132f5fec7,4
0023f531-e920-3914-8f65-993e7217ca77,4
47e2e106-b8af-3029-a4b5-ef03543301c6,4
6933174d-1024-344b-bbe4-39f7dcc1cbb9,4
39c04b79-48eb-3401-a695-6ad97949f87d,4
14bb940e-54c1-3a7f-91aa-2d89fef20dc6,4
05e68dc5-3974-327a-b44d-cb59284c8149,4
32dbde48-5fbc-3946-8dbe-a44009ab920c,4
3eaac5da-0c6c-3f83-9df2-be945295a1d4,4
f4e8f357-5790-39de-aa40-88da1c3b3402,4
a8dffb98-a9ba-39f6-8d34-dc2bf5c710cd,4
598d1222-b714-3252-aa84-4345daf5b906,4
8b38c8de-c9b8-3606-98e7-83d9720aa030,4
6dfc02b6-d209-35a4-b8fc-5ca0158b9247,4
0f39c172-9149-3795-8df1-5fd8f0ef5fd4,4
4472c195-7fe6-3474-a6e8-3a9d268fb9e4,4
88f2c402-cbc9-320c-a0eb-1c485c9fb720,4
e6f21d79-c8b8-320e-bc98-e2ce7df24fa6,4
521d11cf-930d-3ed2-8a19-9badf088e89d,4
95dbea14-b7d2-39d5-810f-66c9bc40e811,4
b5d272f6-71b9-3038-ae99-c10754f73e1e,4
d87df247-0849-3414-a2d1-e9ac253eacbd,4
981c6a43-00a5-32ea-a1be-dd53e667b52e,4
04c2f18c-a9b6-3661-975e-8b7beb371e48,4
ea4fe760-ab31-366c-985c-94728c920c4c,4
1f3c049c-c8e2-3bb7-a0ef-afa71a9beda1,4
856529eb-4f1d-3f37-a761-fb7a42bcda08,4
30c43f53-666b-3bed-bf32-949d560e440f,4
f4aa4f0a-bb35-388d-8152-e4cd822a29dc,4
2a1a611d-17c5-3dd7-a44b-03f1c63b5883,4
217e3025-5236-3bd9-93b2-dd88fd46811d,4
8d67af43-3683-3c73-8975-ea471785fa62,4
6a7a5374-dc23-3a69-807e-15f051f7f951,4
8508b939-a8d0-3338-a90f-025273826f1e,4
4b89e481-9adb-3783-8b9e-2c3e1bdf63b9,4
e83abb8e-c7df-33f7-82dc-bdc0549b87ab,4
c8f969ac-9d72-346d-943f-30031dbc2996,4
dc309361-441d-3d88-9334-630192ccf4b2,4
93cafd01-d105-3881-9e91-4095a56af562,4
528dd349-415f-3ede-90b5-2e51c989e60e,4
5822e8ff-9c4a-3271-93ca-970f3e3655e4,4
66eb57d8-9c3e-3938-a558-4f0cda131323,4
ed1bf0ea-51ae-3872-b259-505d501e22ad,4
b5c91c9b-a42f-30a8-8eee-a63f7daade1c,4
c266a0a4-a231-3a2b-968c-72ec99b0dab9,4
2a4cb71b-d46a-32e4-8405-562d2fe09f09,4
c877ae18-de85-381b-9698-5b16a99ea373,4
0a1cf0b9-1cc6-3793-a2f9-9390e4a28ece,4
acdb8f9f-8c7c-3b04-94f1-c5ddc160dc3d,4
e1b08c5a-e3da-3c40-8cf4-3377ebf8c7e3,4
75dc000e-e956-31fe-9788-37ee84dec4fc,4
69d2d027-b4a4-3a2b-ae10-18b0e2b443ff,4
7dcd1744-a58a-3865-a40b-2b94edaf51bb,4
b6336482-8c19-3e4d-8639-5155a0c5929d,4
37f8a15f-c021-3d98-a5e4-d51308bc9329,4
874fef44-bb70-3698-bdd8-76512148936d,4
5c35ae50-201d-3069-b872-d3e77ea9e8f9,4
e8683935-003c-39c6-af4c-d048bad1c3c3,4
4e60c568-4717-3527-83b8-5f2ea11e1c45,4
b2194fad-ee29-39e5-85e3-32e913f059bc,4
aee49252-beb7-39a2-8acf-54580dea208b,4
1e3a35ad-5f2c-3e90-9569-5cfda0c43b4b,4
78230ef7-4c78-3a23-880a-66478e448684,4
788b97e2-35be-38a8-861b-7b2f305c974c,4
5ae54f62-f6d8-3402-b6eb-98776049342a,4
60307beb-6240-3977-8439-20afb370f8a9,4
99662554-ccdf-3b67-8ec7-6949075c30e4,4
86b9f3e1-849c-32e4-8c63-6b51eb9f0375,4
160ac909-0c88-3c8b-ac46-8a5115256373,4
76f91867-5b99-3f4c-99e1-8b7408d71bf5,4
608cf319-872c-3db6-a085-9a777fb1f7af,4
7781f9d8-36e1-3a68-8b50-b02776e15dad,4
bc4689ef-f9e0-3082-a680-e97fa8ce3f60,4
c034f028-33d7-3787-a087-db463736d1fa,4
c97d2f48-e09e-3be2-96c6-ab973e67fda7,4
143c0305-113d-30bf-9bfb-7ef0e2c12bbd,4
8b130794-1c24-3a83-b215-69430f6ac7c9,4
72daf8db-713c-3082-947c-e293cdff33f9,4
31328d14-80bb-3adc-bc51-397421909773,4
d209c142-a0c5-3d8c-a002-ee0a0a90443a,4
cd2fc2bb-4a73-341a-b29f-020eb13b3964,4
64ad70d6-4d2a-35b0-b6e2-76d77584fdd3,4
60970cab-fb4a-3cd9-9f67-7f93829fc82e,4
0b066077-efa1-32ed-8c6b-61039657ee0e,4
34113864-05d8-347c-8b0b-98e5fda94676,4
67478073-63fc-3487-a3ba-d2bc00c6f24a,4
3dd42ff6-b25c-3d9a-9187-e1da21d095b0,4
3effd283-481d-3d6b-a24f-6c074df5a525,4
fd9f54bf-cd98-3315-91a8-69219d3c6ec2,4
e4e01508-1dbe-3b8d-8161-22d8d5e567ce,4
f635522f-1473-3162-a21a-9554955c3ccd,4
0030e22d-33d8-3893-9373-9c6164ff9410,4
9d09d8e1-0925-36b1-a8c2-6ca0f7e75cdd,4
e8066239-ab6d-3615-a41e-ec7981a6363e,4
b0d84ad6-70c6-391d-9a4c-5a925a6bb2ec,4
43257e5d-1d55-3879-9e42-462f65f51ad8,4
736cf7ea-ade4-3eba-8318-32ed2f493990,4
80fbe153-138f-3053-9b8b-7b6515ca8024,4
090b7204-9e54-38a5-b75e-5063dddbd318,4
55e67c38-cf1e-3d60-8a61-43053e704b83,4
11be20a9-770f-3b31-84c8-738894cd5e67,4
4c1095da-469d-393a-aa71-4e10a40edf55,4
ba7c4038-14cd-3a54-b244-8e29c8340151,4
b72ea454-69f1-3e34-9c73-dfc60b1f48ab,4
8b3e39fa-fc3f-3223-b848-a261eac594a1,4
e2076f73-0d66-34f4-8807-1e00e3911fb3,4
7fc09a91-dc12-35ee-b5de-97449b7446f5,4
dbb45968-9017-3bcf-94e1-06a0a56a4547,4
ed06dfe5-cfee-3149-b682-9ca753ed1660,4
f9ce92a9-92aa-306f-b2aa-d58bb2ed4eaa,4
b18f923b-b68b-3300-b5f5-2f196cf5c410,4
f4365706-c65e-3357-8886-cc4ae31e208d,4
6162ddb2-7e1f-39fa-822d-4e1bde8b8f97,4
7e80c94a-5f14-3c89-b6ea-7dffcc57c9ac,4
86875628-462b-3500-abaa-64fa85b4d45a,4
dc4f0e46-826a-325d-b6e2-d00d771e0fe3,4
774864b6-f1c1-30b8-9008-3b003a4ba11f,4
36b28ad6-7568-3195-ac9d-f49c2caed699,4
c6aa363c-acd5-3a4f-9392-70c60c4dfc98,4
2a22bb9c-34be-3bfe-976d-3e37c2af09a6,4
d04c4d11-0ef5-3832-a902-9df0457d18df,4
43921cb9-1013-3995-b6f0-c0d1a8d31df5,4
9b3e9856-ccd3-304e-9c06-16029cc12287,4
a6eec4e5-5329-3f0f-979f-a1e87a03eb29,4
25711de4-6836-385c-bacd-2c1b3acda210,4
58719bca-796c-38b8-9bc1-605d5786aacf,4
9c68f89f-d601-35c0-98ce-80e306d580c6,4
9b4f4ada-1a82-3049-b7ca-8b28257499e8,4
65def37d-964b-38ae-9ffc-6fb97b92c023,4
c0ecb198-a0c9-394c-bc51-eb775021b391,4
ef8e1848-c288-3374-96b4-2698cdaa14fe,4
b6ca1105-fab6-3570-bb59-9ff97f7f597c,4
e6873d04-db6f-38b5-8a5d-d51f8ee2dbd6,4
42c4f21c-8658-379a-99f6-5a877c91a145,4
7d06793a-e06c-3d05-bd9a-4aedce49a5cb,4
94806d36-6151-3de2-af6e-eb6382967311,4
59f90384-abee-34d3-b856-89b1b08cb4f4,4
427516ad-f08c-349d-b080-3bc9488900e3,4
6981c08e-118c-3d58-a608-224151fdb937,4
3e7bc9d3-769e-33e3-8d3e-b130d107c05c,4
01285b24-27c4-31aa-bb35-b79d1c0af428,4
3f841bb6-2cc1-33f3-9364-b488c54875b8,4
e54dc423-95c2-3362-ae3b-33d6c97865ef,4
def0418d-c890-3b50-8dd2-7ec51071211f,4
744ad361-3262-3f23-8fc7-cd3b884ee6dc,4
81b0014b-00cc-3123-88f9-bffbb5265459,4
605d897e-4e75-304c-974a-95152798fe1d,4
55b92041-43ea-373a-8038-10d773835d9a,4
3a2a08d3-516c-3a4e-abcd-a400c3aa422e,4
9e519317-cbc2-37c6-b837-895808149360,4
35da2632-9e49-3ba0-9df4-daa3a035c755,4
1ad41585-7dd6-3b3c-9d91-d06abee1cc5e,4
2ae7684d-4a93-3d27-a32c-3049144c9517,4
a94952dd-9887-3628-ac40-fe017d344c46,4
b80ce454-9b30-3d9c-b7b1-aa349f0ec786,4
fc6228cd-cf71-3a9e-8451-da5230cfdf9d,4
57f1d97f-8c55-36ab-83f7-9c3b63bdb9b1,4
6fa7f744-5020-3618-8082-b2fa8ae34c81,4
a6b9fed3-9493-3031-814b-311b30626c3c,4
ab3731b0-e7e4-3a56-a572-0032c10a9e4f,4
ac309d20-bc74-3c10-b1a2-9f2678ab6162,4
b2efecbf-c449-3ebb-991d-3ae1d45ef153,4
d2139439-42c6-30f3-922f-ed6aa1ecdfb2,4
cc5f0e68-920f-3673-bacb-f3c2959724c6,4
3bc4007e-a38f-3734-9da8-55ec1370cbe7,4
0536b9d6-e410-36ac-a543-a3c6a339236f,4
7f7ef642-1e95-3f4b-8a23-3ddab96282f4,4
5f0e0048-083e-3aa4-8e8b-0cef877fde85,4
96e7493a-11fe-3d3f-ad24-5da43398c3fa,4
6336567e-8521-3e8b-ba65-a0ce0ec54cee,4
3a85b157-b786-364a-b124-6eec16a0d7fe,4
f30149e6-2dc2-3815-aa9e-9ec4f51e8a38,4
38ab238d-5d19-3a7e-b7af-a77d1bee5953,4
01941c68-0e1d-3f34-8569-e823af8f6fc4,4
36bbf359-e3b8-3dfc-b584-bf2cda61734f,4
bcd3ad6d-e1db-359a-8bd8-12a5851626d8,4
6e61111e-1d0d-3eff-9d0e-f2e106578b45,4
b114c63c-85e7-365a-9364-f3989007e7fa,4
e31a6914-c5fb-3359-b377-64b36dd2ae8b,4
49efb863-a679-3ef8-a8d9-b860b479b5d3,4
8d362902-0c4d-3d1b-b21d-b2f050c76977,4
9d90dec7-4ffd-3147-a281-13694f52b522,4
2cc7f19b-e239-35c6-867f-a10a0549dd14,4
eea7b95c-1bb5-3271-95ea-f987880ad8fc,4
2b8e436d-87a3-32cf-bf53-e01bc00b6943,4
6ffefebe-e2e0-30d5-8f30-9aaf6b111e0c,4
1cd12fb8-dc7b-3b43-8847-1a1a21d2a29a,4
e9ca5b2f-e6df-3af2-b2d5-1a5de20caa7d,4
814b25fa-335c-36f6-8c3f-9ea113097d72,4
7ec9468a-d195-347a-8bc7-77b5f8ff6ef7,4
ecef9508-38c2-3f49-9e1c-9446bba36e1a,4
33c7980f-4110-3e76-8fbe-f22fda86cba6,4
00785223-efad-31cd-be2a-acf4d97f494e,4
b0f8b014-0fb5-30a1-90f8-dd1dc5ccdc93,4
033a877e-8f38-3e5d-97d0-b091b467439d,4
3b921eae-d938-303b-8c35-0fa7d8b1dd79,4
a865d94f-06aa-31ee-8ff4-d3e0e77e82ba,4
ba53b96f-f470-3aac-876a-3cb1d8373c7c,4
7c6d7537-47e5-3c34-bc7f-9d3d3f4737c1,4
ac760e78-cd18-3833-ad49-a085523b0c13,4
1c37a5d1-94ce-3202-b25d-c837454c94de,4
cbbafec3-ca14-32dc-96b6-54ec3282edd3,4
f8ccea7a-dc7e-3fb4-be6e-7cb980f18b97,4
c8719f3b-a41a-35ad-9172-ef5a2abba19f,4
d49faed8-d970-3544-81b1-2193c2dda317,4
1eecc1f0-cf0a-39ff-ae75-557a82466e41,4
65ed46b7-6aa9-32cc-a1c4-cf8c9a66dbc3,4
748d73a9-c1e0-35d1-bb98-34ff3434284d,4
6191234d-ee8c-3bd5-9d45-335dd40c54fa,4
bc84949c-616a-3fa9-a4db-45e37dd48fc4,4
d3ffd97d-3c82-3093-a95d-0cf9d025214c,4
fe255962-089d-3844-af4b-9e011b49d741,4
f7e6e282-1aef-397c-81fa-0a591a2118d1,4
7f8f0b29-abad-36a9-bbe3-2dc6fa2001ca,4
cfb66333-9dc9-3385-b5f7-0386c44d7883,4
6512a1fb-5591-33d6-8274-ff44d598eca7,4
3608532c-b524-3806-ae06-57e0aadbd4c9,4
e453867c-567e-3ffa-8948-dc146daf34a4,4
61a1fa03-6153-3bcb-91a4-c865a7a08294,4
79a968ec-6ac8-348b-a024-b0985028943d,4
0f899dd6-c334-3ffb-8567-a50fb6ce54cc,4
cfc49538-0c07-3f72-b173-0e9ec0a2a928,4
a84e2104-70c4-397e-aafe-807dd5103aab,4
711b0bbd-8157-3872-9b08-473f3bd8d9f3,4
84e12eed-18dd-36d8-b766-a49d3d7f270d,4
2447362a-4c3c-3228-bdfb-48477c6719e9,4
a53c5d78-54d9-333d-b13c-eb1a6865b311,4
202b8c5c-f92b-3f68-9b69-35326988c33a,4
43411434-7cf4-3850-bb3d-60a6f178f438,4
1afe91b5-945e-3e87-aa4e-dcabbf290746,4
9d8aa379-301f-3ee2-ba1a-353b13618be2,4
0c2e5606-69a7-3e94-bb81-c005ff59468d,4
a77c28b4-0e6d-3a4e-9328-3ff82823d0bf,4
8b855cec-e53b-3523-bf85-cf0a2cc3dc1a,4
c5f109a8-0fd3-3601-ab0f-4d8f0c310a08,4
83dad581-4d19-30dc-a096-0033597c61a4,4
152370f4-18db-3a44-b716-9874773b8500,4
87ecfb2b-ad73-3e78-96c5-e6f234a49beb,4
7e4ea0f0-137c-3ffa-afc6-27a1f5afa8ed,4
d13eb6bd-a0de-36f4-850d-da1d5675a164,4
0e6d61d6-3956-3986-9bb7-fc5243847492,4
85d37d8f-b553-306a-a9ae-2419e15f50fb,4
8c55c1e4-0d91-390d-ad55-ddf55eba3c00,4
cc9eb602-a98a-31a3-9bd7-ace7751d8fa0,4
3210eb57-13fe-3f33-a88d-f8db0a7a708f,4
bb7405dc-5108-369b-89cf-febb40d6e37a,4
ae10d681-1a3b-303c-a489-a27f938b7fd8,4
90164eca-0cb4-3741-bba2-7a2056ef5148,4
b16d5203-5e8a-3bb0-9938-47b6fd1f36e5,4
7f88781a-9ab9-314f-a32b-9fe9781e6eb1,4
8a52dd89-381e-3901-866f-9bd5d7039e12,4
99e1f9cb-eb10-3fea-86a2-ab63de3d07b8,4
ac88c7be-cac6-3e99-b1bc-e6c2e9e21fa6,4
9e6dac07-4864-3f6b-bf5e-6527d04874da,4
cee2adb1-9281-323a-9a6b-3f6006a7c1b1,4
61f0c8d4-4806-3d1e-a199-4bf970e186e0,4
3d13d12b-d9b9-3ac6-9227-3bb80546a8ca,4
12e0c513-b256-3ecd-96a6-de4c9b65df9c,4
42584ae5-5381-33a5-9bb9-7ae3bacea3e6,4
628d2d3f-5cb4-338c-9ac6-c5c5a84a28f0,4
441cb99b-72f3-3186-ab92-215323609b7d,4
2c93c864-cc1c-3aaf-a271-dfb3ef879877,4
03989c27-472b-3fe1-afe7-85c14a9a4ba4,4
6fc733ce-ac9d-30af-8fe1-3d1e8a84d81e,4
512c705b-e5de-358e-a9ff-04b0b5f7a7d3,4
9a272cf9-6604-363f-a90d-b3c36993801f,4
157b051f-f490-3f29-87bf-95363f4da4aa,4
f9a104ce-4c8f-3412-843e-02c64822b6aa,4
f8f984a6-9276-3a94-bab3-cda9b13bac02,4
707ece3e-2f71-32e9-ab59-700383725284,4
2ffef7f4-637e-35b3-91b8-94a4793b376c,4
88a0adc4-1b6b-3694-98f5-0b943c403355,4
4b044ae0-f426-3b79-a909-9158a8ac24c7,4
0f81bce8-1aca-30ec-95c4-e48243f58693,4
b184f264-9075-35f2-a56c-46da51dc6571,4
da95aeac-aac2-3d57-a15c-4f8ef7dc58b1,4
d1e7fae5-fcb8-34f7-b6f3-95eee9cd7a93,4
d012079e-f24f-39b9-a741-98ebd8bf3b7e,4
2da669cc-7062-3260-8139-bb6cd5e892b6,4
b8063e6a-6405-3e20-91b4-ade7a1982385,4
0cc5822b-6c19-34fe-81e3-3e1da89d7d71,4
ba8f70e1-dc54-3c76-9fe6-bf28e21cdcd9,4
2c7df6db-9775-390f-8d1d-25af3820c8f8,4
0e420484-d565-39dd-b205-522016588098,4
618c60e4-c0d7-3acb-b69b-640b041d68d5,4
e9c2b553-0e28-3ffd-b668-5a3238ba30be,4
f36d0dcd-c651-3edb-9d4e-63f194d822f6,4
d3992f1c-eec6-3d6a-8562-012819396892,4
bf599487-99f3-3f6c-98a4-c16f16f1475b,4
c5624734-6ade-3a61-a441-110b442305e5,4
41c7b61e-8b7b-37f3-988e-db4dbe2e8282,4
a04c8a65-8a23-38e3-870f-799f7c93f0f1,4
a1483b2c-db68-33e3-a25f-482598708c00,4
6ba76881-0f1e-3e5b-8cc2-0be7014cf855,4
1bdcaee5-b06b-3308-afca-a9859f3c3bdb,4
eb2bd0fb-286e-3d5d-93b5-e399f3bc8430,4
2381eaf8-5c7c-382a-9296-b53089f1b98f,4
22193b83-f043-3f9d-8f63-4187914ca8cb,4
c710da29-9831-31b8-87a0-4f49a1421e01,4
191780c7-232c-3e7b-9948-095e47289a3c,4
cf72db2a-3124-39d9-a3b4-83e06dceecfd,4
77faf756-2a0c-3742-a21b-342ddd80ce4e,4
204afee6-5747-3dec-a294-3ef1b92a653e,4
206ba4fa-427f-34e2-b1b5-777bd97e7d69,4
21c21bae-49bc-3303-9be7-6a5f7dc6a210,4
cea2090f-fc30-3250-b993-621e08786d47,4
c20df873-4b42-3990-b16d-ce7540743c00,4
bcc47ed4-65c2-3623-9c50-5d4a1e971a93,4
ad84082a-d486-35c9-9de0-95951b950422,4
fecc7850-5ef7-320f-aaf2-73183f47d278,4
afeae4b9-e854-3736-9d7d-151b151798ca,4
3cbab1c3-b07d-3bbb-a181-4f8983114ca6,4
87a9e4cb-d7f3-3824-b7e7-d25d55c9f7ed,4
5e637191-84b5-31dd-8c1c-921d20805377,4
e26e7add-3b71-3f1f-bbbb-fbf6b9587edc,4
8b76a617-df1d-3447-8ba0-074c309eb5b1,4
8efa003d-9f67-3edb-a5f4-d90118ea2a01,4
1c012b99-e26f-39a3-b8c3-b489967c234c,4
26ae86bb-64e6-3855-94b3-1b70c59fa32d,4
5fe04003-b243-3f7f-bc4b-f18990686720,4
15ff0acc-be48-3973-aa58-547626f3bbe1,4
f6cf2705-a83d-3578-83e0-ed9d5036cf6a,4
f03d74e4-783f-3765-bbcd-7d9ae5666238,4
18a0f713-b890-3b11-9c8a-6280ab022be0,4
ba8160d5-9077-33cd-aa16-87542f587870,4
8178622c-0d06-3a5c-822c-7a22c646a4cf,4
dcdfeef7-766d-3ff8-849a-e707f448c9d2,4
c14129ce-fb62-38d7-8d47-58131172bce4,4
38e2eb95-e6e1-3cab-a155-56ca9077fcba,4
d9a4c34c-3439-3fad-ba94-7118cf87931a,4
906fae97-b728-3f60-84c1-013cb0ab9fd6,4
168f799f-8242-3395-90ed-43226b646d49,4
bc5fa4bf-89c7-3d31-ab4c-28092b257723,4
bc9e97ee-6969-3ede-a64f-731eeff23f37,4
41c7d0ec-8899-32e9-9df8-d980dc876e36,4
99b9e020-ec32-3059-819a-1d941c84b579,4
ea2bb889-25f7-38e9-ba5d-ac100f9d52a4,4
7730502f-ea7f-3224-8ec5-fae8984b2e6a,4
9d1dc288-0d7f-33d6-aa7d-a90288272e87,4
04f2876b-21a5-3186-a7e8-2cda7161f73d,4
b2d5aff5-c1f4-3539-bedb-081ed1904ce5,4
82d5db2a-fabc-36ae-b5c4-e17f6a8e1f2b,4
bf6187bf-0c1f-397a-8b15-abe147ddf5f9,4
2e138c9e-63a0-320d-8da0-246fb2da1c05,4
190e4115-b52f-3151-ad16-b16992616254,4
dea773c6-83c5-3f18-9b03-bd0d110550b9,4
287c63cb-28ce-39a7-a62b-ab50ca468335,4
a15e5f5b-52ae-3290-9b61-dac8a22b369e,4
bf7889b1-1005-3eee-b198-c461a4ed77f5,4
bbc10daf-d94a-36f4-9034-42dad3160044,4
a6ea45b4-fea8-390a-ab9b-f91aadf4938a,4
2ac9be34-d003-356a-9a9f-024019dec3ce,4
adda820b-3cc8-3e5e-9c71-375fadf456a8,4
1b7192ab-9870-3b59-b14e-62a77a48f208,4
3bb37c77-c897-30bf-9d57-7006ec32203f,4
6eb6f0fc-f015-3acd-b18c-4a2b0ce985ad,4
b4803903-e83a-35d5-8720-1be1df8e7bce,4
398af380-9c77-3eb1-92f3-f1858a137ba5,4
41ee7056-e577-3482-a4df-7ca386230905,4
88afd492-b5c5-3c05-88dd-24002b4e3b89,4
78ff524a-8de1-3569-a470-af1980ce60d3,4
64fc27a7-d20c-3b5e-b8df-6bd01aa10e8e,4
efe00bed-0a52-35b2-8651-c8c2bbb125b3,4
33faa3b4-77c8-3cff-a711-1e643fa272fb,4
68297de9-e993-3582-864e-d59a813a9635,4
982400bf-0ac3-3506-a965-db4fbfb935b2,4
31f817ea-d93a-388b-92f9-12223de01bce,4
f53dd55b-6da3-31bd-9579-0a836e2c5989,4
299d73fe-e17e-3014-a727-fe0f061be5c7,4
7a9084ff-b5a6-324f-bacf-bde470f50321,4
32553eab-bc2e-3953-973c-dd396f546539,4
4a258d97-2085-3400-ba24-d5b29f475f20,4
9773f32c-0e3f-3f2d-8d5b-e73c1f457362,4
1d2c344e-28a1-3034-aa35-e86565053c78,4
5d2bf2bb-5212-31a4-ad8d-da85b87cb934,4
4af95385-e61c-342a-a8b9-3165923752e4,4
13018742-88a6-33c8-9dae-8afe1b381da0,4
77b7ed7b-e4d2-3993-b256-79b912292c17,4
7c739802-ace2-3ec0-b310-ca9edecb1da8,4
a679db0c-9081-34d7-9c74-4b17cdd904c8,4
55ef1681-c7a1-3ac6-bbe7-e9cd9a1851b7,4
a5371663-24fe-3b85-81d4-bd38fc3b429e,4
e40538df-5ddc-342d-8ec4-e566477a8f15,4
dae6b98d-f0e5-3452-8189-e254fe867456,4
ba12e2d1-0669-34e2-b181-48a3db202645,4
b31485eb-4802-3f5e-8908-5a1c204c162d,4
1bd47237-32f0-3375-8873-c787e5dcf839,4
ecf77598-ff16-3a90-8ca0-48dbc299416e,4
d44d4020-7560-39d8-9b39-0c9d7c5ecc77,4
8cd6ddc6-57c7-38aa-90d8-cd8de3da5b2a,4
64af4023-2fe0-3268-bbdc-32bb9ccaeb66,4
fe735b76-7149-361b-b567-338c6a3e271f,4
9e6263b4-b356-3889-bd3c-a40c14af75ff,4
10958499-db87-3fba-a5b5-84d666c60c24,4
dc52f892-5358-31ea-adb9-7d35795ef1f0,4
bf47745f-9e7b-37bc-8dd0-954d6aeed6ba,4
99c374cb-0845-35a6-95cc-660c96fc7494,4
fa2c46ff-dd56-3c04-8743-709769816d20,4
8286e701-007d-3945-8d66-c60c8eaf9f6d,4
11856827-e9bf-34ab-b50b-4a931ca4067d,4
083072a5-8777-3537-a118-e9e1c07112ed,4
9101ee52-2710-342c-8cd2-a7e5a928d1ae,4
dd0b1d80-1246-3bac-8d5a-cb05aace2d6f,4
2bdacfd6-6a4f-3685-86da-6523ff212103,4
bd25d939-f82f-3df6-9610-01cc5a720311,4
2e8d0d76-8a82-3342-b032-0b233a8ad445,4
00b41c1b-eb88-3129-9318-80787f298e51,4
f7f43795-1eaf-32e8-ac32-b6a2144f27d6,4
4c053526-e3f0-3a5f-a9f1-fbf75529a38f,4
abb09089-e393-33c8-9b86-05c625d45e3f,4
4f644b5a-0095-3932-af5d-9091cc248298,4
68043200-24da-3c91-a413-674015dec0a1,4
35d148ee-a3b8-3b52-845a-15c5fe7559f8,4
60145c99-b55a-3cf4-8d0a-8a4c27e83ac8,4
f0c50a51-3c05-35ff-9329-f463ca32dcf7,4
ed4e936d-fc3a-381a-b9d4-f5968b4c42f4,4
b7a0f242-d417-314f-b3be-8589f2e80738,4
2ea75d6f-fcf2-330e-914d-8ef920d9442e,4
0a13771e-fc05-3c29-86b3-e701c628f445,4
c16ec17d-5347-360a-8a9a-23abcd29288b,4
956d8bb3-b9dc-3879-a86c-939b3abe39b0,4
a6eca30c-e32e-342e-b30d-ce8a0e6cbc73,4
a3fe9e21-0dbb-31b6-b2d3-911fe04ca08f,4
0834eb44-1757-3fb7-ae21-0d85b0976475,4
650132f1-25ae-38c5-851c-d1a529b1b8a8,4
09274bc6-f62a-31b1-8c88-632d1f6abfac,4
00e0ef3f-1359-3d46-ac97-c6b17b62c887,4
656d69c7-8829-3698-ba1f-60d41fa0f7ff,4
215c0016-6795-354a-bd85-4a926ac97945,4
296e974a-56a2-3f63-b16e-89904714a5de,4
57a5147f-349e-31a7-acec-ada61ec22f36,4
490bdaa6-553f-32f5-b163-8e5fd90ca438,4
7f78f3c8-9106-3701-be80-caca805dd3cc,4
83242a5b-2141-3497-87f9-9d39291cef96,4
1e5ba14b-37ac-3360-90bf-14be010d19e8,4
75ff1c73-2c26-3603-9002-ae34093b6d45,4
26e40922-60fd-3d87-a9b1-6f2084acfb33,4
8b8d034b-391e-3d65-b37f-250f89c4c367,4
af13f416-0dc5-3108-97eb-2eb6474a5893,4
bdb63286-429d-3b3c-8dd8-2dee13758e57,4
f5d303f2-c784-3d38-a038-c6ad9639952d,4
9475a051-91f2-3bd0-8db5-e734f674a221,4
d3133b59-13a6-349d-b5a1-a474b9a2dc23,4
9f342c2d-2511-339e-b1bc-ecc160d6ab72,4
ebe3c474-ee71-3f02-b3ad-cf8b3a5186cb,4
0e2652db-444f-3ee7-882a-d37a57a9d951,4
a67ac42f-ad3f-31ff-b31b-fb12d0a998e2,4
51d5686e-2c3e-3aa1-8f88-a11d4e2d8676,4
2544e3bf-8a21-3708-8502-3ef30663843a,4
53946280-de67-3336-9164-6696f29acecd,4
97d87cb0-7501-38ff-a799-20eb1bc9cf31,4
ea7d1dfa-33d6-3cc3-8c74-7b2ffdb05870,4
e1f3c1f9-5b0a-3886-9905-ea0e189b8a7f,4
46891bad-0876-3586-8890-518ffd697bc8,4
d86006d0-40c1-3cee-8a1a-dd583a232931,4
c0157112-eddf-3bef-b0ea-e6bbf4c9b395,4
8f4b93c4-2d7e-3698-ac07-a3e77ca8ea35,4
f400ea72-92c1-31d1-ae27-1966dff6b93b,4
2c4da44f-9e91-3519-9f67-44bc471d60cd,4
01f0c3cb-c502-3e14-9b22-935f5b04e65e,4
fa38731a-f55b-313a-9fca-d01b015afc70,4
d6a4eded-6fd8-3b19-b2e3-98a984dd363b,4
0481b288-8ede-30bd-a33b-e9048b31ec25,4
07cd1c4a-d613-3a3f-bd6a-95e08b2749e1,4
d7445b6d-f9f6-3eff-83ab-2e9d52bdedee,4
1c95544f-ae70-3a32-bcd3-6632f9258f23,4
e6af95af-f20d-3b29-9697-8066ad9e72de,4
c3174712-5176-34e6-9d4f-cbd5a743f64d,4
6ea35d14-a0ff-35e7-8b28-1ed0418b8464,4
0eb92d11-2890-368e-931c-f871157e25b9,4
dd43ac80-0591-3b64-9617-61015eba133b,4
85519bcb-7e57-3a7d-8605-786dcefb986f,4
8fa62d5e-8fa0-34fa-b17b-14427488828f,4
7d848023-8d48-3ffc-a03b-dd80c1585aa6,4
ab970a8f-779e-32a9-81bd-e0f0c07e6b2e,4
ab394792-7bce-3a9f-aa1d-e838804fd727,4
d714c533-2393-3273-8765-47e301efd6b8,4
61b9cdf9-19a1-3330-97c2-d9dd3125a959,4
0c119d53-1ec2-3129-9405-88e8142a162d,4
559d4013-379a-361e-b7ec-447ff729a3de,4
c9916986-f160-3e1b-a6a5-eeec77bd6f0c,4
9705a3d8-f5a4-3874-ab0a-a351bc877014,4
1341aede-e690-3164-ad4c-a84ec50dddf4,4
d65cb0b8-d345-3809-b4dc-16eedcf2f587,4
93ef8687-c5b8-38cd-80af-958791dfd3e4,4
0337ac9d-3861-36e4-a6cf-9f3aa4334567,4
a8debbb9-f865-3eb5-92e1-87f3d12dfb8d,4
f25e70b3-3bc6-3b69-a4e6-78aca8c6ad5d,4
762e7eb8-7682-3ea9-81eb-0d763fb9c380,4
b5405116-ec4c-3d9f-befa-25c9bd8e76ef,4
921acaf7-a99f-392c-b05a-dec6bd1a66a5,4
af2e39c4-4616-3061-b032-1d9a3b42411f,4
552a40f7-b4a9-397e-8b9a-0bdad837bf2a,4
cd058ad0-698f-3afe-aed1-767dbd4057f8,4
25352aed-f021-3b6f-a183-707b3fb49c6f,4
6c96fb0c-754e-3fa0-b2ab-eb4389832698,4
947023ae-ac8a-35d2-9da2-3b33ca90f0d9,4
aabbf18b-e5f1-3e36-a8e6-b59cee8cacaa,4
a5b1f494-79f4-3712-86c1-9e5671a90761,4
21796a29-8445-38da-8b24-57177743c949,4
47963306-c721-3c1a-afd8-f4947bfa1bc2,4
5e9b7867-455c-311f-9b95-d7619e9e481c,4
b4796a27-84f7-3a34-a859-27013a066285,4
be1dd7b4-1dc0-3309-91d2-c467f48f2eb1,4
ec326f1a-411b-395c-8f76-682622e188d7,4
2a7f1e30-f47e-3767-b489-2efea628ec0d,4
6be43250-dfda-3584-9336-8a65078510eb,4
83e20b13-d3f8-321e-a62b-70831af95324,4
aecc6c54-355c-3a74-80d6-c1111b16c9d4,4
a503a8d0-0a38-3a2c-85b2-eab661d56ca9,4
64a74fb7-d541-327e-95d0-9aa8a29d1aba,4
2fbbd799-b155-371e-905d-0e140c11f68b,4
14c84d3d-55ab-36fc-bceb-268057ed9d6e,4
d3e0642e-b82d-3e60-bae2-0750c8665e9f,4
70e41f30-5660-3d7e-8f6f-8b3012130d47,4
286370cd-f2db-38f0-9438-3d77e74760ff,4
9b8b03b2-2d01-3d57-be2f-b167f23de904,4
62876e82-6d92-3167-8bbf-8a7903ddfa45,4
0560bbf3-bb43-38c4-bf7d-670f01c424fc,4
97307835-220e-33a8-aced-644fc4663ca7,4
e5dbd067-46e4-35f0-b6b1-83ea982c48c4,4
8a4da762-346a-34b2-960c-549c033122a2,4
7d8c9ea8-be40-38b6-a14e-0a9327c96f18,4
bd393b0d-94c3-383d-b6b6-a7f530e4dce4,4
fcf204a7-f71c-36f8-9549-f09b004f5db5,4
b7928b18-6d1c-3415-84d2-c567bbfc0d4c,4
05eab53c-58a5-3e8d-a4f0-824df5690e73,4
456a6c45-469b-32d9-b122-9a8395c17b8e,4
1b96c080-5e68-3056-bdfb-1503bc5b1446,4
bfb041ef-1cdc-3297-a873-131bb8be456e,4
981bfb96-e065-3562-993b-2cf125a05fe4,4
9c9cf307-57be-3722-9500-4157efb4bbee,4
92674e75-da22-3e1b-a2a3-148d32603264,4
a85b1fe5-db1a-314b-918a-24ab86212437,4
8074ded0-744a-3ec3-bb37-8111553cface,4
32f85842-8d4e-3c58-9bcc-ec551db68a32,4
2d173373-477f-3dc5-bcd1-dbabe26b0df5,4
24c0d99e-ce9d-3637-90bc-b9ab5b87a41d,4
d78d4f6f-70a3-33c1-9be5-a3cc63009cf4,4
bef729f8-cc39-32ec-904a-5eec80ad2a5b,4
86d07142-25a1-34cc-88ba-34e702c49c7e,4
f3cb46e0-27c5-31ab-b321-2ee145e0f0da,4
9b9fab97-f80c-3f78-98be-6fa53c6b1f85,4
256833eb-bd49-3d99-a0de-5846557c3a3d,4
0b46f5fd-cfa3-32b5-b7cd-4f4bcad5b4bc,4
4ba3cae7-b778-3edf-afbc-fc8d4b8b63c6,4
05af08a4-6f97-325c-8d7a-bef74896d842,4
418b19bc-1e41-3547-a2c0-c5323eaa100e,4
d6f95bba-49fa-3184-9fd7-5a173e0fd85b,4
8197152a-c2ab-35e1-abfc-abd57f04f073,4
8e3a8af0-53fe-3153-9ea1-75c241b040d6,4
9ff1a2de-2d2a-3511-8b8e-7f18b7d35a3e,4
c4966aed-634e-3c40-8580-1d35de514cb2,4
4f12fdfc-cee7-33f6-a85c-ceb01fe01ff1,4
c6ecaf3b-3989-3982-a17f-4cfe9d1b58a9,4
9e330c66-24dd-300c-9f6e-bb63e4e20054,4
85b40c80-fb7b-343d-9357-3b401de44f6b,4
31f30861-afda-3a05-8a8a-01fa1efbb63e,4
e5c0a88c-92dd-3f84-94f5-3bd7c8849a3c,4
7d48b704-e04f-3cd6-bd93-4566a09f3ee2,4
ce5218b4-2ce8-395b-82c9-af981298e728,4
e73111b6-8b23-3c5f-9421-7cfbb7d6a75f,4
97d59d34-25d5-32fb-a3a6-a97a2722dc52,4
159dac28-7f0e-3c8a-bade-92684c954389,4
7a9046b2-f310-3c43-b9f6-dd65602cc284,4
4b644c21-a985-3826-9df0-3974df3ae088,4
e3ae2bc9-40c0-36f3-bb24-1fd7a90c4871,4
db0f7317-a6a2-3b66-9eef-89730bd94a1c,4
57561da0-2558-36dc-8674-150aeeae1ecb,4
141a8db4-ec01-3af2-bbb3-376a3664e341,4
07577bca-4ec3-3fc4-86f8-bd8b5c5fda6b,4
696fc572-b4e1-304e-b0cb-147f6f00bfad,4
c9baae0d-75a5-3f74-932c-364ca31f2e01,4
313ca4da-4394-3ca6-860f-87dd7097912d,4
3dd23589-9f49-30dd-8ea2-3ae3e77dabfb,4
67ff01cb-68e7-3b6a-bb86-601b311ea7ee,4
ce391f8f-569e-3517-bfaf-e69a5cff2565,4
984fe389-cf2b-347e-b7c3-96a17e070ed5,4
c7bb362d-8c72-3bc9-85f6-0a85c0ee4873,4
e69dcb73-7746-3a09-a32d-184abcc831f3,4
30eed61e-8ff9-36c2-b156-16a5c1a960b9,4
c8f6a603-866d-35af-87cc-30a6365126ac,4
35345105-4aef-347a-8514-a50cf9a80625,4
25fdf70d-3d3d-312f-bea5-6361582549ec,4
482cfd4b-760e-3193-8d7d-285b7fbbf9af,4
6541bce4-35d7-3ba2-9d70-be42a8188290,4
d8c7493f-67a1-342e-a93f-5e59d7e7f3ab,4
fed5846d-c25d-3d81-a492-00c24f940c91,4
b8b7c85f-de99-33df-8401-a99c749740af,4
7d89249f-87ce-383a-aa22-08a3d4ef735e,4
f6633c19-c953-36b1-9265-cd49f3aa2586,4
82319fab-2d19-36cf-b756-094c1a0a01e2,4
7cf75740-c4f7-3fc1-b5bc-98020d3c2145,4
7690b496-3e0e-34bb-bda1-e1ec491a63f7,4
e7f96186-4a24-3e37-8763-fb7572f553a0,4
7935eb5a-39aa-30f5-8d37-e6c4e6c596b4,4
29b50eb4-6997-3121-a7db-9b0237e8b6c5,4
2eeaf8a9-c6fb-36cb-9c72-0aabb808dc76,4
a96b9ed1-dbcf-369a-b4b7-20cb91dcd0c9,4
236bdd88-a462-3e38-879d-db5220c36fc3,4
0639a2e1-60b9-3c1c-9664-86e1a9505ecd,4
af919850-0562-3eed-a8ca-2fa3563876d7,4
3a95c8a1-9442-32d7-8c93-2ded036de97d,4
34f8a746-06c0-384d-8ecb-c78f335b3887,4
726b6c57-1b58-3190-8199-ade73e279596,4
6e20e1a1-331f-3235-9936-b57fabc966e3,4
529a1368-23b3-3103-8ba1-9d5d1d259c65,4
9e3a906d-05ae-3c5b-82e0-0ba22987154f,4
c55ddf96-c135-3e91-918d-d043b9607781,4
3a5b4abc-e7f8-3d2f-8c62-e8edc8ed0175,4
850d5a8d-b227-3ccb-84f4-d57dea45937e,4
46746eb0-f2bf-3bd2-9d30-845c22fc2c16,4
84707f70-fdd0-3b8f-8f44-f0dbd9de5d1c,4
1b80b98a-4abe-331e-a9e7-943ad95089eb,4
989d34d6-2bb5-3875-8844-9d07de56b441,4
0829317d-3977-30b5-8fa7-e767a7a5fb88,4
8c2650f1-1599-33e2-a744-4a4a49581d26,4
9e00e5da-91c5-3975-8276-be24400ac48f,4
a34d0d5a-65be-3b32-9ad0-dd9557f21732,4
3b77b775-95f7-38b3-8822-f3a8c601b8cf,4
4178f127-f6f1-3c21-b812-32e601dfa79f,4
7bc321d8-ed8a-36b4-9caf-e4b19b32dbe9,4
ffa0cd16-71c8-36f2-9a9f-80c83acd5aa8,4
3b2c2887-551d-346b-86f8-a9fc012bbfa3,4
fd5361bc-6007-3358-a75d-25711d2d37a1,4
29c3ac3f-8d2b-3005-9e3e-d44d2f34aa7f,4
d3ad3890-9df9-3950-9fd5-fffd81b63dce,4
134083a1-9589-3891-a9e1-bba566b3e2a3,4
e17e91cf-f92c-3f1c-9afb-c56f14c1ddc5,4
0f8041bb-6198-3aaa-bec7-42457d70f9d4,4
6f77eeb0-cb5d-38bd-a14c-cf359c13b4e5,4
ef55cc7f-5a90-32f9-b7c0-fb761b6fb938,4
28ae3544-c44b-3950-9119-35335d17e1ed,4
7d1bb08c-f16c-35e7-ac05-4d56fb4f35c0,4
c41115a5-269a-364d-88eb-00853b6f8199,4
554b262f-d99d-34ba-993d-289b59559ca3,4
2f5b594b-c471-320a-b203-d79340636cdc,4
94890ecf-9122-34b3-bfe8-dd7f7dcc6da6,4
7190aceb-7cf6-3e66-99a7-48df04acd7a0,4
1c096751-fcf1-3b98-b018-d12dd82af4e6,4
7c8be355-7222-3287-bd66-fe64008ecc6c,4
c05d63a4-0bb1-399b-960f-6a34a81f547c,4
47b966f2-96da-378b-8347-d7ff19f47dcc,4
02c926dd-5921-3ed8-ba11-5b87bbe8e30b,4
6a94b9b4-5d67-3029-9793-49e6eb782f68,4
9fadf6e7-64ee-3933-831d-08effb329fa9,4
4a500eae-d2d5-34e4-90ed-0e8b0af1d974,4
6e846c5a-2145-3321-8371-ed9f7de79b03,4
d0ed7f24-f2c7-3926-a268-7755e4f58d01,4
bfaf2c0e-2116-3b7a-8d87-2eabc1a89b5c,4
034e0b14-b238-392c-a5f4-7b4d7d4bda39,4
fa4766eb-a46c-3f38-a8e4-7d69e6197b0b,4
116b74cc-38f8-3f2d-a803-3a176b21ee4f,4
c3c02705-c8a2-3862-b5f9-68cc2b5fe3dc,4
94725fed-a71b-39a1-83a5-556bb2f478e2,4
f9cf121c-0581-32cb-b416-e4963a4f0ccf,4
5018c700-c2ce-31c1-8aaa-e83294325eed,4
b5bad1ae-0853-3b84-9f35-e71a0055cab2,4
2e2b5cbd-77fe-3d06-b444-34ee8759fcb9,4
0eed603e-69b7-35c0-8e4c-1d9d74f7af77,4
3f831ea5-82db-38bf-be13-d749bab55556,4
0bc806a4-c0ae-3d11-80cf-4bbc8c3aa515,4
29cc76e8-a1ee-3e59-b678-34b27c10dd57,4
8b3807b1-7f1b-3d78-9825-fbebef614114,4
17fa9116-da28-3549-8a95-685d08d207cc,4
d3c7f80b-f07b-3da2-b407-6d68b9a47941,4
4705c0bc-baf6-35a7-9261-80f7adff4280,4
fe29da80-9cc8-3858-9b39-04eb1d45d86d,4
5688823c-9c4f-3b78-ae35-aaf20c02f176,4
54d2b023-cf10-3ac9-bb64-8d48af441e7a,4
48bede8c-35a2-3f0b-8825-c50a59480dae,4
8cd18e00-39df-32a7-bf60-ab23f921e20f,4
9dc98009-17e0-308e-b08c-b060995d5a65,4
169821b5-e0e2-3ef3-9de2-6ecc64fa7589,4
595601cc-b50e-39a1-9baf-0b6ecda3d452,4
6041bce1-2b97-3b3e-990f-2602b8d205ba,4
d71a1edc-d7bb-305d-ab25-d956eac3c5c2,4
e66284cc-51a3-38f7-b144-528f56c2fbef,4
966c1c24-ecaa-3764-b76d-c04a8b8fd2a1,4
fa6c6475-24e3-3d4f-b58b-3838b8a06c93,4
210373b1-b998-3804-9c5a-672ef70daa39,4
c592f8c8-545a-3fff-a88b-a1bcf32ea8d5,4
f7a2844b-b2ed-3108-8063-9a04a6bab469,4
28497eb9-c683-3911-9333-8923e710ea4d,4
6f4093ae-d73b-3d29-82a3-de43dad2c9b1,4
7084f50d-255a-3740-8b51-f5b300667076,4
7ee17b76-e874-32ae-8fc3-b5e560b2a3ba,4
4d9d382a-0c6b-3624-9652-382a728b8eeb,4
70fe7a5a-acb9-3d27-9e7e-5d8b3ffdee73,4
5534df41-5702-3efb-81ef-6aac4745a43f,4
1dad6c4b-e842-3862-a0a9-099c818477f8,4
cc6812cd-8ea8-352c-a8bd-911b0547b26e,4
39c3f8d7-5bc9-3bd9-b3de-264651e80928,4
7874ccb9-fd4a-350b-8545-e229f150a69c,4
fea26c48-94ff-3676-bfba-b15167e1aef3,4
66fe2642-9752-3624-bf98-8e7f4bf007bd,4
9bd1ee8a-7595-3afa-ac43-84ca2b8cfce4,4
605e35b7-df93-3a14-be01-e11085d6be00,4
349e4ce6-fde2-3da9-b452-471d7a6a9843,4
c2d2b195-f2f2-3fc6-be50-f5d4e710dff4,4
cf7a6b31-6726-3e81-b58f-95fee365f345,4
a2b52d76-3f91-38bf-9941-bf5664f5c988,4
ef7bf23a-d813-3733-b577-3c64e4ffa06b,4
e75abe57-c7cb-310e-b845-e29e064aa4da,4
dbd9a05f-0975-331d-b51a-10cce0a15853,4
c214f402-94a3-34cc-9b61-64e4e39a6924,4
a87a9af3-d888-3fb6-8835-f8299cdc15a8,4
d4bbae2a-e477-3717-8dd2-b1b6b6222fe1,4
229e67aa-e81c-3637-8097-19fd62031489,4
a2a51927-833e-38c4-baa0-bb2eac3d9f58,4
9fcd5989-9bbd-3f79-b1b8-d5c28d541254,4
73748756-6071-39be-b888-683399b1be55,4
b65b6d09-5c96-3b76-870f-7de3d14896ef,4
67d38b34-79f0-3b01-b371-10cf6ff5a7d4,4
e3a96933-3a73-3f73-8e1e-028397fc516a,4
2cf4d2ec-0406-3a32-a38c-dc5afcb74c1b,4
912452c8-41a0-3428-a040-5ce7d9d10af5,4
489e8a33-89b6-3ee9-bbb5-f70ffc2165df,4
3bc8cb69-12a1-3a66-b46e-cb3d7eaf17e8,4
e5d13b7e-6353-35a6-82f6-2f3a834aa8ff,4
5a305046-fdea-3ee1-831b-b29ef6cd8781,4
9007badd-a640-3292-9e8e-2fa3c42da6f1,4
cfa6cd66-b246-3c41-9af0-41f65c8be5e5,4
a5f3d496-b09d-3631-a04d-bf19106c24aa,4
273cf573-db99-3ff5-adfe-43ccaf3094e9,4
489df713-1293-3a82-9248-82441ee476e9,4
4594fb50-9a40-30b7-ae5f-046c579e8e70,4
f5b9110b-dd0d-36b0-878b-a26a8cc16230,4
67a9bfe1-b355-3c9f-96d4-748f34113638,4
6a87892d-9e65-37c8-87c2-41b6a9d6a6db,4
7e976a12-ecab-3317-bca3-84c76c4e87de,4
4257cdc4-4b06-3c1a-8a7b-dbb6958abc60,4
d29e59a8-ced6-3ea2-b5d0-6ef01820eb8e,4
7e165e39-56fa-313e-8dc2-3247821dbd8f,4
83a00f3c-851b-3846-b57f-554e3a658082,4
a1d65f77-5e41-3687-aa67-3428034e565c,4
056b3719-6b24-3984-aa4e-ff0bd607b04c,4
7c7e0fb9-871e-3267-a38b-3259bbe9e924,4
3a7d6fa0-51c9-349a-a23f-415584ab8ce4,4
cf2768ac-0390-36ea-9148-8dce64444538,4
41716972-d73b-316b-a1d2-e91d040d23f0,4
69a7bd29-058f-3266-b1f0-f31c7843ca35,4
a16dc831-1e9b-3fab-b6ae-b04a2b875542,4
3646f7b1-38f9-3bd7-9cc3-4d570014cf14,4
66a24e34-1318-3352-b0ff-54b6667bbe59,4
af10694b-87a6-385d-b6ad-b2153b003f9f,4
4c27ff6f-1dc1-38a5-bd88-1db2128e1f25,4
60f62d0b-0844-3c84-95a0-8d05e19c4cf8,4
a5d73832-6949-32c0-b4c0-6908957f0a46,4
f6492278-310d-3c98-bdab-b1132f5c23c5,4
6be97cf7-2ae6-33af-a36c-2e05a899006f,4
06b7374f-1ddb-3ae3-80f5-d4124da49f29,4
b346425f-3c97-3f8d-bb94-6d3ee5662afc,4
7255eb58-8011-38f1-b0cf-aaaab4eded0b,4
3bd75ecf-7ecb-3f02-b701-efb1bcb2b56c,4
f27048d1-46a9-39a1-91e3-2d4ad1cb38ea,4
338b2a93-e719-3e45-a3a3-fde8ced69acb,4
5eaf8da6-6d1a-35f0-949a-3b30d54a0308,4
588c962f-8dd1-30ce-b889-6508134eb06c,4
838e0aa2-7e36-311b-b6d5-fb90e42740bb,4
e484585c-c176-3d21-a671-11878eec0b61,4
78e8cb38-5bdf-3035-ad63-111cb220d8f9,4
a4222e18-2056-3481-adff-43aac154516d,4
3ac002d7-d911-35f7-b1ce-6457e255d885,4
f5478f56-02eb-3347-963d-f1645ebee1b4,4
20f45af5-8dcf-3d42-8004-f169ed17647a,4
8e4b7c76-3139-36a7-aa3a-df5a45f6f825,4
49d8e79b-bbae-3c12-8750-abfa60fe26ba,4
622eae2b-0d06-36d8-9efd-948bec1adc41,4
2871b3f8-5b8e-32a7-906d-ba71ed9da049,4
49731258-850b-3855-9d2d-97509acfc2e4,4
791b4cac-9b3f-326d-8a62-c602b2f70031,4
aeffcb0d-382e-3cd9-9efe-626a8c98e9fd,4
374a918a-8967-3e35-8a9e-c24d6b7c8698,4
100a5de2-d2bf-3d62-9e34-da58d23f0d51,4
61ea058a-88bb-3dae-bb61-9a0443543403,4
de6f1a75-eab0-34bb-b405-be9c40004af8,4
7678ccab-3a43-3c14-967f-82156ebb1f07,4
245ae68f-feb3-3dfd-850f-6b5937324ff0,4
9d02c0c2-c73e-3a6b-9375-be54e19a5176,4
f7c2ff1c-0385-3acb-bcbb-7e9cb9f80b3a,4
11c3b4c4-58bd-3b8d-bd7c-28ed47fafac6,4
1cd413ba-36a9-3cf8-8949-72249134a42f,4
c49563db-3fca-3756-91e5-0745b4211855,4
a5434d89-c7cb-3fea-89cb-e935eb76d614,4
e5a2fffb-a790-3ff8-bd12-5e23024c2a34,4
beec38c8-12e3-385f-b01f-5ec2c42b7091,4
9b2cdc6d-c99a-3067-80ce-20889a54716f,4
7db16636-74d5-3efb-8ec8-699c6b86fa0b,4
a73abf44-b45a-3b4d-bab6-8d63540df70a,4
f5dd3686-0202-3c23-a8a9-ff47105b1d3b,4
1bcef0ac-21c4-3af0-96aa-b8dcf50dd816,4
6910e110-85d4-3438-84b1-030093d6f2b8,4
c67b06f0-c0b3-3a6e-ade3-5457b0e47e35,4
80c9cbe1-5ac5-307e-8bc0-aa5e2b9824f6,4
aa0ddc95-bddb-3dad-8f45-c05cc24fc23b,4
df500dc4-25d0-3c28-a0b4-1f2e1ae63dec,4
75aee779-0ec1-36a6-879c-11768b231e24,4
d66f179f-bb35-32fe-ad44-340656f517d4,4
68d2564b-d502-3934-b9c6-3b43b1374dfe,4
3bd2c4e1-93c2-3181-87f6-fea5c97342d5,4
297f64d6-b11b-368a-b61f-48cefa48459f,4
71f12cae-c1e9-3400-9f3a-f27bedaa8b96,4
f2574b57-16c9-3fe6-b8bc-111e73062740,4
a1d601cf-5c67-359f-afa7-518028a10706,4
2767d8da-fbd7-3560-a833-a9cda2c23126,4
c5c6f8f0-3241-331f-a5a9-d971a3a3e9b0,4
fa975de1-6728-3a1c-92ad-e4be78d0bd8b,4
8ac617e1-31f9-38e9-a5ec-37ded41308ca,4
82209e90-3654-3eb9-b7e5-76aca18cad36,4
49f821c4-1852-3ce9-8f03-d01aacc4d5af,4
3ae4c9f8-9fea-3e56-a725-f0977d04f61b,4
31260b79-a324-3068-b1b4-59602062b36a,4
f150e56e-4b79-3be7-a90a-c8048c89501a,4
9f83d17f-c84f-3b88-8ed3-645fd0e13fce,4
0203c1fd-107c-33d4-a3e0-77f2504ec96c,4
290a8b83-94ce-321a-b094-1241988c31cd,4
8c6a1e77-4eed-3206-9c72-09a2e3fde2c5,4
542c4009-5f35-3287-9737-d9cdc9944dd5,4
78b4e045-ac79-3972-aa39-bb6a8eaf75db,4
e4bfb525-8a65-38cc-8aac-b4852ef62505,4
6c4fb896-3bc9-35b9-929a-de6adda66aea,4
4f835ffd-a227-30ad-8f60-1a7f78d56fce,4
56a35b93-650b-346d-a716-e75fb357b52f,4
5f17e648-c8fe-3a96-a915-8eafa3988db1,4
401ad007-4800-304c-b768-ad5321366ec0,4
a3b7601a-0b5f-3b0d-8d7d-930394b06e67,4
25e9a50a-5a95-3b7c-afef-7dacddb21004,4
79d70026-af39-36ba-9fc5-a1b76b9b59fe,4
e3c0f93a-f00b-3ead-a14a-74d8f28626a1,4
9d5e1e8d-d4c6-3fd5-9d33-4dc9e831c7c8,4
b6848bde-d795-36b7-b860-1507a44462ef,4
1aa123ce-c678-3a2a-ae74-a10267c88730,4
eecc5a1d-171b-3098-a92d-7e44cfe7733d,4
a168e43d-8736-3ce8-b255-f76242e087af,4
28de0896-3c8d-3a72-8283-20eea52fcb1c,4
af421873-9055-3f63-9022-70a679e944f2,4
a920d7e3-2aa9-3867-a37c-96e012a7559b,4
c615c803-f1d4-3a5a-aae7-1b7dc60d0896,4
7fce1721-323e-3b7b-932b-48db28441149,4
fe85942d-019c-3add-9cce-99a4810b7e6b,4
861c02b1-cb32-361a-b141-b59f2086ed35,4
761f92e7-eeb1-3450-89bd-651120603be0,4
253462ee-ff43-3df1-86d3-e0f8fd2acd25,4
1f720208-2586-3245-ad70-62c358e9b979,4
52817df2-b331-3d1d-9fc4-277ec8136d00,4
2496132b-bce1-30d7-83b0-f6731e16a74d,4
1db2d18a-a027-3c0f-ad87-dfb09562f7ce,4
736c5308-101a-3188-880e-770dc8aec2cb,4
37e71e6b-d0f7-3b03-8dab-cd5e59b87528,4
a7ad19f3-c436-3032-8cf4-91e3d0dbcb6c,4
a8ed09d2-d13b-32d9-95b2-afdfdf1b6038,4
5e398652-e6e4-3d94-a452-916c613514f6,4
dbdd5538-2a68-375c-95a9-69a49e2cce48,4
e6fb5636-183b-3822-b049-b49e27932b7f,4
9d5c2ba1-db5b-38ed-aa54-280ae2341afb,4
888eca9c-4605-303c-9470-110035229e92,4
44209286-7472-38b3-a02d-0e38c1cbe078,4
02e9d14a-2cc8-3655-b9ca-378c87777a56,4
bfbe95dc-314e-3b5e-bfec-484d79e4d11c,4
1ff189a9-4fec-3707-afb0-e50c9b3aedb1,4
1bbcb76e-f0c0-340c-aced-508aaa2a3834,4
4029f2b8-d0c9-3e6c-86dd-8180565c7221,4
4a41edf2-f601-33ee-8104-9f7fc4226765,4
ef61d897-2f95-3ba7-a592-a374a1e91487,4
de9b11d4-edd6-3ede-8948-5194d6f837e6,4
3b9ffea3-a489-3965-9341-095178a6e46d,4
a771a1e1-87d0-389a-bf0f-2715844135ec,4
3f66fc94-d2be-30ea-b54a-dd695d9aaa20,4
3d2db6f5-4085-37aa-9143-cfbd23c72c9b,4
a992c8e3-a9cc-32a6-b4db-fbae717461e6,4
8de3280c-7899-331c-9740-5d28f6b0401f,4
79ce7414-d419-374c-98f6-ed2936cb2fdd,4
84d5d5ca-3a20-3a04-886d-043a42bc2ef9,4
f8806f86-0744-3e1b-9681-c075211d365b,4
e5f3202c-7e29-359f-a26a-3754ac3f89d7,4
027b618c-cb7e-3425-bfd6-9c3ee830d032,4
3661e104-d945-3561-9587-f19541ba5781,4
e3df8d84-20a3-3d9c-8873-024d4a687722,4
565930f8-a3ad-37b5-bdc2-3e50bf749d4f,4
84509d52-5d19-3758-bf55-39acdec23850,4
794ccdda-be56-3def-8da0-df34bbfd4441,4
8976f17a-815f-3564-8f1c-0e75d6097f24,4
5e5d341c-44dc-3869-89cf-dac23a90799c,4
8d905da5-94fc-33ca-942e-f1ce58d4f88f,4
a6417e47-e53e-3f65-8b0b-b0c9bf64dcb8,4
a1cb8f7e-225b-3b58-816a-cb9b8bd09647,4
8c404f40-8d0a-34cd-b325-dc4233c53cae,4
e0589009-fe85-32af-95cc-c54355318c33,4
1b514b97-dc8c-3c27-9acc-77c9b243e2bf,4
8ee5a3f8-5f63-3bda-83bf-424e7b0743f9,4
6afd3a49-3520-35f4-9df8-38ef0d370ddc,4
a628f469-e883-3225-aae0-597ffca00a2f,4
63a0a020-ed2b-3c7e-a649-9746ea19c3fd,4
fff153a8-9b93-3451-a4a5-2db9eb8acf18,4
52fb67ba-9082-38a4-adb1-ff63672e15f4,4
0040b67b-7885-386e-a2bc-0a57a5464dbb,4
b0ea90e7-b4a5-317e-9dbd-99b18984b2b5,4
594f7ce0-0fd3-3d14-8808-d9d5fbeea635,4
2ff59f65-9839-31e0-ac85-4818253cf53e,4
80c3bc58-16bc-3163-bbcf-962a7e4b7a1a,4
e7c40434-9c96-3a72-9b43-8d64bb603652,4
671afc14-f8a7-3df9-a326-f459b93d5d2a,4
46b73938-3696-39bd-af53-9ce1555ec3a1,4
79c9305c-d72e-327d-a775-4c95682a1bdc,4
c5e7ca2d-29c1-330f-bcb6-9a40b50eb8ee,4
0b0aade3-d078-389e-8cc5-123c375ad04b,4
26325474-a4a8-338b-82d3-2b89966948a3,4
344a5d5c-6196-359a-9a93-1be45db73289,4
10bd8b20-d06e-3041-949f-af25b9138423,4
380b8e1b-daf1-37b8-861f-beadd03a9286,4
87c06905-ee76-3011-965a-12d1201e30c9,4
ee92c531-3333-3704-80c5-085a74f6707d,4
e2c5128e-904d-31ba-8ca0-2d25793a8dad,4
d539d021-74ea-35e6-bc8b-24554419edde,4
ec42ef58-d4b3-38f7-bf6c-b394f083e55e,4
75d5f6cf-3923-32f5-a5b2-471ef1917837,4
77094bf3-c523-38af-aaed-7bf91edb519f,4
e06072f6-dae3-3d75-9c80-c0780d16b474,4
ded3307c-88dc-307c-9902-f013daf5abb2,4
aff3dedc-a645-3478-a745-2459e9ac4610,4
34dcddc3-0533-3c11-a4b6-589c3eceb6c9,4
02f5ac42-edae-3fce-b7cd-b7b93a10b734,4
340b3b31-9109-3941-b7b7-0393c8a5bdd4,4
f44bfa68-5638-3a1d-ae12-9e8bdb346ad3,4
5b40b707-7b97-32e5-b038-245018684990,4
9c22b274-86e6-3b1f-a29e-7bbcef052bff,4
a862b70e-b114-3837-a894-9595e74a6d42,4
03f3b68c-35c6-3369-8229-e96642f7b169,4
84ca972e-f158-3539-b5f3-45a2ffa26aff,4
5976127b-2897-3110-b7c3-10ac117103be,4
22801933-d81e-3ea5-ae6e-e1f759b2a764,4
b89d7b03-8daa-36cf-b703-40fb8b2cdf16,4
87e8159e-0632-3484-8c56-c285c16cf608,4
d6d0f60a-ceee-386f-bfe3-cd62dab4d395,4
088d0c5d-3c73-3da5-95cc-7d3b8056311d,4
331cc878-c37d-3481-86ff-438ced259154,4
ad853cdc-f2a2-3da9-9290-abecf0850998,4
0d4734a7-5158-371a-81ba-d81d4df777b7,4
d9f8a7e7-e665-3146-a19d-bcb0c6dbfc65,4
fc0b7a1f-e4f9-336e-ae78-14aa0fbce6ab,4
a837de68-18ac-3886-bfb8-114d46c6e37e,4
9853e3f0-e750-33e2-99d7-a3b00b1a78b2,4
a7254cb0-f8aa-3c89-a0fd-ad1f1a5435fa,4
dbaecff3-51bb-3d7c-b27c-31a5be4bab3c,4
e1859cdd-839c-317e-8226-76202b93b4f9,4
924587c8-b798-31d6-96cb-c399d0cdddf5,4
2e48d052-fbc2-3850-9d30-e1a0014ab4a5,4
5d4a244e-f218-3a03-a841-34a6930be442,4
ed9c7577-a8e4-3a13-b215-ee25000b6289,4
e47ebb42-3dac-348d-929c-b78d708fb7f7,4
f3b6bbe1-2f1e-3cdf-8bfa-8c3af88cc342,4
e7eff36c-33ed-3261-8f60-32a67ad88c09,4
71f6f50b-7f3a-3fa6-aa7e-b2b7c8e64cd9,4
a87a76ef-412c-31c6-8e41-40919aab6643,4
390132fa-ab99-36ad-9e00-2b2d23441b0f,4
eafddcc4-ca90-3c91-b94c-fbc1d0bb589f,4
d9e72c2d-fe76-32f6-826b-c1d3c5454101,4
4d92f5ca-e49a-356c-afbb-41cf566dcb77,4
5abd6beb-5e63-3a86-9ca9-08d35475342c,4
5d99dc93-eecd-375a-a09c-dbd00a0073c6,4
39dc3724-3125-3c92-bea8-27e2d8b005a2,4
16959f63-71c0-3ac2-8bb9-e335c283bd77,4
31936284-1551-3fde-a6be-cce6d29f8a68,4
72343c03-3dee-3319-b5f3-b0fac2a40c8a,4
a02ad0f6-cce5-35f3-8267-73d30ffbae0f,4
1373eeb3-dcc9-3137-b76c-c8617c6e6653,4
32f39501-d1a5-3f42-bb2b-f8c414815c17,4
7c168011-55bb-3226-9456-df6437d88d35,4
12c040e8-ab72-392b-ba00-cd4442eae399,4
6f3cd487-bbf0-36d9-981f-3bc1d2cbb395,4
90abcbb2-fb2f-3c06-836c-a8dbbba2e0df,4
7c4b0afe-ef49-39b3-a792-9b777be971f9,4
c8b27af0-7760-35ec-9d58-95b26aff04c7,4
1e352116-cff9-36d2-ae15-ddb9c3ea0139,4
d9f4094e-e968-3bd1-ad06-8bad0979219e,4
4748fbe9-acf0-31c7-93ee-a57857cc8765,4
96365b98-f512-31e8-9f11-88856df71042,4
ee6fee0b-2cb2-30b9-886e-d7c1e5c0b50f,4
635445c5-8b91-346c-a281-cdbb0712871b,4
55d6782a-2fd7-382f-8e76-c5a4799aa7c9,4
66b222dc-084f-31d0-9232-82f29e8a2c89,4
2827ff5a-cd90-34ca-883b-3fce6025e0b7,4
330456d0-406e-3aec-b926-48d5cb171513,4
9c7b0d8b-4337-3367-9277-b9317d625c92,4
67110080-d0d4-3083-83f1-bcffa4a2c131,4
1e84a801-b945-3823-ad92-5d077eb7456e,4
6d6e96a9-3c80-3b7f-863b-f8c187491a25,4
161e9cea-8726-3245-b06f-9f8d1bd848ad,4
785faa45-a005-3cf3-b5f8-8d5791b240d6,4
77efc21e-7a6a-380d-aba4-f644c7b3ae90,4
7f0547dd-caaa-3561-9aeb-2965b26408ca,4
c271e6bd-64b5-382a-9c5e-1c88ddd0a367,4
6af6ae4b-e80e-36a3-ae68-9050ec6e6401,4
5218b72f-c1d5-34dc-9b87-69cf9e6920b9,4
4758d8ac-31ab-3cad-8c98-463a88e3e81e,4
e10ea8df-b24f-3833-ba77-17831e00c4ec,4
771920ca-e2ee-3643-ad2a-81bc9a11ab5a,4
4528471b-a7d6-3d27-bd93-08685ba736ac,4
5b01ee9e-c779-31c9-b65a-7942273a1278,4
901aa416-4c93-3f80-8d10-b51c7341fea0,4
97085f0d-938a-3195-961f-a1c24dfee71a,4
85386d60-ebbc-37c2-b8cd-78e5b71b4a2f,4
67c8ac9b-c659-386e-94e6-3bd3d98af7c0,4
383e61fb-6d93-34ca-9126-4d25ca051a5a,4
15a5c878-f573-3d56-9d5a-ded30094ef25,4
fc3defb6-4a65-39f9-a395-7249cdf98c96,4
8fd2648d-be04-36b8-8909-4ad5bfb779da,4
ec1b13f3-a924-391c-85f2-62eafbf6cb7b,4
bef098f9-9e99-355c-8eb5-01ea06510f87,4
a9a434e7-200c-3b7a-b7bd-b799db209b99,4
d5cba5f2-261e-326e-a856-49f21593238c,4
1549dd49-0d3b-3375-9a4e-4a4dd807dba9,4
b7a246eb-5d75-3432-ac3b-e909896cd65e,4
d6aa65f4-d79a-3300-9a7c-7b3105a03245,4
807cf55b-6ec8-399e-a63b-b8e55eff39de,4
42fc3eb9-17b6-3f09-9433-6f52a953946a,4
4e7600e6-bee2-3dce-90d0-e5defe392857,4
057d75aa-3ae1-3aab-a656-b5a7b3b71377,4
bf03a822-ac6d-3d4c-9f1b-f9613e9a51d0,4
e1f38418-3f37-3f5a-a4fd-39bf1247a6c1,4
680cb9b8-a534-3b21-a73a-9c99f09f73a1,4
82233e21-7503-3425-9bab-a2bf0442b0cf,4
02d0e301-cd9c-3867-8b18-a8545a396651,4
c281be4d-3b19-3b9e-b7f5-01a4f65ff5ee,4
3c5eb9b7-ecde-34ff-90c9-0c602b8f48a8,4
49d5f255-217d-3125-b96c-54a502c14e85,4
e93c1bfe-d552-3e7d-a77e-e38ed95981e1,4
1a447ead-98e9-3c68-9950-2f86edfac573,4
174a939f-2031-3d26-b2f2-657997e2fb60,4
de9bf16e-cddd-3e24-9fbb-64e35bd9cd76,4
64527fca-dea0-3c8d-8d8c-6f53293e587e,4
094121d5-0778-3913-aa02-b147273dfcd5,4
92824034-003c-3706-8253-3e190a6ad698,4
0a0a7236-aa35-3d8b-b7e8-d441f5aa070d,4
1e389618-534e-3ded-ad8d-1c4c5102e769,4
017a0ff6-cec9-33c0-abee-b1263da397c0,4
84cc91c0-db1f-38c1-8616-5924091ce86c,4
0aac0012-a7ea-3a84-a1f5-99491f6b82fa,4
243b14b5-83bb-3dc3-a19f-b6f40962bdbf,4
0386f196-10aa-3e43-89d5-73b66e1e5f74,4
947a6a43-b6a1-386e-8353-bbdcc9760ea3,4
1c3af5bc-0490-3f14-9559-7133b71f6606,4
bedc1dbd-5784-3825-80db-9f2ca7e56a35,4
8d313a3e-9b69-3bfb-a521-532920507d0a,4
64adf90f-bb23-3c91-97a4-b8d7c2567314,4
f3b41226-437e-3f27-aa67-6b0eb5ecf5b0,4
0aa3b920-808d-3357-9666-f352cc359232,4
6d83807f-153a-32ec-a028-96fab47182d1,4
f034adf7-cdb8-3e3b-ad9b-3f27350a1d5b,4
eb148a4f-8ef2-3f9a-ae8b-5f41040ed4da,4
9cd510b6-ec9e-3f4d-90e6-fdd6a097410a,4
c4f87cdd-d82c-3bdf-a559-16fa961d9aeb,4
32379b89-83ee-3080-ac88-c657e9b73220,4
77386f43-9917-3d6f-b606-f1110753ab4e,4
997ae010-9840-3a75-bf01-36da2226d0e9,4
0ce19591-47bf-3079-8d19-f6ab74c301ea,4
756015c1-96e2-374e-876e-d1baaf7709c7,4
090fe9a8-a44c-34b9-a39e-c6073bf7b9c2,4
0816f7b0-f0df-3b14-92d6-4c46554a6f66,4
5a8189e2-56df-3a5d-b9f3-8eb141ab93a5,4
bda2177a-4b62-3770-800f-ef23610e94dd,4
eacd45df-42ca-37be-8771-fab57aef55fd,4
84b0d003-04a2-37da-a5d6-adb2413a360c,4
9552c17b-1f4f-390a-acb9-dcf80cdfeb32,4
a44bc6e0-18bd-3c71-8629-121c97755763,4
1cd0763f-3e0f-316a-b16a-74dca0d1ecec,4
023da587-7192-3f63-84aa-15b1801ae495,4
5674a1bf-f242-3b1b-936e-58e82411435d,4
d0a511d3-0ce7-3f62-ab62-a4added4cc9f,4
b8ad44eb-a590-373f-a3a1-024acea8d409,4
d3004258-0731-3e56-bd75-a6cbe135969a,4
21f5ca22-0a39-3110-8c5d-16de6420aeda,4
9b291027-ab11-30ef-986f-25bf8f3268f4,4
ba06fe50-119f-3fe0-8115-50ebc8a0e5ce,4
63738a7d-5b06-3775-a20d-6d061ada0dac,4
94a5af76-cc62-317f-8f76-9c1e1c7cbca0,4
75b94353-81be-30f8-8903-61b3734af232,4
b80473f8-9784-33e4-b0b0-6ebca49b23d7,4
c8e79999-dead-361c-be04-aa1a4e9c901e,4
c5a2c09f-0742-3f88-8ee9-1436078fdf8d,4
61209b44-da5d-3627-a44f-0feb35601753,4
46b290fe-1d28-3d03-b694-63c1b5e8f2a7,4
02d25517-ceac-3057-8764-4d6b997a8eb6,4
d24de31e-96ec-3724-ab55-ee9ca47ebdf9,4
f0cf16c7-bd98-3434-8c22-439f7503b09b,4
33bfada7-02d3-3de8-a172-b64d79bb47c9,4
0d2b0b43-a2e8-3c43-96ff-9fd9a120cee5,4
33bc4f0b-1202-3420-b013-947170ac0b17,4
6f40fe67-eecc-33c5-9ca4-5c0ce6d961c6,4
d1e6b562-dd92-3457-b02f-2e512cccf372,4
f35bde8d-1d87-38fe-91d8-3e2985c6dd1d,4
f3d9beff-dede-3f69-baac-340714b01a3d,4
e75d355b-4b9b-3f21-91b2-926bbce2bfbb,4
7599a9d6-9af7-35b5-85ff-5fabc0985158,4
0198cb2f-0f35-31fa-9942-842dc86fca2f,4
5f5cd182-e2a9-330e-8baf-5f80e82e0564,4
6b7e72ba-52cd-365a-b18f-360b86c4dc33,4
ae052a11-e3e5-3476-9cfe-9e3fe8a64dc3,4
8e67f07a-0978-32d9-90b5-5c1d13eba052,4
365e3bd2-8d2c-3456-b257-fadde991e910,4
c1b3fe47-0d3e-31ac-b7b3-378699565806,4
ca7bdab7-69f9-314b-8933-d641442741cd,4
4fe9f84d-24d6-3952-9062-33e4ce01ee5f,4
bfb47d93-d136-315c-b589-da91b0493276,4
5894a0c5-307a-32ed-bfea-d319609eb01e,4
96c981a8-4119-356c-a7b4-f2f5ecc042de,4
25ed0179-9d8b-35e3-a768-472bfd0e19af,4
2e7000be-6b99-3c2c-a33a-c89af0c125b6,4
02cccf3a-27f9-3d0e-94ab-cf45333e19eb,4
e4b78723-577c-39f0-8166-e49914761534,4
a641861f-2c85-3370-91ab-531f49d1f032,4
c7bf4a33-99dd-3ec0-8dcd-775dec00d7e5,4
0a7f2786-3110-342e-bab3-d44b66fb267d,4
33e10231-85ca-351d-9b68-d10f0e683f9a,4
6ed900a1-b6be-3d7c-a7df-bf933efd7a72,4
5c1f5044-db6d-37ca-b14a-347c7cf37398,4
65607d1d-983d-3e61-9afe-885f775fa86e,4
bc2ae41e-2dcc-324d-8d38-e6c6344da1d1,4
d8f7baf0-90be-3d3a-a20f-55e02314f2d7,4
a3f71643-dbd1-3bd3-ad33-7e53ddadc8fb,4
139751f1-ad24-3b36-ab9a-d2eefbc590d1,4
8f40d6a2-8f70-30a0-b881-49dedd23c75f,4
82c139ea-3fe0-3505-8649-ae8e0c33b00b,4
8578f73a-4751-397b-928c-8b693d8a757e,4
5b4323cd-868a-32a2-a6b7-df84e46f5677,4
bc9a7bcf-b9ec-3b17-8c84-0a9605de3a15,4
f48390b5-bf9b-3118-b2ef-9c91b21ba6f9,4
e08f28d3-f255-3a36-8392-13c221e79ab7,4
d0855da1-58dd-3176-9a5e-3136b235ed17,4
cf27cff9-e42a-391f-9354-a0c420a3073b,4
9d0b9a1f-324e-30fc-952d-988b2af4ae66,4
023ed852-9629-390c-8eeb-8304fad6f342,4
68da126b-ed08-37dc-9522-be2dd1875799,4
7f5a245f-52df-313c-8b0a-ab098e7480f3,4
d8ebb6dd-5271-39d2-b068-f9abfa92813e,4
4da60690-b9cf-3c5e-b564-4a15fb54b09e,4
c0cadf1c-00fe-386d-8c00-1279a8bf3c19,4
7dca4071-e929-3838-943b-698a436a4b99,4
d328aa93-0128-3068-9947-4794a5829beb,4
9d7e2cc4-fe3a-3dce-9675-0abb74e4548f,4
0da95880-6845-3b57-84e7-a222817ec510,4
c78a8417-56a0-3591-adcb-51e834fc1835,4
8a84fbe3-1410-3320-8741-8e6e315895ab,4
d3a0fc71-a60a-33e7-ad19-75725ae309d7,4
06b09a9a-f8bc-35ab-ae76-a473e440d2ea,4
73701837-ea1d-3ae5-8228-447ac8d48421,4
0ceeceb4-f6ea-3693-9257-4c4a7e5813f5,4
5039dbbb-2a30-3f88-8b5c-0ebe7153a706,4
635a33aa-a997-37fa-a298-3a1fc54b959a,4
bcf41226-54af-3519-b28d-28e152e6c248,4
7abb18cc-eb28-3083-91a4-7603cdd5d4e4,4
1356d9d1-b8cc-3abf-a089-fa7e802d1f61,4
b96e2617-703e-3e24-b56d-2598ca2e4e59,4
488e6913-23e1-3fb4-87a0-f881fb621659,4
a45eb310-5732-3a49-a4f6-5cfd98b14f29,4
9f5a4f41-da6e-3e2f-b081-0135ff83aa5b,4
729ca047-3bf8-3e93-b090-adb7cdb553b6,4
f33be5dc-e999-3288-9d05-cd6ba17c3d1c,4
ea7d9c1b-57d9-381f-9dcb-f04e755f8704,4
2ec373ee-d87a-338c-9e58-1487c25f3990,4
dafa77a9-40f1-3711-a531-ececd57c6a8a,4
844ac28b-f63c-3b13-8746-2ece4d57029c,4
1ae3508a-5d7e-36fe-9bcf-c2d69b59a5d9,4
22d4bc26-d77d-3d07-9672-d1d42df0d86f,4
20cf37aa-fbfb-3841-8984-d9fc84cbce05,4
c9d0a814-8680-392d-8eba-5647d7dca5ac,4
b71601a6-a4f6-3586-b960-528d0816ba93,4
be852cfe-9ac6-3a3f-8440-015878b4ffe1,4
ee4b64f2-3e97-3faf-8f70-ee25bc1b96dc,4
7c234025-2f19-3095-9f6d-616e5f5b350b,4
57471f98-e421-38b4-ae29-858e91be8723,4
7bb7275a-1022-31f2-83b2-e341932217dd,4
c273e7d1-aec8-3fb8-ae94-9e865874ad9a,4
73f35a0c-90c2-3601-ae23-200879b0e9d8,4
93734f92-fbab-3e07-844b-68d7a9dcda66,4
53222976-44cc-3db1-b157-3da69076e1c6,4
b4937944-b6f9-3717-9363-7b1ca38a285d,4
0bd61b42-152c-3146-b4a5-131b3075dc0e,4
5077d99b-c6fd-36d2-a349-ccc97f434cd5,4
fdd5d9c6-418e-3542-8bf9-06dd74fe8854,4
f7950f57-3227-3f5d-a783-1443f29e18ef,4
015a6db7-67f4-3d6f-a97e-f1c10ae0efa6,4
26b67743-0294-3f8b-b58e-8ce130ed75ee,4
ce19945b-ad15-32f1-975b-16d53c48d246,4
6b5c0d98-bcfc-39e9-b71f-7d502428452d,4
5626abe4-e4f2-30eb-8eab-f7baab7c181e,4
e9764a9c-a39c-3bef-b15d-3b314d490a2f,4
c1b2e860-98a9-3254-8dc0-86c3ac09390e,4
fc433112-b4d3-3e22-a519-8f1f0bff4bc4,4
8d272f19-c8d3-3e9d-8e14-d5ee571ee85b,4
af6e465b-7ad3-369a-9a12-d7391968cd09,4
47032328-9cbf-354d-82bb-d12cad6fd272,4
10bcfc7c-d3fa-363d-9ec7-ab94151ac8d1,4
30cf9bde-fda9-36b4-821a-aaaa8255393b,4
af22326f-28ef-3e9e-b44a-55760aed4ada,4
2bcc2743-a07e-376f-8e57-5be0cfc8f03c,4
ec00f345-a56c-391a-b1d5-b44c991983c0,4
a9a145c3-3796-32c3-91e1-e26c2113b710,4
89638662-45fe-3f65-9ede-e1dac6e897b9,4
44f938c8-bdc9-3798-ac46-d569f3d2850c,4
d64f7b13-80eb-3b4f-8dba-63f1fdb3e945,4
6a992ce1-e72a-3929-800e-4f8cb22df865,4
392eee6e-2af8-3f4b-853c-45f6ac296b1c,4
e510ed11-7361-3be6-bf5a-d45e90e1c1ca,4
e2cd34c4-4090-3258-b45f-043156382108,4
95bf6497-7a1c-3db4-969d-03da4ed4654c,4
38fbf7ae-ba7e-3e1f-9a92-22e2ce35bef7,4
af635a40-9ca1-3267-8399-d5b133dc735f,4
e73f17e3-1013-3ac9-b9dd-b98840dce4e3,4
e658b61f-cc30-35b0-9c82-33998f7e584f,4
a6b6fa35-aa26-324d-87fc-4d868806614b,4
211b1f03-5421-3585-8c37-51371316a33b,4
bcf8f5d9-bcab-3129-bd16-e96e9bdf23ae,4
1153a25e-ffa5-3884-8f9c-a3d11832d8dc,4
92e25a38-ce4f-3618-bd05-050ac519d512,4
8f7e3539-cb2b-3501-90ab-81c123df0309,4
c9fbf40c-317e-3767-a78c-938d7a1f935c,4
91e86c20-969d-3f7f-a3ba-ccaeeedbdeca,4
99039d84-a8cb-3a3d-94f6-dde29fc68581,4
85d02039-e007-38a2-a3f1-a25633946c33,4
39d32a60-bb2a-394e-a3d6-c02fbc2b023a,4
15c099c1-57f4-3924-9e56-fbc9f2d38ab8,4
d2731754-da99-3b99-b46c-f3ad0f163c95,4
62c96bb0-8bda-3445-8bc4-8c04f97ad45e,4
393ec55e-2896-3c3c-9760-d05871e92251,4
4b17cb60-ad13-333e-8b48-409ae31ec60d,4
73028097-e0f5-361b-8acf-7c24c1919613,4
66fb8259-11b6-3593-a951-3149d7bf5aa9,4
7f9a42c9-d1a0-33fb-b301-a36f50be8bc1,4
3cd99efc-fb53-31a1-b548-a31b07c8967d,4
b4a4fdd9-84be-377c-b4d7-fa16c2b17b28,4
80cdbcec-3de5-316d-89cd-d5523208cf75,4
f4c5f3ce-c0ce-3216-b32f-4226b35c67b8,4
a183b7b1-2a3b-33df-9360-d8769bd36b67,4
e47a773e-e508-3a8b-8123-ddef54520768,4
3bdece10-d1e5-3e10-9a08-f1a096fc7001,4
53d852af-7b48-3cfc-a06f-3be7822061e2,4
b713fb02-7776-30e9-abb5-5c5d2845424c,4
4b707477-5015-3115-9883-e313e9e99690,4
550eab22-57c2-3d70-ac27-af69d16ce7e3,4
8ef252de-93f5-3440-ba9c-62a61c1b0080,4
452577a3-f260-3c7a-963a-8a2b3fd322a5,4
923e4af7-01e5-36ed-8488-153f121e9d47,4
6dca936f-f156-35a4-a8ef-3be7962c0ea9,4
016140b6-a875-3c3d-be98-45c8fa7c8f94,4
d5acf3d7-4507-3f89-81af-e414974f0fe3,4
7cc8f33b-ba33-376e-a625-3115a69ba299,4
933028d9-f473-3a20-8080-f205b596f5d9,4
7c40a8b7-a463-379d-a04f-4b3b084f40fd,4
524a6b0b-caa5-3abd-8040-b71a1a5565e9,4
d55154a9-7e4e-3fc8-b642-ef622a3cad8c,4
330a96d7-567a-3ee6-a817-e76f7d57d274,4
99212c15-6e35-3c67-9869-dd09ee9fe1c1,4
a978d7e8-daf9-31b4-b5a1-0f3e9742640e,4
e8afb0cf-3ef5-3071-ae2b-8b76dd7f6466,4
a7dc9ed6-e21d-3fd6-83bb-e002dd4ccc5d,4
a4f7a410-61b9-3e7f-adb7-50bf5d8e522e,4
88d9fff6-ce77-3962-8cad-325e28c3a790,4
a55bb769-8ffc-3c7b-a0e1-b4c4e0db2a62,4
0286e9b5-f794-331e-a55d-7d617275ba62,4
b12f98ed-1ab3-3e47-983f-cc32cc72c691,4
530b7a95-e3a8-3db0-9bca-009b307d5cc4,4
0d88356e-a7fa-3628-a701-786404e8d2fe,4
3bb9f698-dc60-3f64-ae94-11ea8e7845d3,4
025f9c19-046d-3209-a3e7-e866615fc122,4
2f32a5ea-513f-3d35-8cbf-b339f93f5025,4
cbf1bdc9-41ad-3bcd-adf4-7ca89ea46b66,4
698433c3-1a62-3a24-893a-ea6e8cc6564a,4
6ec32940-394a-3b39-befd-5d1570017ad2,4
7977bff8-7ae8-3bbb-938d-8f324324d158,4
e9bfecf1-ed8a-36d8-b699-fa427f41cdc0,4
89da72b4-2a59-3bb7-851d-c9f42d6428d6,4
3f2184b8-c446-3760-a27e-a6925bc22298,4
7a1eb3f8-774d-3a0a-94da-687be6503717,4
d3d7e3fa-edf3-3da4-8da4-0254686662e1,4
9c7f7c46-1621-3c23-972d-d0753423fc29,4
2a24c19d-3e27-33d7-9a09-76d0bc28d086,4
fa93d3d3-a45f-3cd4-a050-e7822d439bb6,4
aa2901bd-5e44-3928-bde9-8faa83a19c98,4
0a69d409-a24f-3f64-8ba6-c3eac89a81a9,4
579ab667-3abc-3e93-9a44-a923608b6a4e,4
920cb166-356a-31df-b0f0-dc1fd4a23d1f,4
4fb97983-c079-3a4d-84eb-1bc3d46ea507,4
ee8b568a-2b91-3002-84c7-410994181180,4
bfe18a20-87eb-3781-bb07-1a15ef474ee2,4
09cc1121-7bfc-3d12-8c00-2166751aca85,4
e85f50d6-808f-3a43-862e-7799802b4454,4
4e30a3ad-e2b0-3bf0-a50d-e7e826937e6b,4
a4f89b89-6229-3604-b229-350526fc0a3d,4
50da61ea-c945-3843-91cc-9233247506bc,4
25d91cc7-79c2-3823-a2b6-199780a79a06,4
6b69ee7c-41d3-3093-a65a-3cf32ae88ea4,4
ae688fea-90dd-37fd-83bb-2df685e65f8f,4
4f6f308a-66b5-37db-ad54-7ba23aed8075,4
75977016-a0e2-31f8-82d5-87052830ae01,4
bf217834-9552-3e29-ba00-c70bb98c48eb,4
d672db47-a85a-37b9-9dd2-5ff19844bc75,4
01abb446-538e-38f6-9af0-fd85b3e01f7d,4
3da16ad5-bd10-3576-ad35-f4addb3dbc67,4
d97439f6-7429-3f4a-9734-92afcc5fa739,4
83f8ddbd-6fde-3936-bc14-e886cadbbce4,4
85256c10-d4d7-3801-9aad-45f6cf097c04,4
f8d67332-8177-37f2-b3fa-0f403418567f,4
25ca10b4-caa9-3b30-a835-f04824809397,4
1f8a58b6-bd50-3096-a14d-8e65360590b9,4
49225732-986d-38cf-8994-c07c38ecf4c0,4
5f8f9815-2ea4-36bf-adc2-37dff4be1001,4
ca3253df-3aa9-373f-9e2d-5bfd00466ce2,4
7efd10e2-d058-37dd-972d-3e2a58b3bfa3,4
c41668c5-85ac-3c1d-8040-367a18ab8100,4
7df72036-4c87-3d8b-a80f-096bab859741,4
2a21df69-2e04-3ef4-b387-a9545caa666a,4
c959721f-77a4-360a-8088-e9dadb799dfe,4
5c5db2cc-34df-378b-9576-9ef288cde54d,4
8353e84e-c4ba-3f3e-9e0c-5607cc72548a,4
d4722a52-a2a9-3c56-9d70-7119d36fa5bf,4
a86b7f9f-c6c8-34fb-a8f7-d8ed5db528e5,4
36b8c8ef-7809-3876-b1ec-cf255b63681b,4
eb8dcf7f-6d58-3d0c-ae1c-982369534606,4
80b7e7e0-2f84-3e9c-b275-956809614b1a,4
864ad3f7-bb3a-316f-bdb6-468642c80fb7,4
d1032635-74da-35a6-ad19-8af04fe9e1c8,4
da96a025-7660-3e56-9195-a9db369964e2,4
fe36e053-cb89-38fc-afc6-15950d9badeb,4
a5a6a9c2-56ef-3529-9ddc-a44ea37aa77a,4
d2bc52f3-8400-3a72-87f7-824bd70ee8e9,4
a7967935-917a-3b37-bfab-5fcdc6b35f75,4
0948b624-5e89-3810-833e-3d303032ed47,4
be249394-fa5a-3a89-b741-d194f4013bc6,4
b1293224-0ae4-3f5d-a981-97d38da2b2fa,4
c1893d04-ce22-3496-a7a5-4863ebb3d271,4
39f205d7-5975-3af9-9323-26b735831d21,4
b37a8e2d-a3fa-3ab1-aaf4-7cb8d0518952,4
56dc98fa-f123-300c-bd79-8f34446862fc,4
6fe567dc-31ac-3d0b-887e-a61ff85d4cd7,4
9b34cd10-51d6-3ffd-b8a2-f94737ef19ee,4
724cb270-5851-3cee-8c88-de0245922563,4
9761b07b-03b6-34bc-b603-d5df3054d202,4
6c9014b4-285e-3c42-a2d4-32e9eb6a6cb0,4
54cf81d4-13ad-3bdf-bd06-5b430fb8a40b,4
04b7c5ab-1708-330c-8e82-d5d056789968,4
142f92fe-d827-3552-94ba-37b90a1c4b36,4
13bb98b3-3a0f-3524-80f9-e3146f89c686,4
1f6569e8-d983-328e-9f7b-cfdcdfef47a9,4
3e0aa186-7142-33fc-b62b-67703efa05a1,4
8131c8d3-47fe-3e4b-ba18-bd19a5f06789,4
903b110a-11b8-395b-bfee-903be1dc132d,4
4140be73-3834-3040-a12b-f764ede87306,4
892bd44b-290b-3069-813a-f8d25963a92d,4
6cacc5c1-f176-36cf-a7d8-be6b7338a592,4
b449b6ea-3f0c-3d89-a44d-86f065e3a739,4
5765f41c-3afe-303e-85d4-1151de561e9a,4
9c33f31f-4e1a-3147-8c7c-32c6febe0a0a,4
891422ce-3e3f-381b-8685-b551907d5ff4,4
44d0173b-4a97-3670-a165-eed1f669cab0,4
b2689428-3004-3c8e-803d-b748d6ca90a2,4
7002b7aa-a4b1-3f09-b2a6-42a6a184c2ed,4
5c7dcb38-035f-354d-a99c-259dec6fa31b,4
064ea3c7-9130-34f0-9beb-c7efaab8fd7b,4
9db8435d-f529-3326-843f-1655a45cb7d2,4
671565d5-2ae4-33f4-8677-3cf108502a96,4
ca1bb30f-2e1f-3786-8d47-87e13e40b5f6,4
67193016-55ae-3acb-966a-07b203171ee9,4
a45194fd-5cde-3eb3-abc0-65b0e953dc42,4
142acfa5-582d-380d-ad63-954bf893e931,4
8dcfd7ce-efda-344f-9eb9-48493f54e44b,4
ac0047d5-13da-3222-ba31-e6bdf31ccea1,4
1e3a0dc9-4e8b-3dc4-aaee-661953e9a28e,4
411a5813-ceb3-33b6-b902-ee839a18c124,4
c53051cf-e5f2-3f56-8926-ef7aec6d1a12,4
f3f9b7a5-6647-3be5-859f-49a46c2aadf7,4
cf499196-081d-3be9-b7dd-7519f7a739ca,4
fc000bea-97ec-36d5-bcab-fb374c67a9cd,4
c420f981-0cfd-3e20-86cf-743ebffb6e30,4
1e9ac524-80fc-301c-9a3f-135f4f367a1c,4
33ac47d5-0a8c-386f-9d0d-a4bfe869eea8,4
c76e0cd9-4cc6-36cc-a17d-d1814acd3272,4
71336ae1-6765-394b-96cf-171ccd1dbfec,4
5e6adf46-bd46-3d1d-8893-e747454ae230,4
940180d2-6afe-33a0-9500-09257a869ff6,4
641a919e-c2ac-3c61-8293-d11ac9b33824,4
d4ebaedc-8b4c-3d4d-981e-cf14439ddec9,4
7d7314d6-11f0-35d7-ac98-e2fd67a16fee,4
a75b2ebf-0340-3e31-83e7-664a3673db17,4
f38be60d-e0c1-3c4a-bc18-89d56ea6bdf1,4
8d2008d4-175e-3191-a27c-347dd5ac1abf,4
264ca6c0-e707-343f-95b6-0ebcf5b030c0,4
b14dcd4d-894a-3a37-911d-6950893415c8,4
b9e7889d-ca9c-35d9-b931-8328aef9458a,4
a87ab00c-5b0a-38d5-b54a-7eb3a623487a,4
44464c8c-aeef-31ae-bb92-fde520c7ddde,4
8c4b8eef-4cf4-35f2-b272-9f1bb7d9a12d,4
27de3eb3-0970-3fb6-ba70-68bc9750fcf5,4
7f0aed7e-d90a-3dd4-8b7a-93d2af83c6c4,4
565043f2-8bb7-36ef-879d-4a81a60c2fdd,4
e82d147c-1b2c-39e4-bb85-fd5ad3954e51,4
eaf04ca7-dffd-3f5b-a90a-438ac17d1538,4
ff951f14-e578-323c-8099-c1303985505f,4
0e30e195-a9ba-339f-b1f8-16815ab0a98c,4
86a10aa0-14cf-34fa-b1cb-1887bba78eef,4
8cec8134-6075-302d-a3dd-407644ba6ce3,4
24ada86e-37a5-305c-b683-2a8bd381adef,4
b13cc8ed-f252-327a-9568-ddf887551fa2,4
93d77f82-b41d-3f43-822e-949b9465310e,4
07351733-cc5d-3689-afcc-061ae12ee28e,4
6806fd1d-82ec-38d9-a6d3-1737d8f3dd61,4
61edfcf5-12a3-3b29-b7bc-64d1b4570556,4
d010b7e1-d111-38b1-b12a-1c06bb01dd15,4
e2f1c0f0-2479-31a1-9002-4a4103106db4,4
bc22f563-079d-30ff-a7e8-ee068d7316a3,4
5d8b4fe3-8e39-3f5f-9fd7-b4cee59a65f1,4
839f4bf7-8685-3a2e-a6ef-77ee3e271bc8,4
78dee000-a0cf-3822-bb09-75c73c9080df,4
0851da81-ba73-3bf8-841a-bc7a3e046341,4
f6363c21-9583-3b15-8f82-3623df849748,4
031a0f00-3857-3b57-9a8e-efb1e01ea9ce,4
45e6f18a-705f-32d2-bd2a-8207a5d00ded,4
18086954-089f-361b-9d67-52a2224225d0,4
3075e790-1e98-3309-af4d-cac37993fe50,4
fea47843-dd5c-3096-b0da-569d759d3748,4
4e5a23f5-2dbf-3f9a-80c7-38fed1615d23,4
8a8bf41a-2e06-36fd-8874-1077c9ec5083,4
f155f34a-b63a-344a-9935-b20672c03a53,4
4513c596-2260-3b26-ba2a-c58f98e99f47,4
3d55ed4e-0980-3ef3-8b6e-ad6e6fc2e90a,4
56777ef2-4dfb-313c-8d06-df22bb467f7a,4
a7ab5514-283e-3cbd-bdee-921716eb0663,4
021ed22b-9d5c-3123-a6d0-49742f6aa998,4
46e4ac91-0326-3d12-8dec-0dc5be51318f,4
f1fb0f4a-42fb-3afb-bf3e-d078be4efaeb,4
2938ab45-17bc-34be-a018-7fcb98f0c777,4
682aa4a8-334a-365e-9c41-984933874f9c,4
0661c878-f36c-3803-aa2e-d7080794c8b3,4
480d389a-c97d-3f29-b771-1f9706f35cc8,4
653b2b40-4ee4-3f0e-8e0e-6aeadd52877e,4
23891139-2602-386b-8fac-90ec732f6616,4
c1c5dd69-98d7-3ede-b3e0-f270e93ec0b9,4
099e08ee-69dd-3b0d-9ed3-90dfcd118b5c,4
a07047c6-f426-3462-99e2-5bb28c6591d9,4
ab858edf-a91c-30fc-b839-afa9dd444e1f,4
0d044574-3d6a-38a0-9f2b-8ab6c5f8c9d1,4
9188a581-5a0a-3d18-907d-e37e8c735387,4
3c7e8546-6e32-373e-9027-f9ab067fe06e,4
248ad206-e605-334f-9c57-0d2d7add4425,4
28bd6d6c-dd81-30e5-94d7-91ef12437010,4
58fb8d55-444d-3fb9-9add-7d2ab2ff68b3,4
1f756ba6-fe65-36cb-bd8b-5852a8a32779,4
3fac835c-5203-391e-b749-52f84bc03763,4
01a976db-0646-3272-91e3-f2be6adc694b,4
fc795c52-19c1-345e-8588-0080039d641c,4
3ef6a538-f5f7-34fc-94fb-51fb9bb1f4e4,4
7be77b8b-1ef4-3db5-9c20-d2523584905b,4
86b6c675-548d-3ba5-bbb9-c675efce1730,4
b41a6f9c-d69f-3716-8884-31d36b77268a,4
d0ab87c7-ce61-3e8e-96c5-f64cda432e13,4
0b26abde-8045-3bca-a57f-2986b35a798c,4
11814997-5ead-3e06-865b-3c6e0eaa3848,4
e99954cd-a30b-3fce-8353-004bee62c338,4
bf9f52e7-9a6e-3e51-a0c0-c7b31a478cc3,4
0afc4a95-9159-3837-9e8b-c46af4811267,4
83d6e390-2fd6-33d2-a0d8-73ec229c79a5,4
8afcaf5d-33b2-36f4-b7bb-77b46e2153f7,4
8de95d71-cec4-3da2-969c-1411afc90b47,4
a4ae846d-bbbc-394b-9e3c-59e9fb123235,4
ff7fd011-31a9-3255-ae9a-411710feba13,4
b8914c48-5280-3eff-84f8-155fd23edcea,4
1fd22a0c-5810-358f-81e0-7b33b7abe64a,4
984d5d81-f452-337f-b45e-5a4ec3c9196c,4
81c560c7-cd92-3af6-bbc2-9b9dc313a7f1,4
88b96dff-dd48-3ece-bff4-09588c3a046d,4
883dc675-8d2a-3d13-862a-6e3e91e5e8df,4
c61aafdb-78e3-3109-855b-8f294d59add6,4
5bf0db3d-1e78-361c-988e-1a3ae084ac70,4
9610d11f-6117-3328-80c4-5c10d927f327,4
d43a257a-563a-332d-bd36-e75b574ee56e,4
904eb1da-c0f3-3d52-aa6a-79a2e4696b0f,4
e3cf5633-3734-36cc-af59-833dbdbef076,4
02ee2aaa-57fc-3cc2-9b28-f39f20965ea5,4
73f94697-7007-38ba-ac62-203faa869d19,4
c436b437-06f1-3f62-99d3-cd708915a673,4
e4671da5-b4de-3c8b-b8cb-e1500e7bfc5c,4
39d291ea-6281-339d-9f7c-354a119452dd,4
6c0a924a-555a-3217-9d5d-0cac13273962,4
0e78b4e3-1de0-3334-b735-ed869d542585,4
f9c16eee-4c2b-334b-b781-e31fa4dcfd7f,4
ca42d606-70da-3601-9c16-fbbc083a09af,4
c0f5e7f5-843a-352d-a99d-5ced50dc4b73,4
447234bf-108d-3c29-91ee-804ddee948ff,4
2308f6ed-b26b-3b8d-886f-1acc4e278ca9,4
4a569a24-1199-3c83-b102-a8ec8b87a4cf,4
6c23fe8a-1b6d-36c0-9173-3430b1454507,4
b28773f5-ef55-3008-ae6d-b633f38cffd8,4
93b4e181-551d-32a2-8499-fba82bf930b7,4
389efb45-4677-3085-97ef-c8bf053bfc21,4
66c5ca96-8f11-356f-bbaa-ad96cb528814,4
285a754a-708f-3b1e-b229-7ba9d8181fd6,4
23393bc7-8899-3ca3-9adb-7ba7fd69ac6e,4
15a5fae8-4987-353e-9908-b9e26743877c,4
e03e867e-2e36-37f2-abf0-d80467881fad,4
efefdfad-b621-38cf-ac47-ca6bd66c3666,4
6f90ff12-9c65-3a50-97ef-be15a6220f35,4
a5aa4063-d396-361e-841d-4df486e3da20,4
68295573-6129-3c5e-8c3f-3e179d833dfa,4
38834446-aa2c-3a16-9039-c18ed302e47c,4
bf201dcc-f746-3278-89f7-6ce0086a847e,4
fbf6b090-9bdb-3a02-a9e5-b7baa6b17804,4
cedd4137-1fa2-3382-b1d8-3543b6f4b67d,4
f144c0f7-8b99-334a-8442-1db3ccf7d8e0,4
5f8391dd-a150-3cc8-88e8-678adc466f31,4
502bcc0d-fc0c-3dd5-9391-7aae3ce22901,4
7e46365a-4867-30f3-8b5c-d2c94a827745,4
bc7d2833-d34b-3d9d-9323-08b8ad263c66,4
69650cdf-a015-3243-b0fb-2d573dda79da,4
12f34880-c01b-3d29-aed2-80211b5b30c0,4
43cfad0c-3c26-364d-932c-1282e1b08b9c,4
c02d0940-8278-350d-be71-abd207152b0c,4
e9163e24-e550-3452-885d-bd15d7ccf3fd,4
2d703e02-a2be-3b4a-99be-667129539594,4
3c2b7573-e57e-363d-a37b-a756556ffe98,4
83108313-52c5-3955-acf7-89f01ea8224c,4
8aa57cb8-b739-3c63-b82a-34b00f85f920,4
753b93d6-f357-3697-9db8-24fb6100b75c,4
605d6b77-1730-35ea-9802-51aa36e61f92,4
3acd5f7e-aed0-307d-8a0a-99db595598fa,4
d524b248-6e81-38c9-b8e9-11f0bda2eaf7,4
439134ff-9e69-3a19-aa20-0fbf0949f442,4
0823618e-8854-349f-a762-5d1ec0120e67,4
8871b7a9-1854-3ce2-83c0-85e8fa25a225,4
e34071cf-7f1c-3c37-aa89-3a73156737c2,4
27104987-9d33-3bd5-a3bf-318077902376,4
cbd19481-64e3-3ae4-adcc-c4a3a6426826,4
96b93a5d-838b-3c41-b9ed-8643f36789c8,4
4b3b22a5-116d-3484-a6d1-31606f0e45c6,4
c8a65b01-4bbf-3f68-87fc-9913bae81d86,4
1e70f89f-43de-3527-8662-b32da8dc8fe0,4
5b9b7f94-c6df-3108-8fe2-82ace650ea5a,4
762ea64c-960d-3a31-954b-805b8f349e8b,4
ddc49da8-599f-3820-9117-efadaf1478fb,4
ed232b9d-eeb9-3154-80fb-5ff99cfc7586,4
623cca83-993f-3956-8b6b-d64ff835ba84,4
35b2376c-3dcd-3065-b89c-4f8bf896b197,4
81a0bb93-bf1a-3c84-b31e-f9ea8f2f035b,4
625d0711-2a52-3a33-8e02-15ff97188b5a,4
d3cbf998-edee-3ec4-a7e5-5c1de884eda4,4
38642a6e-ec89-332d-a97a-c267a532a273,4
45a44f01-1c7c-3859-bca9-e39a8ce4c95e,4
4a64b35a-711b-3082-a96a-a2057ef83713,4
937d7b2c-78c6-3a9b-95b4-658afbbae6cf,4
21bd798f-a2f9-3b1f-9299-277b5dc982cc,4
bc2f5f1e-8642-3cff-8ee7-70548a0309bf,4
0e651462-747a-3c04-b20c-20fb5e332eff,4
b0ec7f6b-d408-397b-b6ae-940c191a1e64,4
bdabfd64-7000-33a8-b90e-01eb26b4c838,4
87903a73-bbd8-3afc-852e-c37283e891c8,4
a74d4a55-3157-3896-83f1-c868930b86ae,4
27338d96-7d01-34e8-a6e3-2787cbd2f80b,4
3fe79547-94ed-3e3e-aca3-1d350251e73e,4
78e1de90-b6fc-3518-9e7c-c8b44c1d9774,4
4730bac2-cd53-3944-be07-ae8e20f5cf60,4
71c0fd5c-b76f-3afb-b3fa-5544f7191ab5,4
4d10a029-028c-34b0-a25d-80a7f88f2272,4
f11e25df-1eb7-3af3-bfcf-aa1abee9914e,4
c2a0812c-7f37-3b8f-bb70-0839a54d86e8,4
bc468322-fd5d-3bd8-a11b-0d1adc703c0b,4
1e5c9069-4686-36f7-88a2-2f7239fe8542,4
f9599484-0018-3020-9372-4ad3075585f9,4
a21780f2-26e6-3a09-9f74-c0bf4376ed2e,4
32d71642-41bf-31fd-b05d-99e1a401bf7f,4
c4adc8a9-31ba-3ed2-acfb-eb892a1ac3d6,4
d99b835c-8a9e-3b54-ab7d-104414b7ac3f,4
e918f996-7c03-3731-98d6-d6de83a625d0,4
8ef7b788-ea4b-3ca9-833c-862fd67ee83f,4
f95ba3f3-161e-3c63-8644-0da953b98d13,4
c1a803ee-6ca4-392e-ae4c-d9f3b912eff7,4
29f2cd7a-c306-30bb-9fec-feab171347b6,4
e2aa64f1-eef4-3d1b-8979-29a568fbfc2d,4
8bc03012-1085-3bbf-834f-13446c4fdba0,4
020bd598-9015-3de5-83cc-12add62a17a3,4
9634816d-fc33-3595-9596-4a590cf08ee5,4
24114fd4-6a09-34d3-9b93-2ea595b82a02,4
83ab0c69-61eb-311e-abec-5cdaf5526472,4
8c4c2c94-3531-334f-bf2a-5548015c3501,4
ad234c6c-b218-306b-be49-d0bb51ffb6c1,4
a5126986-7b59-3261-82c1-0452c1515c3e,4
e88699aa-5b15-3caf-aa18-c52bef45581a,4
2e2a6d5e-670f-3923-8d2d-ab615f8a39e7,4
263c5a52-6a6d-3fc3-80bb-58b7ed5b0757,4
9a59d7db-050e-3a5c-b28f-1da22186ad09,4
7aa22ccd-f539-3556-9cf5-8c39cf66c89e,4
73bf33f6-c3a6-3b0c-a531-679380a85a5b,4
e48ef387-48af-3029-8a5f-44113dfbe832,4
7883a569-c3ad-30b2-99dd-75ed92ba94be,4
7ae9f223-dc75-34bc-8370-dc7bbd81106a,4
759966af-cec5-36ca-814a-9ccd4b875ea6,4
1eba1475-3774-358d-8ec7-0004ea4d953d,4
5e44b3ca-06a3-3739-a7bb-1bece78fae12,4
690b6070-7e0b-34d8-9ac5-cf3b62fe17b3,4
549d6f35-5733-3c87-a2bd-7cb6074044bf,4
9ceec05b-2438-3ee3-9967-1c0ff85b5f35,4
5936e968-f518-3fef-b065-4d29bd40517f,4
5726f45c-7cd8-3213-bc5c-b4563ddf57d5,4
117c5492-0509-3a3a-af7d-7e32c9cbb572,4
3499b131-f534-3e7a-8f19-3f96cd4f6352,4
0ad2f9c5-2a5a-3077-876d-d6ef87ce3ab1,4
b0cecc98-0f58-3835-ad5f-03ba9d18f6e1,4
00723fca-9f86-3d1d-b5bb-f748c7048b0b,4
68a91184-1100-3bb7-ad2c-9685fc4594a4,4
257a28cf-4613-3401-b0b3-efe005da39a3,4
3f7bf9cd-2de9-3c8a-bcc8-66ddf3c3e4ba,4
55706c25-8d48-309c-acf0-20de495ad068,4
46b60863-0eb6-3686-9dce-4a239fc6b7dd,4
9813debb-db3f-3e17-8a57-86a41d603a4d,4
d63913e7-33ec-344c-9049-420f7ebb4144,4
d6593027-380f-398f-b004-554592d948f4,4
0067aade-e076-3c59-8785-def087de4293,4
4f8210af-3336-3c3d-bbd2-3696df83f64c,4
8d170c99-eef3-3421-a49b-996f58195813,4
831d8121-cf6e-3ff0-896b-f5f3cece84bf,4
b9962ba6-9d40-3c67-93db-5f493016d9c6,4
5156296e-9a27-351a-bf29-d1d1ee13b526,4
7259d5cc-ea06-3c1e-a9aa-2cd424dfd9c9,4
7eadfa85-fcb2-3fe8-9c50-c15dec9bd46e,4
6e5d7cb9-7eb8-3e39-85e1-c9e7e6c85b93,4
0bd436a5-2f4b-3843-ab19-803955a49b16,4
8a0b49c2-bda7-3893-90ce-ae4a18aab0e3,4
9a4de3ea-c03c-3378-9ce8-2e2bd67fc560,4
1ee3a2e3-c8df-326e-bab2-9c5790344945,4
ab7ec696-b791-3869-b658-61b2bd5bd563,4
3e8144ec-2e3b-33f5-a50a-f3faf8e141fb,4
0c66f193-e455-3b6c-ae9e-46d76917ed3b,4
af230eda-c48d-3e40-8732-2ae7c13e0fab,4
04d0c09c-2e4e-3332-9ab7-75f9d2f7424a,4
c95f2f8f-5410-3558-b4ba-12dbcdd84836,4
fb0d3b38-9d49-3033-8d76-74a473841f37,4
d1dd6bbd-0374-3c79-9347-8dd0e9739611,4
82b632c7-619e-3a9b-abff-39a64509f5c9,4
b675dbb2-67fa-3016-bad0-d9bfa5a5075a,4
250691e3-7028-3b2e-ac14-9dcfd409a480,4
902fd29b-e9ed-3e8a-a585-d6d4d1f7761f,4
3da6e052-03b8-3d91-bb20-268058febbf4,4
2ed6b495-9ba8-3549-ad63-6aad5a2b685a,4
723dbd90-a761-3335-b3f7-5adc8358e8f1,4
de57dab3-6b88-354c-83c2-82bf0b0ccd8f,4
d2f3ac30-2527-3d03-835a-cb9722020a92,4
819556da-8581-3a8b-bb34-b65853572e9b,4
72334a9f-c608-38ed-be22-976e9af84e46,4
08301b82-7c77-3697-bb6b-b891d87ca1a6,4
c3629fbe-1a80-38c6-a206-55998ff6ed3e,4
b56d6006-7a8a-3355-aa1c-1995ab0c5239,4
28d8faf9-2da3-3c2e-b052-d2fd538fd4ef,4
f5d2ae02-ac26-3135-814c-f0c5d52ea6df,4
8560d4c4-3224-3693-a806-7b8571a20c15,4
5aecb989-fc39-356b-9cfd-1e70d04316b2,4
bf4b8ec3-ab67-304e-b322-bf32d2f20ddc,4
2f3b5efb-4907-3ec5-9ee1-d009698b45bf,4
83ceacb6-bc96-3f04-848c-38fa297fd8e2,4
c6c16310-2b25-37cc-a716-91dff97ae09f,4
01e42f66-354a-3aca-8cba-5e9fed177e8e,4
cf43e6f7-673a-3001-b12b-6707c6db0901,4
03423082-80a3-3e4f-a60e-7daf176cecf0,4
83e04ae5-6585-3c9d-8966-a805021a6d5a,4
34574fc9-a5c7-3682-89f3-0e5eb663ea20,4
f184aacd-20a4-3381-a7a6-e3b88929af29,4
7a316fed-db2a-36b2-b233-3cbb1bbaa2a3,4
53036087-163c-3271-9c32-c2a16c277b51,4
5c57b12f-e557-3c05-a214-e4fd98e3c3b2,4
1f600894-e3b6-3eec-b753-58f7307278d1,4
b57355ec-a5ef-323d-b3db-43ae8481b952,4
01934055-fe6d-3251-986b-78881987fd7e,4
4b5d3667-2567-35e2-94c7-ba45e1376d84,4
7d2e6d59-09c8-3955-ae87-6c2a1fedfd68,4
a0122280-c481-379b-8955-a5c4cd779083,4
35e4c52a-6229-336c-8e8e-af152f0014f5,4
f1f55f23-d602-315e-be01-0cfe4eb5ce07,4
ae6c71bf-d86d-3706-944e-1828be3cb23f,4
86741740-4f14-37c7-b590-89baa78c0e63,4
d2e1574a-288a-3ca0-a242-7b0aaaa976af,4
6c115709-a856-383b-852f-f96a7e0220d6,4
dbb8a06f-04b1-34a6-b977-1540a3d9aa81,4
ab40b601-a13b-3990-a88b-e2d04c9b8853,4
8f0f0f91-a755-374d-9ff0-9c61d7bdedfe,4
552d588a-f199-30d5-a0be-b6301c932cb8,4
becedeb8-baee-3ec5-84b7-9a5743f200a1,4
5e2bde4f-6737-3360-9567-83a28647a3fd,4
bd7f37f1-d5f8-3a67-b05f-420eaa0aaca2,4
b307173a-f9bb-36ac-be63-7ab14a40b0c4,4
8e5ba576-a0b0-3a4a-8dca-8ef72549aec2,4
78491e54-9c1a-3ccf-8a99-c2e217925965,4
1c3f54be-ec70-364e-b394-7faf03b21fbe,4
dfc1425d-f962-3519-b7f2-32942ad4d861,4
5bd2aeff-2c3e-333d-a8d5-41767e2bff85,4
2038628a-602f-3fde-b503-7aeaa6364003,4
99cf2eac-b17a-3661-a2ec-dd4d750216bb,4
e55570de-9a36-3d84-9497-4c9116fdb4cf,4
748a3301-0cd2-3159-8c31-4b54556325df,4
90ceaed1-c8f7-33ed-95f1-e88a10ae3dcf,4
be4e5994-e48b-34b5-ade7-a18742ec0bff,4
146f8e99-ea0f-312a-9cc0-b106500967fb,4
ac451fbe-2c52-3ffd-83a8-a834d1b9215b,4
8e038082-6a40-34c4-a510-82d3d52e6353,4
60b952a0-7e75-3264-ae32-aa9773bb70af,4
f9ed2019-3fc0-3206-b4d9-35badd695976,4
9cf403e3-5ee1-3cc9-9095-274d3e5cbe54,4
d1393e94-69c6-3b8f-bc5a-6e00376c3402,4
4bf4db09-f5b6-3905-bdf4-c3a9c350e767,4
02c059f6-d164-338f-986a-730eaaa61f44,4
31f907ff-8574-30fa-bb6c-f55941f82973,4
8c3c3ec3-cd21-3c99-a73a-aaee7ff084e0,4
91ed5a0d-edd6-3e54-b71b-80418b6dd476,4
934a4e32-7a90-3a31-8bbf-8c65d8ed924e,4
764ccc0a-3b1e-3207-8fc0-bb72c0381114,4
c4bf8d10-17b7-321e-b3b4-1354d3cc43f4,4
3e8b0e6a-07d0-3bd6-ad79-38c6d83ef262,4
5e43d212-c111-34d5-885e-c68241059dd7,4
ac4f4802-10c6-302d-96be-4669c28abcfd,4
e15cc08b-37dc-3e26-8e35-9b4c07178bcc,4
4178b96d-7765-361c-9f1c-15b5c4519f2a,4
8cf48dcb-c253-3854-8cac-6640e97d47db,4
5d38255c-79c2-3035-93f7-a0bac9fe2231,4
97d11a8c-d232-3339-8033-bfc4b70cee5e,4
f889f4ad-0527-30d5-ba7f-662a044da78f,4
7447e5f2-272c-3fa9-b6bd-0bc4ec3462f9,4
faba0606-27e5-3972-a303-d4793ac1b024,4
64d9a522-78d8-3924-b04c-62cc49246161,4
ddc947af-2d90-3a8b-8884-ae4e924887d9,4
87800499-c76f-3009-968b-1f53d97fd471,4
94421973-47fa-34e4-8a68-d182973684c7,4
60a4149e-4400-3fc8-a39d-f6cdee3de3c9,4
0303e78f-8340-39c2-bbea-9cde5c64b89e,4
2cfae7b7-eee7-301f-9905-5100d9e83846,4
597a0822-b98b-3fdf-9c3e-5cd681dde85c,4
dc796d64-ffc6-3bf2-97cf-84168ef53d6d,4
4fabe162-4c86-3115-a3fd-bca77c8fbdce,4
ebcc7974-c34c-344d-acb9-b524633aa386,4
4fbb2352-0665-3025-8dfc-7c2da6403b6a,4
9db852e5-b8b5-3efd-ab2d-0fb3896fb6d8,4
4147cd44-5a87-31d3-9bf5-39ae5c74ccd1,4
9ca41074-dde3-38e4-a187-453aa89fd956,4
6c0bd3e2-59c2-3f8c-a496-08b8ce1e6e74,4
3268d425-5cbb-3f96-b396-1c24d0f4483d,4
f6eabafe-074b-3e29-a508-2e885f241f7d,4
25362036-e00b-39cb-bcda-3eac8f3ff903,4
bed26b97-ef86-3260-9e25-27d3cacf8ad2,4
6b81116c-5d48-355e-bee7-78c75d70f0ee,4
b9917822-a8f3-39f9-ac75-27ca8403db1b,4
1ce38fda-606c-3da3-8863-b552241cbe37,4
2e3400eb-9714-3293-b498-f48bedfb3265,4
13975afc-abc3-3a03-9fd6-1d9d5d98e4d4,4
e3072ed0-d2bc-397f-ba06-f0f549c34a2a,4
2566b6d1-648c-3461-84f2-36473fffc170,4
68c90087-735a-382f-b9bc-cd1859761d48,4
3f062049-e715-3c07-9035-171b430d3909,4
434255a9-bbef-33e0-b1bc-5f5bf3853bf5,4
69e75f0d-480c-38f2-b1b3-33c583188463,4
d5854d83-009c-3047-87ca-2cefdabdeccd,4
25846ab0-fc36-3c3a-9947-be98710f3a40,4
66ea9784-3930-3aa8-a367-7e8ad00c8927,4
c0f0c573-6946-346a-a380-d1b7eea2a959,4
bd9000f0-60d4-3ccb-8b3c-7b9c41e7d8eb,4
a4f60360-d12e-3964-8264-a3be27044231,4
9e826aff-995a-3202-9cbc-390d7507aeb6,4
e7195940-ffee-3bb5-85d0-0dc4f978335a,4
36df0ca6-71aa-30d2-b46c-87375427c51a,4
92ad6e2e-81a7-3153-8b83-ed0fd9878334,4
ef4172fb-03a7-32e5-aeca-3fc7356b0512,4
34caee0b-fab8-371f-b959-740c2dfdc0ad,4
dedcd599-c7f3-3762-a542-9ec0fda0d39c,4
cd5136e8-30e8-3ab8-b463-f62a4ac952b9,4
47c53193-7a2b-3a59-9dff-a158473ce12d,4
ae8685c7-6bef-310b-abb3-10e8936e1378,4
66ddeef3-efbd-35c8-ba49-4b2b3936cf2c,4
c490be64-2ffb-3db9-9e8a-9cdbc0be5138,4
bbccdc72-1681-3f53-b8c2-b175924d6dbe,4
db4d979b-6d79-348d-a8c9-0cdb80a4d161,4
0c45e354-9198-3c7f-ba44-a4caa020a650,4
ce563962-127a-337a-ac7b-0001b67d042e,4
652a4f84-a18d-3d32-bbf3-e00779592de9,4
635f3988-7af5-33b6-9b5f-af47dd036adf,4
5b022b8c-99f4-3d66-a741-198d7d64ff04,4
a85edc48-c51e-3f2c-b973-a9cfb89c9a71,4
cf449d8a-58a1-36de-af76-5e87948ec21f,4
c69adb1e-827e-3243-af76-d8c81b94960b,4
ded14048-f968-3bcb-b81c-fb74468195ca,4
a2549668-4dfc-3a0f-9cfe-b610e8145e80,4
2dcad8db-852a-3b33-87c9-d73b58fd8971,4
6a6be3e9-7817-3fef-b86b-a13884736d73,4
712c73fe-3573-3dfc-a43a-8ca2a18f8650,4
1411d272-1083-369b-87e0-abcf046a3aa5,4
bf858c32-6b9a-3c62-a0c5-22de4df8a26c,4
c32d0151-fee6-3869-9bad-2e4ecd6ce9b5,4
f9228e71-f362-3395-a91d-04d2beab728e,4
e3140e96-ee04-31a5-a371-d9a493fbb1b7,4
7c67aec5-040d-37e3-9b10-6f90d530f819,4
ab28f422-2e1f-32aa-accc-054ddf7ae924,4
29149819-1dc2-3fa9-b71d-3ae5fcc4cd6f,4
c0ccd1e5-b334-3731-8178-24d2766064ad,4
7fcb928b-ee61-3f08-be92-e1517a112984,4
1ad4dd86-eed4-3445-919e-9289fe017d08,4
563960b6-5a79-3c90-861f-4347a0033a30,4
92380336-7049-307d-b235-4fae6412d910,4
ccd23b52-a963-3659-a1e2-401f172b4cc8,4
dc8c4b00-370c-3a4a-ab7b-5cb8fca7a346,4
7fe9ff15-d7b3-3b5d-9b7f-5c0307528776,4
f38dcae6-b803-3f0f-950a-0fdfbd29d8c5,4
5f4035c4-082a-3bba-9654-6ee029f66749,4
166b619b-3bd3-3609-b5e6-346161c727c2,4
12e5dd91-b65c-384f-b917-f412546cfe8a,4
bbf5b326-d03f-3242-bb59-477cb0e4992f,4
55df3675-44af-3434-a147-91393f445f8f,4
b5cadb9a-13eb-3c93-9629-cac9c68e9f5c,4
a52c9a39-9fc4-3213-9908-c1057d5cc130,4
ac7c02ba-c321-3c24-9eef-71a2967161ea,4
9da91d70-dafc-3712-afa2-43ec381e3e53,4
5665d0a6-5d8e-3664-b705-824a04ef4b2b,4
3f9eea96-af26-3910-a5c3-124d495efc8a,4
9eb4f053-ba67-3380-8abf-7f4c41b8d72f,4
b465a6ef-d996-3edd-b691-023268f62c50,4
2d82be98-a933-30bf-a4b7-2ccb387b2570,4
5bb20da5-d77d-3c02-9358-f3f05cdacc66,4
cfdc256d-30e1-3df0-aab4-5399db55e367,4
0f1f0808-f332-3770-954a-0becb8a18d01,4
7b46c56e-05e1-319e-b1f1-ec4172a5b891,4
8bb1a666-b12b-3a5a-a223-39af25cbbdfa,4
1418eae5-be2a-3a9e-aae4-07859c020a5e,4
6574f210-6e9c-3813-a90b-4d9cb5b33a31,4
b7404206-7229-3872-9dbd-b09e7b56126b,4
87aab7a1-01ba-3e47-9a9d-3d8b3d3906a1,4
776982b7-5971-3634-aea9-d042c95506f0,4
00d147d7-7b53-3fdc-8dca-68d92e75cebf,4
14929329-1f18-343b-b2d5-4c1d25059495,4
2e4b6d90-4401-36d3-ae36-bc6ff11dfde1,4
dac89316-e3e2-3ffc-a720-28737d174007,4
5c405487-d226-3e51-8270-85e706c1db86,4
9a3fee9b-12d0-3139-b785-5d301ec99ffd,4
2a3e03b0-3cf7-372c-b848-583a0b994a34,4
039cfd6f-bda7-3228-960b-27e3a0ba70d7,4
8ea497f7-2b39-3d3e-955d-935d7f3905a1,4
1f3eabfb-9619-3439-8f55-aa5070bef26d,4
4cd256da-4668-33a1-8e77-1262c9ffa02e,4
283646b7-3149-3b37-a692-68d1fb82b894,4
01b96d3d-6c59-36a7-a856-c8bdb88f07d9,4
cb342ac5-88b7-35cd-911b-3cd789924d32,4
388ae40f-bf83-3ec6-9693-38b3847edb6c,4
007444e3-39c9-32ee-a698-a0cc3fc91509,4
0bc37449-2066-338e-90fc-4f5d111678f4,4
1723d689-4116-34c4-8eb1-c83bc42830f3,4
673e947a-a582-3b0d-b928-191587704841,4
0fc6154f-b2b0-375c-b6f5-3d1965e3e425,4
a6946eaf-c83e-3f3b-aaea-89c8a59daa06,4
2efd25b8-58bd-370b-9aa3-3d0c03776e7c,4
95c806d5-f9d7-3db7-afdf-c0f0405a7bdf,4
dac4dc81-cb9c-37c4-9099-8c24d5e0cb34,4
208ae47d-a8e2-3682-ba49-8a85fbdf3d54,4
502e7f1d-ee7c-34bc-a0f5-19341364308b,4
cb08a8fa-6d0a-3938-9b06-ecda5678fb6d,4
d38afac8-d03f-3897-9469-d93f8d35d9c4,4
7cf2d4f9-660d-3f5d-a3ec-568863e46e91,4
177efcf1-8350-3e28-8a0f-ff5df67da4df,4
fe938a7d-2f29-324f-880e-048ff419a50f,4
f8dfb078-d9d1-3164-8da2-5d2b166c9787,4
df12d84f-61b6-3eb7-a63f-4b36e4e70ccb,4
d94cb937-6537-3117-a3ad-f7c751a34495,4
ea7f3829-781a-3125-b904-3123f1dcd3ab,4
755330bb-f316-3fcc-a79b-9da7912b9790,4
d445f2dd-0176-3e83-b47f-9257a99fa657,4
7118248c-95e3-3d56-b602-88d117522df0,4
81a9a70e-2e96-3189-89dc-1a10de8498e3,4
bddfc2bc-e845-33c9-ad2e-fbb5519473f0,4
6d48868d-8fc0-32d0-85bc-599d04fca8ad,4
3b7a98a7-9be5-37e5-84ef-33893d655aab,4
6da6f7b3-923f-3262-ae95-81b60ae4df33,4
9ef530c1-bdcb-3582-a81d-9f8813ded354,4
5ed2db8f-a1f0-3a64-ac54-36b2389cef0f,4
142142d6-a0d4-3117-8329-218987dbd763,4
50b050a0-87a7-33e4-997c-c42a1a07cddd,4
406041ce-4051-3fd3-ac33-575e5faa70aa,4
ddfd8629-2c5e-38e0-b82d-5c92a1d7de97,4
3af8bf88-efc3-3cc2-a159-99005c4a4354,4
e9761c99-b8c2-30c2-9fdd-bd5fcb20326e,4
9478fcdd-08a6-3fcc-b345-6cf60cd6990d,4
6f308b99-0c6f-36bd-8d37-fea0eabf4a05,4
35fe2564-bb7b-3f18-b2a5-6d91ed424ad4,4
d1236e6b-3b19-3a7e-9992-204d6fb754fe,4
7d67c956-6c00-33cd-ae60-72bc92da022e,4
f21ef6ee-ca03-327c-9cf5-336bfcdd9c6e,4
fdeb6a72-9209-384e-b620-27f25b3a4a6f,4
13a38b8b-7bef-3c7f-9aac-a496b7b86957,4
553c1fd4-d23b-34d6-9764-52c645153112,4
95973afa-c981-3727-9fe0-79ebf6a76e13,4
5f05a24e-d146-3619-ac6f-ccb765a3223d,4
ec2f8479-4b93-3b4e-b950-30a5cc4b2585,4
6b8b2d5b-6862-3c75-b904-4d722a8ccf4a,4
aceab305-a1a0-3081-bb45-9279e7f51bb5,4
109aec5d-67bc-31ee-9db4-ec891ae57d3b,4
6428b685-98ef-3831-8afb-bb97db06f21e,4
f7f99cdb-b78e-3b0a-86eb-3505648ab6ed,4
96fd6815-dfd4-3de8-9eac-90bffcb77955,4
1e99a90d-d598-300c-a93f-2c29b9f6efe8,4
e8fe8ba9-4b94-3e07-9e8c-274d63e3565c,4
3ba1dfe0-ba80-3b47-a4f1-a9871edf3a02,4
3c2d3fd6-e8cf-3f5d-ba80-01cab1d509fd,4
41500779-c5d4-31f0-997f-a7f180382d2a,4
2dde7e55-17f6-31c4-9174-f41996b2d57d,4
2ea5a84b-08f2-3552-8e66-e58f5aa37a7b,4
548518bb-160d-324c-8bd1-7422a603d785,4
2a6633a2-0f4f-3273-a9e4-c9252046e469,4
6e05e357-e61b-3174-a150-becd1d06ddf0,4
8cf655b3-5568-36e3-9859-d300782feba5,4
d2cf94a5-4801-3dfd-b51e-ca51408e7be6,4
84a6f699-80f6-38f1-a04a-2ed4c7f15072,4
73f7b7be-32f9-3030-b694-4339bb5dbf62,4
10a203d2-ff13-3d63-aaa8-d3b09af1f4c9,4
0a95eb96-4471-3360-a24d-3921916038d6,4
dcb908ee-7e75-3936-addb-45d5a82b54de,4
6f5b79bb-fc1e-3f9b-9387-f9888440a73a,4
9e72dbcf-e9ff-38b7-8f71-98a49215c8ef,4
152e210f-1e6d-3815-8172-0f24a5dec17d,4
ea5d7972-7ce7-343e-bb61-1afacf185fb5,4
bf7d4574-f041-3a93-ac83-87a85a03109d,4
366e2d16-40b1-3ad8-b830-60ddb6ebb611,4
36872798-9c71-3b64-8a29-1c1ab550d08e,4
fe8833a4-b102-3a31-bd83-c3e3b04f6957,4
d6416c30-fd6a-3461-a6f5-ea53e6678050,4
ae653bab-6f8c-3884-b55f-c5e1b2cdb5ef,4
f7a2d41a-ed7e-3346-875b-4e7ae9f280ff,4
c4649b49-9bdc-39c4-b68b-63d7565d5b73,4
32aecdcd-508a-3309-a74f-ea08d55922b9,4
55010217-d0a3-3294-bc77-5ac916ac3f73,4
694fa8f2-8769-3413-a805-8416d68038d6,4
f39b9e7d-472e-3777-8d09-04a5d90a5f24,4
43730e6e-51e0-3f12-abcb-fcb43032d170,4
8efdc95e-5f89-35b0-a592-e8041fe039a3,4
6b524ba6-f156-3b14-bc9e-094ff25eab06,4
6fac3ebd-b901-39e5-ad5e-d26258edcdef,4
cf50dc99-b63e-3b3d-9fce-9345b4371bed,4
55fdffb3-66ef-317d-b31a-04755cae98c8,4
61c8cc53-0377-3d3d-84b6-1fc1348c7b54,4
ad59b375-8b78-3055-beb7-021c2512db19,4
098cfeb9-d3f5-360f-973d-0e38d096ea64,4
a340ed00-3353-32a1-b3ee-b23e40c258e2,4
13d84e91-3c42-35a4-b8c9-936ad2db1920,4
0ac87dc9-d62b-3df6-b7f3-13104f2b7678,4
32f7367e-e658-3164-8138-a198ef60eb4d,4
6db591c2-6e77-38cb-85c4-5874c4206511,4
3e30e39c-7bb4-37f7-adcd-83e37d533fc5,4
c8aad0e4-96c2-3bb8-9e39-e7f306a14758,4
176a2bc6-bc54-344e-ac22-037e8d237781,4
c4d42b2c-0976-301a-966e-cbf0cd776b6d,4
ca4ea88f-c9a3-38ec-b243-691faeb5f21f,4
19054068-f7be-31f5-a4e5-6c3e0d643e28,4
09990c73-bf0c-3ee1-87f0-bf88fef3bc4e,4
08a0af09-8a02-3867-893e-e7fd11dd1a55,4
1f249a26-a40a-3b3c-b63e-6188f983eb29,4
cb12441a-973d-3361-b0f9-3b74b363432f,4
6867d51e-c67c-36ff-b01f-4d12ebaca87a,4
4e374d36-3e28-38ae-9b4b-a8372d48a0ad,4
610e6291-b07f-3542-a800-22b3986530aa,4
2e7bd867-862d-3849-ae22-66d86a60e6ac,4
fffec0f2-6e8a-30db-a306-0359a1ce8bbf,4
d2add612-f839-35bf-84ca-f674259407c3,4
5fa71f3d-6623-3dc9-ac0f-cd79ec7eb4f2,4
f5e09ec0-f187-3a76-9c01-50d3621c9c86,4
c1b5be83-39ee-324d-a5b5-51bdf9861753,4
725432d9-545d-31ba-97eb-1e9b9947f315,4
54294f70-70e5-30b2-97a4-1a9ef24d38a7,4
d5b6a320-3cbf-35f6-a747-d40acfb01143,4
c5636288-102b-341b-85c3-c8db2537bf72,4
b74daaba-64aa-31f7-ab28-f1ad0ba4f6f1,4
8d17813e-3b47-3aa9-b9f5-599003a249dd,4
19c5dc7b-4877-39a5-a09b-e950bfa16e71,4
fa919e0d-9aa6-3f55-a355-dd7cd47ffebd,4
627c87b2-1446-3e5f-a01f-27e4c6980b9e,4
59028ed5-0fd5-325d-9717-941553a78521,4
1bf4cecb-05f2-3392-936b-162aa9e90686,4
2127536a-38c9-3c6a-a4dd-c4effe71a234,4
e9dc0e0a-d603-306c-8def-eb2e8de7f7df,4
cf2fe7d3-eee4-3843-a1cb-2f9d10156638,4
71292dd1-bc94-33a7-8738-191a61ebcc03,4
2f7be80b-cfa3-3eb4-bc42-e8f635c2ffd4,4
f4ef5cd2-d259-33fb-a580-c729883f5039,4
a322b81b-ce88-30e4-87a8-0c62c538cc73,4
9ab91aa4-16b2-3f51-8e6e-69e03841a17a,4
309bc4f0-061f-3bed-8a26-7f64191bb920,4
220e15cc-5e16-3277-ae26-6b3de2d9b8f2,4
06f56772-94cc-3058-b56f-757dac4fc407,4
ca0aca9f-b196-37c8-a2a3-768f251ce036,4
2663951e-474e-3bd9-a39a-cb9b385c2a86,4
ed90761c-8d2d-3fc1-8dfc-4bc4a2f8bb98,4
e1fcb0da-5e13-3373-9c29-15c392a24dbb,4
46746ff5-735f-32d6-b4ae-61356fe8ca18,4
a21cacea-1a24-3e56-9961-3cda5efae172,4
d1caf440-93ab-39db-9c5f-c39e2bc337f8,4
1c625c45-dc0d-3684-973f-1e26320ec4d5,4
e8e09e59-7d02-3891-9835-04df1efe84d8,4
fd3aa1f3-d23f-3f05-8802-588bd960797c,4
8592351f-b07d-352f-8af6-c1d01cf2c5ed,4
e1341747-2cc6-374c-8661-d4ffef0748b7,4
12354723-ae8c-3e33-9354-8e834aef53fa,4
7c9648e6-c838-3699-be1a-7e82f0680f12,4
c121f1c9-d9d7-3ef5-8cc0-e8586ac5fa50,4
272d9373-0f38-33c4-97d6-604f4dd77641,4
26071845-677d-3a14-a936-5ddeb9e57c50,4
344c36a2-f393-3c68-b502-4b9bb24466eb,4
501eec0b-0b52-329d-941f-5c67cda15458,4
4ff2fb58-84fd-3ac4-b0de-e49f2712b02a,4
db97bf39-1b87-3e90-a440-7e0ee34de4bc,4
268f24fe-931d-350a-9712-2f23bfb076b5,4
f28c2e60-35ef-3130-b020-55e634ff5249,4
8265206d-f2c5-331a-8b79-6100d525c2b0,4
57efd429-b4f6-3405-a916-0f08e082fc62,4
a1b96930-3758-38d2-aeb7-5b55b4dabc9b,4
6bec2521-c33b-31a4-a593-1e08ceb03ec7,4
5398df0c-64c1-3425-a4ff-be787db0b4ea,4
7a60b8d2-e029-3636-a2f5-4abd6c4d8384,4
c8efd29f-c1e9-395f-b1c9-decd48c744cf,4
12aa5db8-ffe8-31cf-983a-601476a5358b,4
148ca0c2-e2f1-363d-b84a-a391ec8f5c31,4
8743586d-35a2-3df8-b3fe-b1456f935f29,4
2533e76b-1b68-3904-b4b1-b992384ddc96,4
54030fd5-036c-3024-b608-5230a95882ff,4
e684ef04-13a3-3189-8215-fa1067105341,4
b9f89d92-e281-3909-8339-688f00d0c273,4
ceccdc6b-4a3d-3e58-8859-22ebe87e954e,4
45da3dce-64aa-36de-8685-df70c2f0d334,4
179eaecb-0cf0-3841-90ab-d50b8eb95de2,4
3c7b9c25-8a5d-3258-a975-10a6309d18f9,4
f8548d98-9059-301c-863a-2ab2a0e5ad8c,4
b9f03967-4491-3b8c-bff3-072ce146a8cc,4
1a3b0a69-4dac-3a39-81af-70d12b85a7f7,4
b8b1ff89-9e3b-397d-af59-50fc36668371,4
b29c9206-f70e-3fba-8f2c-356a12c69519,4
dec959ad-60ff-3848-8d12-9136f0786116,4
a8575229-e753-3fc6-8248-eb6154221490,4
5740072a-3c96-3b9f-bf64-074e059e36e7,4
9a009c5c-0d6b-3d5a-95a1-1015cad23971,4
3875a4ab-5302-34c9-8df2-87d1e2d05815,4
15aa3369-7cf2-3cb2-b48e-779f06fead51,4
936ab710-e992-3bf2-8440-331e9f253f86,4
de26b473-e4b1-3e7a-a3f0-b46dc602c8d4,4
abdaa172-707c-308c-b293-22e7a0c2fbfa,4
971c4ec1-4395-3e39-94b3-2cc8ca4517e6,4
fac48ea4-3686-3f1d-b6ef-3c1cab7a8564,4
d1a63f0b-b36a-3a6c-9b3b-47dcdbb39bce,4
76c65539-ef02-36a4-8bab-43b691b069c3,4
3641192b-6950-396f-8b2c-319c6724803b,4
41107673-be41-3bf9-9971-40a3359053dc,4
7ec10181-beb5-3b7a-bdd5-30bbd1f01248,4
ab1384ee-db71-3eb6-82d0-02c97c97db7b,4
3728d2a5-d836-3921-a1cf-66e6dd7d34e3,4
bc918ec1-5d48-3c0d-8246-f43a9077a945,4
a27d4d97-66a9-31bb-aa5c-e655e5566968,4
c981ef83-8bbe-3765-896f-417db113366b,4
6c9a1d5c-61bd-3aa6-8862-e1e6e6ab816e,4
cb7f164f-2007-3190-858e-93913337caed,4
07feb1b3-9bb6-3d41-bb4d-e1c8f7abcac9,4
21e01f35-dffa-346a-a0a2-81a47fc04f4c,4
16549419-e7e3-334b-a84a-2a1ff8cf54e1,4
2e7717b3-8f7b-3b28-a545-52c73a04d770,4
b597a613-d21d-302c-b30f-828ee38c7c61,4
0dc31c57-609a-3195-9fbb-bae06405ab0e,4
5c3fd062-ddea-3707-bcab-f0094ee94175,4
51aac4f7-d6b1-3d45-a663-bb23a86ce79f,4
9c092515-42b8-33e9-a781-19969612d265,4
67a1251e-5252-385f-9c9d-f3b430c33bce,4
5043ca6e-e234-3142-a607-4905aa350143,4
98836bd1-271e-37fe-abc0-1ec67e9f38b6,4
67bad840-d6f0-3f84-9ba1-a14680601fc0,4
90ba1bef-44cc-34a8-a3d4-4ffb1d760aca,4
abb293f9-8e71-38ba-b011-2ca767b6372d,4
8b21fecd-3466-382f-970a-fe48baad4e42,4
0965cd2e-5a16-3e0f-8498-6bb519cbc459,4
79e666fd-9392-39f6-adf1-73a20ef8c689,4
ab8f1f70-23dc-37c4-9ad1-1189b3c61399,4
4b35f723-37a3-3d7c-8cc3-acabe12514ea,4
b88ad17c-52b0-342d-ad3e-5ea1ad9e2078,4
3285a9ef-41af-3879-ab00-0040d3f2b0f7,4
75d465fe-0607-3809-a784-ebb3110ee764,4
489b692d-58aa-3d6d-b475-a31e7e2018b1,4
a0fc7e6c-e0bf-37c2-86d7-12ef8162b690,4
06a37811-bb6e-3e4c-b08e-15b6cb903c12,4
d55142a5-1d03-39cd-a5df-f2962a06467f,4
8d3301e6-ea18-378a-86c2-843592bf683c,4
a8fc71ec-b3eb-3b90-b27e-4035cdfb5133,4
836dfa27-aeb8-3ea5-899e-f50bcf031b51,4
b1285b4e-85ac-3e8a-b93c-234d9ca79177,4
43b2a417-8a08-35d0-a5dc-c705e20dcd0a,4
c1e64689-81dc-3bd2-95f1-12ada3fd1e7d,4
d7872636-be28-39f5-a879-d08fb67b531b,4
a97648e9-e86d-3357-8e59-5b060f763745,4
35002e41-0e7b-3ca6-aef7-f06488fd2518,4
bca83b08-a9a8-3cd9-83e4-91f1139f8b81,4
617d3b5f-b5c6-3949-9e1c-cbec54eb9b26,4
06794edf-2e8e-37de-8d28-53388c80b788,4
5b2047d2-61db-3525-a137-76982e28443b,4
54ddf263-c51f-35d4-a45b-2c7348a4e6f2,4
69e6be11-125f-3284-8222-0c03152ebb00,4
2be7b614-1367-3eb3-9d4d-86eb971210f9,4
7f4f5143-3f1b-358c-a20d-61e966c2108d,4
e06ab84e-85cd-3f8e-ad3b-0f03c0dd8db6,4
3f6d0d5f-3306-3c1c-84de-d33d517838f2,4
9a5799e1-5b5e-3acd-8ca1-f318816a69c7,4
d644452e-6373-3e33-8d50-b562037cdbf1,4
48862aa8-53eb-3b7e-bb9f-ddb50ea53fc8,4
9ac12ae0-e2ab-3e96-9822-c88938e0209b,4
3d693018-f2cf-3078-9bd8-8c5d669893a8,4
ca25708d-1e06-3719-bc3b-5f9f7bea863b,4
adcd416e-9320-385c-bc49-7919619c55df,4
eb10972c-04ca-308f-9761-e08dd2f970c4,4
954243bd-5b4e-3daf-afa7-39000f866dc2,4
4a454c66-0d62-3896-b975-1279a07c8521,4
b688b78f-3d5f-3783-98d5-8b4a47a6ee73,4
b76f7edb-23ff-3b80-b240-3853ee49c331,4
a78bac2e-19ee-35b1-9cf2-febc107d738d,4
2e9d62a5-0769-37cc-af5b-33e7bbd04335,4
114526ca-1b57-3a60-8ca9-b875e3f309c9,4
d6829851-d182-33ac-b87a-90b32491f002,4
043d8f22-6535-3644-8583-077bc7a5c14c,4
9061f950-ecea-3786-8678-5014f7a656f9,4
bcdc3645-0a4e-3266-9960-ddf63ad21e6a,4
d48a85ca-498e-3bce-9037-b379f0ce0792,4
46b8ea2b-50e2-3fb1-81e6-d6fb904c9ba7,4
2fb3b13c-f93d-3cf9-a685-2ef831f3de4e,4
54169b8b-20a8-3e5e-9012-5050c97e1e15,4
b9f799cf-19df-3fda-be77-1699fe0ffab8,4
0618f42c-6130-3576-89d4-7659f4ef7eb9,4
fe380daf-6cdd-3432-876c-468abce1c36b,4
f0837e83-15a1-38b6-bd87-bc45db85df67,4
9a2be4f5-dcec-3425-b2d5-b7e30db1252e,4
f4b544a1-ffec-3bc7-ba19-5f1357aa16f5,4
66dc5bac-ab0c-3a8e-b0ea-fff036b02be7,4
e5f18d29-5ded-3983-8fa4-9634e45d5ef8,4
149306b5-24b2-3812-b163-10d2e02d1eb5,4
444b5931-2477-347b-bdce-5bb2876a1501,4
00f328a2-48ea-3559-9711-c567a3f0935e,4
51a87a58-b6a3-3dc7-97f6-f29a2619dc53,4
4b9877bc-2d1e-3104-8633-3261e03c5c1a,4
741386d9-3f8f-3020-9d03-c50a990b2b2a,4
4f3a4925-11e4-3b8a-af54-84fa880b792e,4
24e5da25-bf74-3a1e-bfbc-78e9dfdcdf34,4
bfe2dd11-298a-3db0-8b72-42949efbe96e,4
c125a537-7a03-3dfb-8e7a-be9b27d3ed05,4
8c229309-45d0-31d3-8a05-be666f03e877,4
8d4af468-1e05-3231-8957-efa3c4bc2cc6,4
1bae0e41-b70d-3f6f-a449-639594bf5863,4
6ccc6e80-1205-350d-a6ea-5ace6dceb6a5,4
1bcc149c-c3af-3306-9fb1-967cd972aae4,4
5a1b4be4-33c3-3ad8-9feb-8adfbd18339d,4
4daebfab-7409-3558-a074-3b409388e118,4
25cd286d-344b-349d-8d63-03b453271cfa,4
e1043766-5481-31ff-b0b7-a5e296dd55f0,4
8f339de1-4ac7-34e1-a098-b3221b4b15c6,4
3caac810-9367-37fe-b0ed-8f3c2661f6b6,4
e1d14201-73c0-38f4-b78a-e1bf60824a44,4
e0ac0f9a-19ad-313c-a308-ff4bfc81ddb9,4
75949bfa-e9a2-3e17-9ce5-3efeb6749065,4
7f6747e2-d016-3f41-bdbc-340ce84c4a59,4
202e9359-fdbe-31f6-a320-6b0349f0a860,4
5e136067-69c9-3803-b2f8-ab7980d39029,4
4a3a23b8-d29f-3ae0-844e-8cc3b2307ad2,4
5e9dfed9-5da3-3266-8201-3617fc82e6d2,4
0b2e4803-925b-3328-8ac7-23c7462af7f0,4
bfe64fec-2975-3bc7-bd8a-6c99d3e54dee,4
eb64a2ad-1c71-30f5-a783-ceaf59fbbc70,4
d1dabba0-cf50-35e7-a8d4-ffc215c9a5ee,4
7f087d27-d93a-3351-bca8-d67eb49aa2fb,4
507fbf01-7eca-3443-8af1-9ab4d3243f97,4
d3b0792c-84ff-3344-98bc-13948cd072ea,4
7b34c1eb-3391-395d-8413-534b444bdf17,4
1432f7a3-f3b0-3f02-9d33-d76249c99402,4
dab32674-f76a-3cfb-bdfd-9545140ca378,4
4e9d8bbe-d0b5-3438-90de-1d1634a6f746,4
cef3ee67-24f5-356f-a076-00c7f051dc75,4
e51aee11-0c16-3d19-a995-80180db37b12,4
103384a8-66be-3742-aba8-e5153ffd4a98,4
b2ffb8bf-d1c4-3ab3-a9d8-c51bbb1da073,4
cfdf925b-ef14-3829-8511-e95eec7a2ac3,4
22ed7b24-e050-3c95-b7e1-e6792e02dae4,4
3426cfba-e87a-3076-bfa5-7ed8c3f12804,4
2a61dbcc-8307-365b-915a-5906a4b385db,4
2f3478e0-e087-3167-b573-8c7d2ba6e699,4
570737c5-528b-37c5-96eb-952e6e64a6d2,4
e758d3bf-37a0-3cbe-aaea-4e0dbb5d30f1,4
bd412bde-af94-3a27-acf1-cd6273f92a65,4
3b498bb3-b769-343b-9ea0-fdf060811d39,4
f6bde30d-9363-3921-9044-dd1eea4e0e77,4
00aa1182-f961-3b05-b136-521de1322cc3,4
fb1e4f0a-161a-30a5-ac9d-a96db834923f,4
6954e7e1-b43f-3d08-a412-8f0a6c0074ca,4
e6054d54-a1a4-3fc4-be74-17685bf08b3b,4
4dd87a13-311a-371c-b9da-c98b7d62410b,4
dbeae66c-9a83-3dd6-be0c-a19b95856d1e,4
6045d09c-d890-3407-9a99-e01d6f08ea34,4
2db604ea-b870-3716-a7b9-2c2e5d17234f,4
2872de46-5c8a-3880-a1ee-b1f24104c60a,4
83b9c47a-bfb1-3cfc-b4f5-171b3a65ed2c,4
58e02e70-49af-3f4e-a917-ac8910852eed,4
8876b49e-c165-38a1-9a0d-eb25c94700e9,4
c5b6fef6-f8cf-3319-b1fa-54e1d79ab3b7,4
df6923f5-a9a8-3fe4-a2b9-60bbbd7e3622,4
87886279-a349-37a0-982d-726a1c9e51d1,4
c5391617-636b-362f-956a-40e78a9f16bf,4
9eee1681-c80f-3f8b-83b5-5df82d7bf894,4
05bdea84-8104-3b73-9931-6ef1d5b6e476,4
e0f161da-187d-305a-aea9-5b214396b21a,4
8b8b697e-3b54-367a-bf82-ac3b784ade04,4
8b0fad1f-6679-3563-a2f6-830e9905691f,4
11362463-54b0-34a6-904d-dd849d44d5fd,4
f99d0a54-90eb-31c4-b428-abc466591553,4
410f9af9-47ed-3f91-be23-4e1b9a5998be,4
52e70ea3-ca18-3ffa-b4ab-21a7d8aebafc,4
b3e8077c-3bce-3f39-a4e0-735e9e17664c,4
221e05bc-0e10-3fe3-8bc0-8599d9b97d35,4
ea261e87-3cf4-39a1-b615-cd4cc5a3784f,4
f0d8ce19-214b-3f35-bf94-0d0f8ee260b1,4
5a1040e1-97af-3858-8fae-8face41e5be0,4
73cca827-7b42-3052-a57c-926b440d851c,4
c8589082-a798-3f06-9d12-14691409e9a5,4
a00e758d-c614-326e-89f4-2b2eb6d8a109,4
e0921f30-a9c7-3260-882f-9055e210c8e5,4
cad993a6-8acf-31ec-b29c-c7cb06d052d9,4
63a09424-36c1-3398-8f4d-2f04fe1037fa,4
8bd9dc79-5e71-36a8-a373-45debc3e1ef9,4
a020610c-ab40-3f30-be4d-ca8a3797307a,4
6b98faa2-af57-3c0d-9332-5c987268aedc,4
881e8363-1edc-3b11-a8d5-3ec668e54e1d,4
cf7dfa97-7149-3633-b5b0-17676ec6f863,4
b6731605-6112-3c07-b92a-c57973d41025,4
030283cf-cc67-3f2b-b79d-a5d3075714ae,4
8e4a5933-30a3-358c-bc6a-876eb227b0e4,4
3ec15f2b-c288-3134-9ae5-8350a486af14,4
00aba4f2-fb00-38cb-a04f-ee98a5c022df,4
c573a235-2913-3593-a3e3-c4f83719ae2e,4
8e93cf8c-7d05-3aee-a089-7b0048653e40,4
2d2bba03-4098-341c-99c1-24bd69603860,4
802fe206-dc78-3295-bf61-60d7d6e3fcc8,4
868c014e-1c48-360e-abbb-8e9ca4bce598,4
1689ac0f-ae03-31b7-9596-7743d951a638,4
fdfeadc2-3967-305d-ab93-c872d064c276,4
e6d45aa6-7a54-3ded-9c50-bb5da0e52512,4
f7a38d78-499f-377f-9025-95af16685e98,4
25446b47-c759-39b3-9672-92a2420ee90a,4
882c5664-8253-3127-a6ab-604e4b5a6a8d,4
73c64bab-87c6-3d44-951c-579ec485a405,4
5a9ef7bd-17dc-3066-a025-dd08781dca17,4
2c46f1cd-0a6b-3d72-9024-b85b810cdcec,4
9d2e7764-6481-3116-bbb3-0059929cf472,4
244d23f7-15f9-3505-8544-fd2a5d61babb,4
b5022d3b-e50a-3fe9-a6bb-7429944e6026,4
812bd1f5-90f2-3ba7-a9e6-d5f86c2e1458,4
687ab6d0-fd62-3c07-932c-cf4fb442e878,4
6a73f27f-a4fb-3280-a707-32879317177c,4
fbeb0b9c-1633-3b03-955a-14de4aeac33f,4
17e4db8d-663a-3a47-aef7-2657d64bb93b,4
3dc419a5-533e-38b1-a632-4ee5543ecf6a,4
a1a6ffd9-58d4-30a1-9b7a-6a5dd569146a,4
511d0566-5d42-31ea-bcef-c26fe53d12f6,4
bdbc66bf-67c8-321a-a854-f2143123b53d,4
3e67fe2d-0483-3e0c-8f88-04c048a9d2a7,4
27790aa6-a08c-3c7b-b843-7fa4c7abdf21,4
3303847d-c8cb-3f8b-b6b7-073c78235793,4
1495127f-23be-3025-8f1a-04541eec3c9f,4
119ff8d1-d1b8-3578-9bd9-210f83d1f692,4
9ad7e1cf-244d-3a9e-8113-baf7e631c2cd,4
2d5c5bb4-6dc6-332c-8ab2-5c4a6ee2eca5,4
80b3f615-e39b-32f0-87ae-1e11f47a5ce6,4
48b8c615-9d9d-3c1c-8a7a-d40560631189,4
37919e7e-de21-3f66-bad1-1eadaea9226b,4
43307d0b-5589-3db7-a0a3-dca6244c378e,4
271204f3-c197-3bba-b638-4cdbb005b04f,4
ce5f2327-7d83-3df9-9030-e122ff30edb8,4
e8b0243f-c745-3230-a1d6-f0f185eb1f72,4
87b9ce18-fdb5-3849-940d-55b9ff853f2b,4
163b4f5f-b9e1-3194-83c4-1d8fd1c0aa40,4
8cde597d-8bcf-3070-83b7-d167c2e0308b,4
566eab87-f72e-3011-a7d4-1d9d2e69a747,4
80e99582-7b48-346f-968a-ecf62c7c0c57,4
f4d69998-ec41-307a-9bc0-9f2b2fc6a2cc,4
044831a2-a0d2-333b-83d0-be050c25ad1f,4
175d9efd-e607-3276-939a-1bd71c822ffd,4
040e7986-7c4a-3584-9931-631ae3f4b8ab,4
1902e998-d1b7-30ad-a63a-909bb917c9f6,4
7ba07c8b-6fd8-3c82-9cf5-15c93c6b1664,4
e4ee9aa3-a78d-316b-97dc-3dc393418ce4,4
8c43078f-f934-38e7-9529-06e9b476e713,4
e8f68a4f-a12b-31ce-944f-79bbcff780f5,4
2edc7ca8-474b-3375-8d7b-9ffb97ed1c2d,4
88c59206-9872-39f8-842a-1b54ef0dd51b,4
1010403d-a4b5-3ec3-9bf2-23f83d6ff560,4
fea03fc7-9ec3-3b8c-844e-bfa5d50328e1,4
078c9574-f0d7-3074-b28d-bb4b284e11ca,4
7a22fc8e-18d3-332d-98ed-5c7d28644053,4
fe51c987-ba91-3256-9851-24451f99f6b3,4
bd27d13b-b9ac-34cb-b442-507d1c641268,4
7df9b106-2503-3ecc-bb8e-cc7838d1b020,4
f0995901-335f-341a-aa92-f50736a8ac75,4
0f2a2409-8714-3b7e-a139-18125f01ecc4,4
260806fc-e15d-3604-a971-82017b67feba,4
82665f4e-d89f-3a46-a6aa-78561efc5a34,4
74b4daf1-db28-35d7-b18f-442b725e5659,4
e13627f7-5a72-3f44-8616-5f8f55cd4a11,4
0f5ab282-65f7-3ef2-8d66-d5768f494237,4
86506960-2a6a-3598-ac14-f020f968bd95,4
d4250070-ed98-3c09-ae62-377f223d59d6,4
3bf825cb-202a-3d19-b7bf-4b19554d65c7,4
19557444-667a-39fe-b89d-7d8d58bde30a,4
dcc418c8-1160-32e4-91f9-da0e0901c9e4,4
d282c7f2-9256-344e-b200-611fe1d1f3a9,4
944dea70-cf96-389e-b484-a9b9cb6527fe,4
87bf1c62-7e90-359d-a2aa-b044a576c5d6,4
da8b32de-305f-399e-af90-43c8a3569b40,4
cb3e2fa2-959c-30a7-921a-ce9a31f56018,4
3defee0e-d26f-3d59-8dbf-219bd80593bf,4
60cef528-faeb-3331-bbe2-ebb68a9322a7,4
d467ab65-4347-39c7-9fc2-cf9cfdd8cbdf,4
1f5a4fa4-a689-31fd-98d9-70afaaa8a9cc,4
9ad71465-d687-35ee-a14e-c9ae8543c66e,4
ef5c737d-b110-37e4-9f9f-6ab58bf6c595,4
9bd97ef4-65cf-338a-bc07-55479ba9da6e,4
5f2b7df4-db27-3590-af80-5e8a2865a838,4
0ececb50-02ac-3555-a11e-7684d0a98815,4
bc9f2362-f758-3cc1-b838-9db62889c003,4
dbdda7fd-721a-33d8-848f-e8df9103d93c,4
9c18d5a2-5707-3f77-beb2-e371bdd12529,4
0598a9b5-c799-31e9-be49-452b915c10cb,4
13cee5f6-6541-3305-8073-ffbe9b44cf56,4
3850d885-ebd8-3fda-9de7-84acd0d33e20,4
f07ab4b8-a8ec-3ae4-b577-ba4032ef5679,4
67cf21ee-be7f-3633-96eb-e1c57918c3fb,4
4454a918-be1b-34aa-8e9c-409b052ea1fd,4
f42ae0b4-7113-3f86-9ecc-c794a246f005,4
ba6faf31-7640-3bea-9bdf-7fb38ae0e390,4
f39a148c-a625-3a76-be37-fdd6ddbeafec,4
4540daf3-ab1d-3ac1-9463-732c892c7db0,4
0ada3c58-058a-3fde-a22f-355857485d59,4
f21a7cf5-eb85-322e-8713-a599819a663a,4
575cf789-74af-3458-9509-63035737ae45,4
1f01f5a2-60aa-334a-ac49-70ee6923d0e4,4
ea2bbc56-ee4f-3428-ad47-60357f483a41,4
d1e94e50-e0be-33b0-b93d-f2e3d26d4c0a,4
e1866382-d397-3817-be4d-1a2ab594d43b,4
9cdbdc58-b905-3e32-97cb-fd131b42dd8c,4
bdcbab4d-085d-33bb-8e12-1e5790b4cca7,4
48158a85-b14d-363f-932c-8ba975b98de2,4
965c7d58-927a-35ad-aa1d-36e7027e0f92,4
e7430968-da33-3242-97de-1ad49d7f7429,4
2f67101d-28ce-346d-8a2b-dd1485dd9214,4
246dacda-68fe-3e9c-8ff5-a30f6bea7084,4
8c5f2f1e-afeb-33f4-a25c-0bf7f2c64888,4
87fbfd50-d7de-345c-aae5-bd9820724dcb,4
477e94e6-e509-340b-b548-f34ae690f1e6,4
8e67585e-514f-3083-b4d5-7945e5c42b7b,4
7772abf5-5a7d-39f7-baef-ce3fc41024e5,4
5e4cf786-9f52-364c-aa78-977ecc08d743,4
3434c36f-db4a-36cb-8f8b-fc4a196bd6c4,4
1835f4bc-dc4d-3a9d-b526-c9017dd2662c,4
2f8b1c5d-48b1-37bb-a1eb-104d6353bdca,4
3cb12556-541f-3a8a-8894-552461e3fbcf,4
8d49c830-f9d6-3c88-aeac-c3f610a5dcea,4
d6f8199e-fe78-3db8-a78e-e2e0260bd306,4
cc61e12e-d196-3dc4-a9e0-3d92e1f8d381,4
fcb4f801-5574-3267-bbaa-82a94b9343fa,4
8e99f9d9-3051-37c1-8ba4-0a0778ff4822,4
ba31a650-9435-311d-a4b6-e4a883318f7e,4
4a7d2855-97a9-3f81-8043-5e1ab5384ef4,4
8345a496-b74f-3a5b-a02b-daeb25eabc3f,4
5742a43c-f838-3aae-8320-68455304e358,4
fcfdc6c5-626f-3690-9d8e-93911b34ccff,4
e5e42b5d-de70-3127-ae6e-7567994e83b8,4
3225bc4c-6f2d-31a7-92e6-00fd85c7cdf5,4
30ad8d71-5320-3fca-b1ec-39cfdbf80741,4
4c25ad69-1aec-3815-bf5a-62b87711e8aa,4
84fe7e36-9350-3869-9b9e-499f40ae7171,4
132c81cc-7b8c-3589-809f-01f201bcbc37,4
533fc5d5-f0fc-377a-b5c9-d8fa0f23e3c7,4
5f3290f4-3dcb-3961-94fd-8bd00b1244a6,4
3d30b7b8-f9d8-3602-b8e3-877255682e92,4
bb9f65ff-b78e-3308-b622-1118c3547210,4
c03212d8-6dbd-3008-b0ff-4187c2af40e3,4
c1a8773c-53b0-31e6-9add-5d9cfe937a1f,4
bcab665b-e3c2-3040-af35-31cceffc5c4d,4
20e3bddb-bf95-3ed0-a829-4f37151a39d2,4
b646ba0d-c5e8-3ddd-b4c8-7537c20ddaac,4
d222a72f-fc19-3246-8274-98e74d0323cb,4
b0296e10-5479-3d1a-b17f-002e7395df29,4
73257f50-834f-3e26-a350-ea2149a98bc5,4
933db920-da9e-3f3c-a627-39b1428ac2c7,4
ffde5b4f-bc30-35ca-bfb6-0f38e8059463,4
e1a03d1d-beae-3119-b245-8a7628e94539,4
0486861d-ec44-32f9-b2c2-cf4c5cc9e2aa,4
756660ad-b6aa-3260-ba22-4fa79b74a711,4
65a4aba9-be32-3a95-a9a4-1e74a338ad2b,4
7937e04b-6e7f-376b-88b7-a48eababbffb,4
78f5cdef-1f9d-3c34-a8c7-ace5740d37d1,4
3af98df7-2aca-3d92-bc5f-158664202d90,4
b787e03a-4084-3d15-9c82-78d287731a77,4
4049a50f-152b-3c11-841d-4957b4caf4e3,4
f329f670-77ad-3ece-941d-b2bed96ed765,4
4675a1d8-cf83-3861-807a-c22c3f1e759d,4
5d863135-6e88-3bd0-882e-c6082571dcc8,4
70a55107-e256-3164-8ea8-eabddffa60f7,4
0b8c7325-a904-37fe-a7a7-d8afe96443b9,4
18da6177-d7a5-305a-86b3-5136e723d9c6,4
c53558e8-33ef-30df-a97e-a09a9167978d,4
a2a9d2a3-978e-39f1-90aa-4165cef534b9,4
910aa9b8-08ed-32a1-8623-5098dcc1de19,4
47d8c4fd-2e2b-3fce-800d-19ab09b426bc,4
04d89b33-ae60-3be2-ad06-b02ba50bf1b3,4
400dcdee-9db0-31fa-bb1b-73ce6dab81a9,4
17d6be36-2201-3e91-ad4f-5ef04507deef,4
8d14d707-b567-35fd-b2ef-f0f9aedff2e3,4
b3f521fa-84c2-30ab-abf6-a806becc1aff,4
48e04ebd-2c66-3413-ad91-04b6f086da11,4
42c5e92e-b51d-37f4-a720-25d19e567beb,4
0eb7312c-ae48-3dbe-b882-537f85a44a5b,4
ba98575a-56bd-3c02-afec-cc6c93dd671c,4
854deb06-0705-3947-9396-4cf887842bf7,4
10a0e963-b308-3b1b-ba40-f2f89aa9c87e,4
cccd2c52-29bf-3b50-b483-0a9ec95c50c8,4
248792c5-0dc9-3fb6-b6ce-cf8cdd6462df,4
9b9a4303-5a51-3a52-87d6-8f50fd0ba97a,4
0d898d83-d83d-39d2-96b2-dec075b3186c,4
27478118-2aab-37b3-9699-de021cfd88f8,4
7867e3cf-7954-35b6-800e-93cbdbf16e75,4
051d03ac-deaa-393f-9891-2a6e30e39507,4
ec4fa380-b1ab-374b-841f-1f82ddc90c69,4
b22eaf32-60de-3da1-9132-a6323ad99eb2,4
73c0b5ba-88ba-35dd-a911-74756026bb9e,4
7051f845-4608-34f2-acda-4af870dcc7ca,4
d791a91c-3d39-390d-be09-cad52621e2ce,4
f58bed20-528f-3f5d-856d-4e7b08c1f99b,4
906461f0-fa59-34b9-ae22-fb03df73f977,4
af9c9289-cfc2-397b-9b23-a3b19999f1db,4
acc89e55-aa44-3cc6-8432-1e1aec2f5f76,4
f1d29602-68ca-3482-a649-6f7041f201f3,4
92dc9643-7955-3f33-8f78-3bb0576eb637,4
776dc600-97e3-30ef-bee8-d021ecaa1491,4
05c45b0b-4aba-3a53-8b92-65416e49fee3,4
24aeb401-3c58-3b51-8218-4a5c505c5310,4
d4657ef8-5c23-3c8c-ac0d-b643a30fd401,4
45863071-2158-3664-bd7d-243bf0c430d9,4
d291a62c-7750-3227-8207-22408b1d18c3,4
153ba202-f122-342f-9892-d85d30580dbe,4
6aca17de-7e41-31e3-a031-a381bedcf16d,4
81991756-c9f8-3eb2-8f2a-44829c0d3c8e,4
8c2ce286-6bd7-3409-b7ab-059b7729d579,4
b25b1ef2-e380-38cb-a730-5f570458f535,4
c8245868-58d3-31a0-8974-8eeed8ca5f27,4
8e34715f-59ee-3b44-9d50-f494096f889d,4
5989ee9a-7f4f-34de-bd45-e2dbeaa92cbc,4
0b5bf2b2-7d4f-3445-afe0-ee83b5d1b401,4
4945bef9-5e65-35be-a78b-e756b61451d6,4
f021867b-4707-38e2-8e2f-8259f8084585,4
0b279ff7-5cdd-3bf7-9fd5-d724d426147f,4
2e5375d7-7686-39ba-8698-b73761db9599,4
d776d7f8-61d6-38bd-bfe6-fa63d93f6b8d,4
46193499-2797-31ca-8e07-57f4fd627b7f,4
322da86c-beb9-341c-b5c1-b0e14f4316fc,4
1d922216-9a7c-37e4-8d9e-822600b0ef44,4
22f41982-5c00-36bd-a8ed-c6f60ffdc714,4
386eae31-151c-3518-867d-1cb51b9079d4,4
2c2a2232-9f7f-3381-bad5-9dd88f0205f8,4
f75f9764-66cd-3bd6-9d11-337421d9e100,4
2a6a9591-b02e-3de3-b494-4b99b2374bce,4
6b7aa9b6-c838-373f-ac1d-caa9e86b85c5,4
e96d200a-eecd-3c61-828b-1c95bfd58731,4
422ba505-b574-3b68-a722-4999a37bac65,4
82a5125e-8687-35a5-a077-f4edac2ec825,4
ad95cc5c-4f1a-3d7f-b2e9-a8dd5375a656,4
633117c3-8e3b-38a3-a9c2-32ad33050c8f,4
d89e40aa-f656-3e58-90bf-74ec8ae60286,4
30e5c41c-bdaa-31db-957f-57ef74dc23c9,4
19c4418f-2d4b-35dc-81d0-a1ddbd1aab80,4
abe3d6e7-454b-3ae1-b22e-5afde7d5eb9e,4
5050754d-f341-3ca9-81de-6691c9473a02,4
f01b4dd8-012e-301c-b4ab-7587fbbdd00b,4
9a3abf7c-a3ab-30e6-8157-7c16f960ab06,4
fa659d36-1645-306a-a25d-c4f7bce2730c,4
5cafc650-d60f-31b4-a0bf-ecff75ec524a,4
98383178-5b19-3af1-999a-bcc104e4fe44,4
ac6b6c41-a746-3653-a3fb-113329aa4bb6,4
873a9853-786a-322f-8215-72d70fcf89ea,4
23d2810d-a5e4-3a39-aa16-05946b2dc830,4
65010fa0-e348-3fa6-ae33-eaae8149af20,4
785d8d8b-e44b-3508-92b7-036ca66b04d0,4
cd0b9bfd-23c4-347e-a7b4-81f50cef1ced,4
5ec66c3f-f6d2-3cef-857c-786b0e3180d1,4
8b3b3a60-68f5-3a6d-a2bd-c01ed4c8b9ce,4
4fd7f990-078e-37cf-890c-d1878a2fe8ac,4
244929f2-0340-3daf-bb7f-1e134892d3ea,4
5cbd2e50-15f5-3f91-859f-4e405455f941,4
6e5c2279-b5ef-39d5-9f8f-cde7faa746f4,4
7d8c74be-a86a-3d6b-b26f-e26353ded995,4
80918013-b12d-38e4-b649-bbf0c1c3e5cc,4
bb6d528b-0d74-35a5-a69c-19e0b7958a41,4
93ed53f6-3883-3f8a-83af-c531c2c4fe6d,4
5fa70eee-406d-3420-85f4-7355a8df5ca0,4
10c7a922-3ae5-3268-b322-ed788951f1b0,4
5b63e3d7-450d-3151-8a70-e4ad87a1844d,4
01102407-3a03-3cc8-a30f-ccc9bf2230f9,4
64b0fdfd-9254-33e2-87f4-8960966391c8,4
d27141ff-664a-3b3b-ad4f-67dbe90eaa6e,4
f3d4b4aa-45ca-3804-a66e-5a5278a06d99,4
9c4ea5b7-7a7b-3ced-8ced-abd91db1674b,4
78602e2f-10ca-356d-a22d-98fe314aaa2a,4
7958914a-f241-3aed-8f4e-ed3af6a1330a,4
f9249a3c-c429-345c-948a-5d8957002807,4
b395a41c-c24e-3514-93b9-92ef2f28d36c,4
56e1f18e-3bc4-3cb8-8acb-34a832aec9e5,4
e7d86a6a-ed0e-3c29-9d00-9b261f707025,4
049fbe99-26f7-3cd7-98dd-7baa41bf5891,4
68831aeb-a2b8-3c05-b1f4-54f82f5982b7,4
51e8ab3b-c820-30e5-bf52-1a807540d7d5,4
e150bcfc-5ea7-3175-a824-a1df39f5ef9a,4
0469cb88-5110-32b6-a0c8-fbc7c5e0c9cc,4
e8e1352a-4f7d-3948-a8a1-1b2f9207a401,4
d06072c1-1c03-3f7d-b5ef-37204b48ed38,4
542e1bbc-e880-3af5-9565-5541093c9c66,4
ae5bfc43-e1d1-3d85-886e-acb47c8263d7,4
a6b47ab5-39e3-34a6-aa85-24a851108309,4
a97f7e87-098d-3edf-afd4-85aec37f3d1e,4
198c230e-6f99-3f90-9458-ef55e659a874,4
d9cede71-b830-38a0-982d-c4d46570a91a,4
b9b81d48-71c6-33f1-ae85-ecf4086f6076,4
01c19355-c524-3c92-849b-ca58f2ba7dec,4
35293444-02c8-3f7b-8f66-df66b8d2abf6,4
95629c87-8b14-343e-a217-05d5f52d8179,4
518e6ec9-1816-3a94-a03e-11ae5d63e461,4
72e8d732-f6d2-37c8-be56-93735075b6ad,4
acd32f1e-4125-3b51-841c-ee5d37217f00,4
97d5929c-a6ab-3ca4-8124-ca91bffd6157,4
9c25c188-e2ee-3571-821a-055f81cdcb53,4
ad1d4f37-a520-3860-9285-9e42c5476542,4
20315222-8d2d-368a-a370-c651af8ff109,4
43545c9a-dea7-39e7-bb94-c23ff7a001ab,4
d5828158-3a84-388c-ab4e-45686d2d9858,4
617f5681-9ff2-37b2-897a-97d3116fe7ec,4
b17980a0-a044-3828-9a8c-838ad193a5e5,4
de331642-a44d-3dd1-bd04-c180db76bad7,4
5a6484b4-3ba9-30b2-ae62-835927919955,4
424f8373-e55f-3582-91a1-b7867e080b29,4
1c2d6b67-70b3-32d0-9a05-e540ea5c4e37,4
db85021f-b5c3-3947-97b3-8e2c81f69f98,4
f074dcdd-42a6-3e87-ad93-8098e342b445,4
c0fc1d38-afec-3d4e-9779-a32bd9c6d12f,4
7b1e43b3-e600-3d27-a2a8-628337ae3d48,4
3c7c9050-3db3-309b-807d-4820d76bbdc9,4
d4e6e846-d03a-3cf5-89c4-62f7877741e5,4
5544aa40-0a5f-3e1a-a982-eae4abd98369,4
f757d52d-bc2f-324b-8506-ad03f2829dc8,4
e61a4276-fe53-36ae-9883-32634b53149d,4
c6a76558-54bc-39df-9b3c-dd9f651986f2,4
457cc2dc-d0da-3951-b4e2-ae2a33561736,4
fe3e9453-577e-3468-82d0-95e4e51efeb6,4
920079ed-19e1-3a4f-8928-155f68a3892e,4
c9e5e64e-2885-385a-a74b-d1417f8113b7,4
0e320277-b2cb-3d75-bbe1-12c7ab4bc7e2,4
8278d09a-814f-35f9-a60b-7ed0be658c32,4
5362cc08-ffa7-365c-97fb-55e8edbcec7b,4
5bb7f516-cc51-3e62-925f-bd8f559c436f,4
0a4c7803-2a8d-3f82-9ca8-2c8e477b8ee6,4
53241f53-7af2-3c1d-9eba-997a04766ce9,4
6d46e01e-9eb6-3cb8-90a5-e7e3bf436630,4
bca4a1b7-0df9-3849-972d-c38455cd31bd,4
7d9fb124-1de5-3b0c-8753-5638681f96c8,4
ef52a142-b159-337e-8e98-04a538b9cb67,4
25228d35-e152-30ab-9f98-618007e9a1c5,4
53a4bae6-1729-3dd7-8cc2-689df306aeb2,4
5996bdb9-53af-37a0-80bd-b55a743b2fec,4
aa8273ba-da96-30b8-a7c9-58a3c32902e2,4
a39fba46-91c4-3fa4-8179-3936c5120a45,4
b560e8b4-812c-32e2-bfeb-168950ffe65d,4
702c8080-192f-3cc0-941f-75d52419cb02,4
944162fc-ac97-3870-83ab-bb9bbf336885,4
e0cd9487-8a57-3805-ae06-a625b1dac188,4
55f1f684-0c9a-3db0-ac5d-fc69ee8b4aac,4
d2d86cd5-4ec1-3b8b-adb8-73536482bd3a,4
19b6eda4-7bb4-38a5-bbe5-79040a72ff05,4
67fdc295-091a-3eb3-ab7e-e906202d69b8,4
e94b9750-6d86-3809-8fec-c252d9a99d55,4
8c59c905-702f-3877-b6ba-9d9079843e50,4
c7327cdc-37d0-3194-8ce5-b7198ff6e553,4
9c8d1c4e-f405-3dd1-9c8a-bfa1f3d937b3,4
bcc0190c-4c98-33f4-8ac4-e5ff774a3f2e,4
cded51d0-16a8-32e7-b2f6-dfac857176d3,4
47da996e-4dad-36d0-94bc-d07d81c9875a,4
2de535b0-2240-3e2f-9876-d800872d4427,4
02253e15-19c2-313b-a50e-11293dc10399,4
041dac7f-8382-383e-bb33-db962d0af3d6,4
d2835dd3-26f5-3370-8bf3-457d81a23f12,4
85bb31dd-4369-32c7-958c-497ae1f2ff50,4
b57e8df2-e475-396d-86e9-ffe2cc9f8909,4
a76b62e5-5415-3bea-9c43-dca73175a8ed,4
7782e5b1-c4b1-300a-9c21-803143bd1c7d,4
2506b48f-b2d2-3e64-ac1c-dd947d12dc75,4
1ee1976d-15ee-332e-922f-a0165b17ece1,4
1444bb8c-f20d-3f53-ad82-026db3d58720,4
580d157d-3d88-3026-9665-11dcdceabd19,4
2acb90d3-7d6c-3ef3-bc48-5ce031f30d19,4
f80e28ec-b5ee-3de4-a13e-ff5ca7ec8911,4
be4df6e8-b69a-3add-b843-b4ee7d45f95b,4
9caf9735-c11f-3887-8ae6-a40bac29107b,4
3a648bdf-c7d3-3bd4-8fb3-62c9ae7c18c9,4
1da10094-1424-37d2-bdf0-56e487a7e79f,4
28fb25c1-396d-33db-bfd9-d6cb78284a82,4
be751b52-b9ab-3fc1-9e83-d960e7155420,4
4d8256d5-f546-31c5-9edd-0e5174163c03,4
2a176bd5-7a92-3b75-886a-ad5e454d290d,4
2851dd18-066f-3dd2-8d97-ab4d27a105c7,4
0d568a3e-a6d3-30c7-a892-f3d6318bd843,4
4e2886f2-3d01-3d87-bcf1-d81348d08dac,4
bab885f7-06f8-3cb9-bd55-b18584bde20e,4
5b50d56d-c53a-3f00-a507-0c26b24bf2b9,4
7b795592-75ea-37d0-91a2-9c5f9ff17c3d,4
1f262b36-98ca-310e-a1d7-854c907d25a9,4
a34b7ca0-5ea6-3663-b4d4-f1f46d4a8669,4
1c21e64f-fc15-372a-a899-fd16c1617b1d,4
f9273ab0-1248-3d28-9945-fdc131e9bb5a,4
7b57e922-711b-35ee-9e6a-ec1e067349bc,4
434b2536-a517-3337-9d8f-fd2e6e6b5717,4
ad36a0ac-001e-3acc-babe-0c8f9ae8207e,4
c0b0978f-e437-3e9c-8968-508dfdceb958,4
21e55e08-e1f5-3f31-90f0-b55f057f3dee,4
f13f72a8-da00-3569-9f08-435cf1dbb30b,4
2d1432a9-f6b0-335a-9ee0-bce7492c53a4,4
0cf70996-f3b6-35f1-b565-70ee4b778286,4
39bb647b-185d-321e-94e9-18ad82a77071,4
51fe22ed-4bca-3ae7-8107-df0a328620c1,4
5e7b42d8-f930-3a57-be0c-df1e11e26c18,4
9a0c9c09-e8d6-33d6-99c6-0c018c7d476b,4
0f3463be-04ef-3c47-a2b6-ff972512adf0,4
4fd9a89c-8dae-3903-a3ad-8207991a2a96,4
9542000e-0b4a-3ee0-88a5-da712fc53374,4
81032884-beab-32f5-b67b-11eb0c45e2b2,4
fb89a4b0-74fc-318c-9f05-1ed9a5e5d74d,4
a51d3266-525b-389f-b7b3-5d4e2743c3d3,4
8b36da45-8825-309c-a962-004051e2c4c9,4
b762d599-8d74-3ba8-afcc-0787ea345cef,4
8b6c262c-2d18-38cf-ba46-2c30eba3b85c,4
6402b5e4-4eee-37be-88d0-6e6c703f4e2f,4
6e0a1bee-b129-3783-bce0-3fc7bcfc07df,4
fe4ae428-b3e8-384c-96a3-e435f0f72312,4
1a682c79-2054-30ad-9af3-43ef90a6d919,4
93ba7766-d112-3ea1-a107-ebe40cc231b5,4
dcdc1949-4e03-3624-94ec-bc44f5c98d8e,4
6429b901-f66c-3860-9869-1cfb5a05d855,4
8cba4a72-c6b4-311d-b906-9a9691458ac0,4
a428f4d6-ae50-3512-9ac7-90caad90c835,4
8a263627-98a8-3da9-bddb-015d9da783ca,4
5ccacef9-ad47-3233-ac93-77119e8d8a8c,4
113323ec-2317-3523-ba28-5355c2dc0645,4
175d10dc-3876-3c8b-bfd7-e727752b19ea,4
9796f8c8-250c-323f-b357-2baa31f3104d,4
6094134a-7058-330d-aa46-625f3c9f0d7f,4
315e0ae5-616b-3111-8090-faba4152780e,4
d983d29f-053c-30e7-a924-e0e7dc314297,4
d8c08f28-19db-3ed2-ab3f-a288530a6a9d,4
7e6b5f26-33ce-38b5-8ce3-3198a9a8f420,4
a2509b54-cd38-3862-89b9-86ce09c2eebe,4
3bf4f7b4-28c9-3e4f-9662-fd6b6718214f,4
8054c3c4-ef75-3ca6-b577-00962b03384a,4
b6b764f9-ac0d-391b-ae75-df1491b4616c,4
fd31a102-a1d0-3487-8bcc-10ac9289f36a,4
69911bf8-499d-337c-a428-b8133bf0c128,4
ffe25038-0b41-361f-927d-7704b53d7f28,4
aa628fec-f14b-3348-83ce-e489615a3611,4
c62fec45-34b6-3860-8f7d-b4115c06c403,4
b675c701-d796-3fbd-a9be-40f0e28da113,4
13e88145-910f-3cca-a021-b68926f3be60,4
b68479d4-5a00-3e75-ad50-26350c2746c3,4
5d64871a-1dd3-3837-b319-fda5ac63c319,4
66e75426-c7f9-3ff1-b11d-2b7895be6603,4
c6a4aeb8-9523-33b3-ae79-c71b85a0282c,4
212670b6-effa-35c5-964c-eb1fb8e210fd,4
04c8bba5-2813-3b43-9670-f19d06fd94af,4
b4f7afde-06c2-368a-800c-2381b4c7d2e8,4
72518c5f-2d7f-3d4b-b741-9c1689c448c1,4
63c02da3-12d2-3342-8dd0-12583a7ade62,4
7892db06-4c52-34e0-8f19-53453bb0d138,4
72e315da-accc-3895-9eb9-aebce728f41c,4
e9aff54c-74b5-3dc5-955a-06d0a9fcaac8,4
18b0d1da-1175-304e-8c59-ba61da8eccb2,4
174c97f3-3a23-390c-a329-17cc7d72661b,4
40048e62-2d00-335e-9a83-b64a741928dc,4
aee7f2fd-3e00-3177-80a2-ff427c04a1ca,4
444820ea-19d8-3a6f-a98b-99cb3ce11652,4
c5e800bc-4c43-3b37-bb5e-175651b01b64,4
5c77df71-c75f-3bb7-9eef-0381bef385dd,4
28e53a4c-de01-3219-b669-17262019ebde,4
43424863-a63b-3f93-93db-367696c6261f,4
4b3c4110-f7cb-3ec8-904d-524261e1f56c,4
4170330e-ef6f-3ac0-9974-7de9dd07af30,4
e52a2d10-7405-3b4f-9770-08b48de5c213,4
b3c1781d-0e8f-3cdf-b983-280832cc192b,4
f55981b9-819d-3a2e-af80-d4cf089ed4b5,4
f7c46c85-7624-3f20-b976-c19cbc0e8df9,4
90debc5d-11d4-361a-adda-1ea9b2c1cfd2,4
b409a583-da3f-3641-b02b-6cba1a37136f,4
eeceff66-fbf8-378b-a7c2-7d22d92983cb,4
7fe6e3da-4ea4-3bc7-95a2-d60ddb7019b3,4
6dfaa5de-4db2-3f6a-92a7-e1575235beb3,4
d47bd46e-8bf6-3066-bf8a-a06357cc0c0e,4
b7b4de75-921d-3cf1-94fb-059b21f213bc,4
c9b982af-c358-30d7-9758-81006462a4d3,4
dfe582ff-774e-3329-bea4-8a6fa871ae8f,4
5e01eea5-61b4-3edc-8a96-715bd7520edb,4
c45ccc29-50f0-3ec5-a037-e5cba7482c26,4
bec0a515-b1f4-3546-aadb-745ae7e4c40b,4
2ed48f32-e316-32b8-855d-6444756b80a6,4
c739059d-0ab8-33ee-87f5-aa2a838e52a4,4
40be15b0-733b-3651-b7bb-5204d999c789,4
4b295d4a-1d5f-3e9e-8014-89e76b76e8f0,4
c2ab4ecc-e5a2-3dc1-8f48-7a17a416c9e4,4
50212d7c-d462-3c2b-968a-7b4e1f34a16b,4
785c9c08-a240-3ab9-949a-361b175ddcea,4
79cd13f9-b3db-3f35-9554-c0dc22a2ee3d,4
f53dc55f-22e8-3664-8e57-7992389476fd,4
68819f72-fd56-3f32-b7d7-dcaa8c817569,4
6fc2e506-7f19-31db-8b2c-afa8eacbbb41,4
1f8ab349-547b-3d23-9e56-24c8138316cc,4
4beca922-8da6-33df-9a34-21fc299355a8,4
12f68bee-97ee-3237-b07a-03a27335caaa,4
aaffe957-7ea3-3138-a80d-271ec321db88,4
9f62c670-1be2-3299-9ed4-af8801b48279,4
d1a92a17-3dff-3ae1-a224-5a3bc18c8efa,4
b027b2d1-7398-3329-869a-4d9c1a9bb4fc,4
79b939ff-a4f0-3396-b2ad-1421eb587c8b,4
2fe5865d-e781-3375-922f-b43a1c5a308f,4
b0235185-d74e-3df8-af2b-bfdb8ee505f8,4
7fb3d0cd-f3fe-3c02-88f4-877255ad6f4a,4
1fb56786-d8eb-3a6e-9c3d-9015de76c493,4
767eacc5-20bf-3b0e-bd31-03157fe5f8cf,4
b42e2d5c-4bd9-3cbd-a88e-aeac38a9dd9f,4
11199e71-11e2-3f78-8635-e9f7798eb53e,4
e5896ea6-14ed-3f6c-b603-482e2aad475b,4
55b33631-7d69-3d34-ba02-044bb1370046,4
44654855-20f7-3bf1-9af0-fbf1c90c641f,4
9c136661-5561-38ea-9739-73ac7e9b4ff7,4
06028ab7-d8e8-38d3-9a31-5510eea38681,4
0a14eab1-5a61-3456-a27f-2287db0806d0,4
d6ef497d-73b4-3c45-80d9-73413f1fe730,4
42cfe21e-bff6-3c53-bf50-684858ad3250,4
eaa09ddc-829b-31a4-9f35-d72d0266e700,4
94e18f03-07f0-3fd4-8eca-090378ec7474,4
335e5d31-5fc8-30f2-9c63-e89fa614fff4,4
c2b88f04-47dd-301c-b33d-4305a8aed40b,4
9b82b9e1-4f02-317b-b254-b2c3249e7b33,4
9861ffab-64cb-34d0-8c0e-462c2659684f,4
5c4b53b1-49cd-3114-93c2-40d7700a37da,4
f344295f-1a7a-3528-afc5-4772f4ede1f8,4
26c8bfe2-c7d9-3021-8527-e5a9cb563330,4
16ed353c-9d22-31c9-b483-9774d6637786,4
142fbe9f-fc66-3f45-9dfe-822ba6010831,4
48d0f3c9-92e8-305c-a19d-507a3e35d9e1,4
f573b01b-4674-3261-823e-298918ba36c2,4
9a09a821-1693-3819-9eee-924c753cf9df,4
ee40eb7d-fee3-3b77-948b-216b3307c586,4
8d671381-619e-34b2-9339-ea846eccfb0a,4
6e0fb16a-3343-3bc6-868a-1fa203119057,4
ab022352-3f30-3679-96da-9f38e06a52b7,4
002f7e56-6a2e-33a7-bb86-49014f19511d,4
d7cd2c87-998a-3144-8ce3-1da2b2c065a8,4
b51e6235-1294-3e00-a14e-2254b2d32dcf,4
5edee7b5-8c6c-3d2e-834e-92198d9c0f9f,4
4cd6d747-e97c-3d47-9f00-4e27201d1e62,4
60e7b2ae-917b-39ae-8714-bcd0a1cf1243,4
758f4353-3250-32eb-841c-3da67385bf48,4
7b11a60b-6d4b-3091-ac64-c4540207ddc2,4
3fb3ea4c-b386-36d1-ae4b-8e1452dc6ffd,4
7b2a9890-2128-37cb-b972-5c327b358685,4
126171e5-8219-3e53-87d8-93b29eb629eb,4
ed965de9-1cf7-39c3-a6fe-9aaa1ce246ff,4
9f657f0a-f021-3b60-9123-5032919e0dba,4
ea4b5077-4824-3887-96e0-ef932ddffe37,4
d1b8d507-d1ab-3930-904b-8e2b9ec055cd,4
a972995f-bf47-3db6-8bd3-6b02748ca3a7,4
e67c34f0-2e4a-3cfe-8406-c6ccd593775e,4
f2898829-aff5-3fa3-bb6e-4ed1ebffe22a,4
53a73cde-c02d-35c4-993b-1be6a1d95273,4
35b1c0e9-1f2a-395e-983b-1c59c69eaedb,4
2faf4098-7984-351f-9d3f-ce2311bde26f,4
308c9254-b8a7-3627-b35d-c6e6ae8c83b3,4
4225ad00-817b-327f-a6e2-1a22e9444113,4
acc93354-339a-3e63-83bf-10a6284f29dc,4
24bd6d3b-630d-36f3-baca-bacb9b5660ee,4
98de04ff-0a7d-37f6-9dac-35a954dd42d3,4
c9d03a2c-392f-3193-b9d4-396650aa56dd,4
afe544aa-4a1f-36f6-93ba-33693cbb12e0,4
5005c217-1376-32dc-93bd-4b9250e97dfc,4
a1017456-e94b-3fa2-84ea-c79c48b6bd82,4
12959c78-0b4d-3282-8d8a-6bbac4f1db9f,4
e9b1b58d-fe8a-3832-8dd8-f831ab29bac7,4
f0f5d8a8-4636-3214-b415-21d27e8ba3fd,4
9eb5ecac-a200-356c-8079-0422cf712b28,4
6e2072b9-a92c-3146-ba75-da2a656ffddc,4
e773c41a-2d0d-31e7-a4c4-d2d5a441ce77,4
c6d5b9e6-6957-32e8-945a-461f22f957ee,4
f705076e-5470-3a46-bb46-f01b55ed9e95,4
6b849e83-d37e-3288-8743-f783bf179779,4
cd0a444d-155e-3e29-ac0e-4d78e13c0253,4
ee869f12-0789-39f9-8056-c734ebb46c9d,4
b8953e86-5337-35f9-8c61-7006f78846f3,4
12f5e654-a8bb-39ec-94b5-80dd0905e682,4
b4079bff-917d-3293-befc-c4d8a5ac2fa1,4
dcef7e0e-2686-3d4a-8df6-6737b3257bd4,4
567bdcc5-35e9-3bd9-bd4e-ee83003259b7,4
0d913c19-58dc-36b0-8c49-26f2267fe766,4
63f22b3e-00a9-3290-be7f-3beb91bc6f7d,4
c1d7dd4b-4554-3f55-9929-f3a26af3b862,4
d32a14fb-f34a-3f7d-9fcb-32459c078493,4
e37b5a70-d359-31cc-aed8-a387cdf2734f,4
b4f74129-615e-32bb-803f-6c83cb2092aa,4
6c7ddf1b-8448-3072-bd2f-ec8bd4f46fff,4
7e6009be-4ef9-3696-becc-a08b3c8d9c68,4
d2d8c61c-0eaa-3661-9f9d-4b61fe01629a,4
131bb981-9854-3bf7-8004-8d6daaf9d908,4
c6e0ad98-b3d7-3fc2-b900-b2d92b68b630,4
a167331a-95ca-37d3-af0a-bef254bb204a,4
2d5ee66e-a785-3f45-934c-00caaecec62c,4
e2f3100a-0d78-3d31-a199-8d1d60f5efbf,4
26e164c2-f286-37b5-b0e2-2bd9117590a8,4
8682e3dc-2d18-39f1-a096-c6fdae939cd3,4
c3d149a3-577f-39b7-9a48-9838244a6283,4
cb3b532c-ac94-3c20-bbc8-c0efd3e222b5,4
cb217afc-ae70-37a4-9bf5-bb013aeaf6a8,4
9f607d8b-1072-3ce5-98c8-3ea257d8dcb7,4
ef96c812-f322-3928-aae9-e6f473f076a4,4
5382a6ac-3610-3429-9e17-6dd3214beeb3,4
7e38809a-7b4d-3abe-8607-338ad67b27ed,4
dfdfe8fa-321d-34dd-b5df-7fcac31ae4e7,4
04009695-04c4-3ca7-85bf-1766ac75733c,4
baf12ab5-ce82-3c14-9e04-baab2090acb8,4
c4785dab-744f-31ce-b33e-fee2014fb01a,4
f4518263-0270-3bf6-9fe3-b8eb0272b0cf,4
77583aac-9b1a-3e15-813d-1fd6ca328db0,4
62ffed59-752d-300b-bf1b-c4e901607504,4
724928f7-abd3-3f35-8f3a-a3fd28e4d472,4
272b17b9-dfb3-3ac6-a757-ea8031cf1afe,4
2f1db25a-11fe-3598-b3a6-903b9baf0ea3,4
ab149f23-2069-3715-bb73-f7fe39add277,4
8ff8349b-23f1-3721-ba02-a26a48b1e3c6,4
4824cd77-c763-3af3-ade6-e95aeb640e4d,4
8540cca3-63b9-3c2d-aa77-5d19192fffaf,4
482022bc-d66c-3b36-a99b-08b33c4bd084,4
70c53438-5c85-3f1e-a814-f6c825c048bf,4
95f8a36b-2800-3d3e-8e5a-19cac7e0eb33,4
38f54212-20b4-3c4d-a648-528bd1922225,4
26b5012f-8358-3d2d-905f-68017f8846fd,4
35b1ea11-7e8b-3f4c-8370-80305f3e2179,4
ef9d33f8-dc31-31df-81dc-0f2c4dd0fcc3,4
723bcc3d-1140-32af-b288-b3780480664e,4
ad289b4e-e2c7-3262-a712-9eaf3cc5c11d,4
a0bbf682-7ee5-3d8f-bb5d-75fcdaed12ea,4
3877e64c-d444-3b60-81c2-118fa0bf8345,4
53aafb13-bd43-3c50-ae45-ca14c3f7b11d,4
a5fa1968-33c4-367b-9e33-48b1ad19175d,4
6ad475f7-2000-3893-bdfb-11773d21622e,4
d04dee6e-7fbf-33ab-8efb-a5ac454f634b,4
cbf2531e-7573-3fc9-a6b6-0c660c86a1a6,4
990bbcbf-b2a3-3252-b145-7b41e5ad7516,4
9707ef3b-9371-3a96-9c97-029f2865a8e6,4
b12ee782-01b9-3429-a09b-0433687b05f2,4
2d0faddd-11e2-34e3-9ddf-125ac9c2c758,4
1fbf52bb-e922-3f0b-8f22-376a53691fdf,4
6467ff86-bad7-3e44-8e89-c67a1d98f11d,4
04310f90-1ebe-3ab1-8772-3a6267e1dc0d,4
6d8075d8-dc84-355c-a721-18d9bb510d23,4
5112dc21-76fc-3eee-8033-de5fe59df989,4
bf70a429-e728-3b37-8aca-2e4450e2388c,4
5314aa12-bbc6-3e88-9329-a109c7c96da1,4
87a8ac6f-f51b-3f7d-8422-7debfcb5578a,4
c3c7ad92-b7e3-31bb-8350-3661514c39e1,4
1d015fcb-e15f-3d7f-8200-a6acb2da8c6a,4
7db676de-85d1-3fe9-8f24-e2f3c54c65ed,4
df004624-1a60-3a2a-9afd-b494946b6c10,4
0e07558a-530e-36b8-a5b7-b54e48d13a38,4
62d9be1f-c5f9-3a30-9a3a-7dd60c69b1fe,4
6b4fa2cb-60ea-3753-b7fc-828e99e6f74d,4
aa276b27-b9e0-3602-a6ba-3cd109cdc85f,4
bd9a676e-253a-39ec-a810-5b131a15b2ef,4
a4f20e09-1eb4-3d13-94c5-11385a17aa3c,4
d1ac43e9-7512-323e-9349-cdb6e5e0c01a,4
6456b139-e451-3717-bdce-df32a110bc3c,4
0ed5b315-4af7-3098-8b76-d00827f6a9ca,4
c1337ac9-da53-36a6-b83d-909bbc38fa3a,4
2731f111-3609-32da-afa3-e162a80e14e1,4
393eda61-1ef4-329f-880b-1bc15a55dff6,4
d5bce2de-8314-3f81-93e3-fca5e5f59c59,4
0f18c4e0-dc69-324e-9d00-3c8ba69cb6a8,4
2c2732d3-e3e8-3a67-bafa-b877b4b144e2,4
ce66df9a-cef6-3b19-af73-a3b9bf54e651,4
e7e6c3f5-3ccf-37d0-87d9-07f67ab97173,4
f831e6cf-7c5c-388e-b19c-d20d3b0d5ea9,4
16424909-957f-3c56-b255-dc9efdf750d0,4
f71a8dd6-505f-3e61-848c-2d8d3f05d30d,4
c66c96fb-4c51-3fe3-853f-1c0c33613c5c,4
b823bdf1-cfa6-3a10-89e5-60058806a643,4
0f77e951-c014-39f7-813b-644758439db7,4
2349c163-a1ac-3335-85ee-9b212147809f,4
8c2a9df5-2019-3716-9159-feefc5147672,4
2974ddf3-b302-3bf9-bd46-e2f85047ae24,4
67f0a817-40d3-3ab4-8661-b76eb0c6b0d3,4
a39953d1-b951-33b0-8bc8-da74fb1c0647,4
1089929c-a503-3b44-a3f3-215956c5939f,4
68dde79c-3f91-3101-b8e9-5a79b0ca8362,4
e5ecfd4f-0e36-3c8d-a8d3-2567d51b6fe6,4
5769f3fd-bab1-34f5-9789-11572abe08f5,4
3a1a9577-972a-37db-bb73-b06db7439ab1,4
13bb64fc-587a-3516-9af3-93430e6381cf,4
bd6bbb80-2fd7-3266-beca-f320fb26467a,4
3005af1e-8832-3f0c-ba62-b7e5bccaf079,4
ed13f022-a751-3e0f-a820-793661f1141c,4
4cbcb0f5-d162-3313-8efa-924a54a23899,4
c8a70b5b-3e91-3f3c-8e73-f56b620b97f4,4
d486df86-92fb-3fad-9f6e-4680ce9a6c04,4
e6771fc7-3976-3c32-b26e-fb6aa31f8b77,4
f679106f-ee03-3faf-b962-1d0bf05d729f,4
86bc9882-2d7f-3b44-be9c-0ad8a34fcf7e,4
72246469-c887-3474-88d2-d92dacf0f2d2,4
af5368d9-b72d-3a73-83e7-e0874c8d02ca,4
da387393-8b52-3b14-a30d-fa85d040ca71,4
0bb06205-81dd-3dbe-807d-c57382c019a6,4
fa774411-f5ab-3a6c-b1ba-651efc87c7ae,4
9f9b22b5-d39c-3b5c-b4fd-6711faa8f17a,4
9f93b8ae-5dba-344c-ba4c-ba5f3dc0d03b,4
36ef5ea7-2f55-3b0a-8c38-129a32836a24,4
97be8972-8111-3938-a2c6-ec124f56c9c5,4
28cf00f3-97dc-3318-9d9e-7653cb0cd8c3,4
dc4eea0d-3514-3c1f-8896-f9b36289c544,4
631edd8e-1137-30fc-9db4-6b6c3bffc46b,4
940c3d0a-d526-39f9-8084-d2cec9ce8d62,4
4bb0a028-97f4-31cc-b8c3-f28bf4385878,4
a84cd2bf-4af6-3135-bf4b-134f6ff83f72,4
8c3d2c3a-3733-33df-85d1-6822f79c7157,4
2f2448a8-2e0b-3dd8-a5f6-5bdc117c2903,4
4064c1b4-0a10-3080-bed3-ab2f6777e6ee,4
2adb7187-47c0-38c0-bfd8-f90b8f3d116f,4
fae8cf37-5844-3a11-a007-28bd30cae033,4
2b828291-3f19-34b6-b68e-26c70c3e033d,4
00b205f4-d7d8-35d2-b25d-bf13ded0b635,4
e7c83a76-15ec-36b1-b627-8dbb7f34b24a,4
f7a47a08-abf3-3c68-bb61-4db38e890c43,4
d57ec7fb-f082-36fb-a73c-42efd30817e3,4
2a3e0291-1673-3959-9283-53f6ba6c2735,4
731dde05-cec8-39ee-8417-21aca89635f3,4
ffbba49a-25ef-3ee6-9cae-1961f335d609,4
9220021b-bd94-3389-b0fe-1a57dcc71b0a,4
3a2dfdfc-d63b-38f5-a2b1-5989f10acdbe,4
70d1febf-9446-35c7-bba6-354bf6cc6a13,4
b8d747d8-18b7-3d6a-b36a-269f847ba623,4
22280658-72ce-3c87-83c6-2a1301813355,4
afc9f940-2552-3d91-b71f-ca2cf1c8692a,4
e4fdff83-0c26-3f68-afc5-2aef2a58b08e,4
c9778e6e-985a-3161-926a-d30b96f416ab,4
7afa7460-d7d7-3bf1-a26c-54a10e7fb32d,4
089d4277-50c7-3a51-947b-c6d6b64b6ba3,4
aa59aada-c1fc-3a65-88b3-3881a153ac8d,4
748b5389-04fe-3368-9460-361788e73a75,4
93b420b1-2991-3841-9d01-179cd18391fa,4
880fa682-4ec3-3e70-ba74-d97589f9bdd9,4
f3191097-49e9-3ed2-a035-70ac3eb879bd,4
df9f0c9d-be57-34ad-a80b-63fe56cf4e9d,4
3073fe60-ba80-31c9-b988-f65e51c7b0d2,4
a6672680-0b67-3c1c-8336-538515228740,4
6ec2113d-97e8-3616-937f-7dfd78efc404,4
5919a115-ded5-3586-acc5-680f7b1e6fe3,4
05327546-cb2c-37e9-b1a4-687c7cb0fb92,4
cb65e00c-da07-3bea-8c48-2802e982cbb7,4
436575de-a2bc-3fdd-8197-9283c12574f1,4
06d69205-a8f5-3d08-a867-752d048cd86a,4
058cb195-99a9-38cf-8208-629d0f6ee2e6,4
be07a899-9bf0-3c4e-9e16-48a37865c084,4
0875e86a-ff75-3715-b2a0-fc20c5bc43f0,4
916802b6-0d46-3237-9d80-65eaf5602606,4
d3b28332-01a0-34a4-bff2-7ccf9aa6e690,4
b2afe879-770a-3d14-b731-eaddc086a6fd,4
d6543d15-f5a9-37cf-9b33-3e02b7177e0a,4
7e16612d-065b-3328-93ff-cfcd0c2bea1b,4
2635ced7-878f-3e00-a796-c5fc44a8d9de,4
bd2248b7-e333-3349-a0ca-441cfad47bab,4
d6eeb5bf-002e-3a56-be18-79da60355427,4
39f94a4d-57fe-3399-b39f-3510fbf64576,4
10fe2527-f5b9-3b1f-b14f-e07f456aea37,4
b7e98812-c182-3a1c-8e2f-afc51da26b57,4
8b1864d3-8b97-3a43-b0cc-d0ff1020b542,4
92d775c8-615d-3ca4-95ff-dd5a8b006985,4
ff1afc56-1eb8-3c7d-bf37-ce5048cbda2c,4
8f55e61b-6962-3085-b18a-c182522e0897,4
a0f136f7-4e27-3ec4-96a4-62fd4a110c8d,4
40952c58-69e2-39a0-9299-b7b3b8cd244c,4
4cc6cf51-1b15-3a73-b037-edfa69944e4f,4
f4678f61-628c-3e4f-9ec4-64e604c08789,4
15b0838c-b828-3903-8bbe-e78767060d00,4
e0db113f-7f5f-3698-a2fe-de8b0819da5d,4
4b7d641b-9f08-3ee8-bfcf-62ea25a56a30,4
0abd7234-b6d3-38c0-897c-bff4b21e5cc8,4
dbc4ee87-0f99-322f-abbf-6c4c3bc4297a,4
c0c34cf0-67bb-30af-b1e3-2de472f709a9,4
cbe06872-f56d-35e9-b5f0-35ee117c9f3b,4
33f428c0-8615-387c-8220-6b9a45848269,4
65c607eb-88d6-3380-8683-a3a3561dcd0a,4
22224dff-771b-3abf-8315-f951ca41b189,4
bfa18acb-f9ff-3483-a3a1-ec1b8b67fd7d,4
c0efc551-8655-380f-abf3-cb007affbff6,4
6fb14bec-5c6a-378d-abf5-c751e4242291,4
7211670b-f9d7-3047-9e4a-239be300824f,4
7261cedf-16ab-3e41-9ca0-d2437b7c85ac,4
bf85d13b-bacd-3093-80a9-eac3ee3cefe1,4
58f52ee4-70cd-3aee-8ebe-47540b60b2b1,4
55a14c58-e101-33df-b432-d83edbaeccad,4
e8f94b43-f5ef-3eec-9d7f-5ac0de36be1c,4
b412ba46-f49d-3e80-adc8-123cbc3c496e,4
40455ae1-0ff7-3ebc-9206-8f33ed769acb,4
6e2e9832-0569-32f1-b095-ebde2cfcb41e,4
c37eab1e-0f1c-34d8-ae68-2886475ffe4d,4
90e69623-9272-3101-ad55-6b9419f85892,4
f66c8a47-0a62-3cd7-82b4-c26885b77c1f,4
084d2e0e-d127-3aa2-b98a-0cbb4ec6e1ec,4
6a6a86fe-e15f-37fe-bc6a-baa199d45281,4
b8146e20-6897-3cff-aa86-12c97dc4538d,4
d2f7fa2a-d660-3e2c-ad89-49c392648599,4
d6488176-2baf-3fa1-a947-78c908543f01,4
0d17445a-8a16-3659-8e93-964383966433,4
ec0258fa-83c5-3770-a8fa-66521d5d2b8c,4
4c48cbcb-456c-3ff5-8e8d-de5648ea208e,4
3984949c-b6c7-393e-9110-8a4d0a46a1b5,4
e9add120-15ed-3390-80d4-fd31bb4192ca,4
086a4e4c-233a-36ec-8382-893bdda188db,4
146aa198-5aaf-3b8e-8d9f-265cea44c8b1,4
1674763e-dee4-379c-bd91-38ebd6af9c6e,4
740e5923-d912-335f-ab71-6ab427af53f2,4
18e5bb99-5015-3015-81ec-480d7e5101c1,4
d2a98b74-4d1e-341a-b77e-e8f07f258e3e,4
b13a0020-8b2a-3a27-aedf-0e14909af187,4
a787f599-9d48-3dd8-9da8-ba9f3fe8b999,4
f6738451-0ec9-346e-b769-95b869e48c69,4
b5eac585-09ce-383f-9926-1fd617db7176,4
d1eda49a-ff01-37c1-bbc2-8ecbc219f1ad,4
5ed19b45-059d-3ebc-9266-10fc50036098,4
44889d01-3b78-3f0e-a208-a03b5c2f7fde,4
c452df76-677d-3bd0-98f0-492761059550,4
e09ccae9-f43b-34c8-871b-e304f2d35231,4
d38b4eb8-103c-371b-910c-f7b82b4cf9b9,4
df4ec750-fdf5-3b75-ac35-290574d4b111,4
7051c70e-e92e-30ed-bc99-fe7734eda35e,4
0e285fcf-6e1e-3586-8f7d-55e3bb67c0e0,4
4f9632f9-85bf-331a-ac9e-82d4f10a209f,4
d292b4b9-3525-3c67-86b6-53c1c340984c,4
25784332-269c-31f9-a3ce-9fd206f05b65,4
84fdb3e1-2190-3cea-bb2f-5333ccc95546,4
e7a625c6-bf48-3b18-9bab-defa2ef9d142,4
9b24cff7-c636-31c9-8a1d-1dbc2f848dcf,4
18e90b86-4a15-3023-9f40-866b49ca38a4,4
c960716e-a9db-32d9-99a0-488392df7ba4,4
9accac77-f559-3d6a-a0e7-a0bef782f934,4
b70a9ae3-6eb3-3c71-9728-f5c16ae46cdb,4
94598806-758d-38ce-9614-295b69e67b43,4
b079c9ab-4f22-3ada-99f1-2bc35c6b45ff,4
5b190634-cef9-3e40-85cc-c1ba5c3ceead,4
bdf83f8b-b7c5-3898-8046-1852366d1fc4,4
9351ecf4-b66e-34e3-844d-45796b1c1957,4
8489ed1e-c802-3458-99ae-ebdf128fd7a6,4
c2bf2138-1c32-3db1-a545-8fe6b64ca83d,4
42a00552-4777-3ea0-b7ed-af9da83e6c59,4
fb16e247-8f3e-35fa-bd4f-2a95f12d5eb9,4
624f8a8b-b6b9-338c-b72c-183b67a50058,4
0714d1b9-6ef7-35dd-9c58-957aaf4d0232,4
253170f2-7916-3afb-bada-ea69318873ed,4
20658541-62cb-35a5-9a75-e091b6f7f4c4,4
4dfc73fa-1e03-3ec8-8453-8b882c8cd11f,4
79cf49ab-3efb-38aa-9dc5-4337ecd7c1d7,4
c4012d4b-e236-30e0-ac29-eaa30db9e191,4
89978597-906d-3bd9-bc7a-f190f1d4f87d,4
0fa04a80-655c-3327-be9d-8d2ba35878c3,4
cde1bfa8-e21e-35d5-acfb-bd6ca93b7d36,4
2fcfd03c-9c59-39dd-8835-5a065a77ad8c,4
040607ea-eaa4-313d-9793-7ab001e5bb05,4
8dad4f93-09fb-3eda-beef-7a542ac8103a,4
76921869-7acf-3650-9431-5d44006c2d3a,4
c3ce4587-0328-3fd9-b272-d2d2d95bebe8,4
b33727ea-e0dd-341f-af45-2a33cfdccfe4,4
7086fef0-c52b-3842-b03f-398dc8d1fe91,4
bf7790ec-12f4-3350-8130-855d64fe16f2,4
b15f81fe-60a3-3cd8-a0d4-aa48d4be5772,4
24da29f9-3d81-34a3-81de-1d43e701b72b,4
a5e0b371-92a4-3e79-bda3-1373844081d0,4
62b74432-d4d2-3602-a740-75c3b77c5047,4
6c06cc8d-7f11-3f27-91d1-424dbd17038d,4
cc18469a-0514-325b-a085-27ef0a78ce35,4
489d1af1-f441-3859-80e4-3e672fe21aea,4
5ed80af2-d169-3ba9-8c43-e78b5b37c95a,4
79702fa5-6b4d-35e8-b4fc-760944eba656,4
8bcf094c-3167-389b-a78d-708dc3a6675e,4
50b7cad0-f8b8-3966-a20d-8ceadb71ccbe,4
f037dea5-2cde-322d-ad48-5477242b448a,4
006bf560-0322-3e20-9bbb-c97f4caecad6,4
95008e22-4871-3c5c-b100-de45adef51bb,4
3a4d692c-555f-384c-864b-09ef0a249378,4
3c4816af-c6b5-3a9f-879e-98bf9c9ac7be,4
59c507ac-2e34-30ef-91bc-f303751f27dd,4
e05d91c1-30f7-3f67-b881-106305b58f2f,4
3a8a0838-f560-39ef-8ba1-a433405da0cf,4
f6c44204-626f-3307-b92a-6b3890898310,4
338ba2ce-28bb-3fe1-a408-0b317711cf5b,4
72ffcc55-271c-3d30-9c1b-0c57b76a6dad,4
3366cc5d-7848-3a3a-bad1-3154d440b6b0,4
1484caa6-36f0-3c10-b7f1-c4c6c9adf6b5,4
18d075d5-87bb-3e06-8707-a997d11bb614,4
90b6f925-3186-308e-990e-a150bff60d42,4
b3a0a521-3d45-30e4-9298-55b7935e72e0,4
82257ddf-6fa0-3033-ba95-ef4d1f54a239,4
f1a6781b-2f34-3b70-af4a-f26df22dd70e,4
0524572b-6ca6-375b-b1be-6c714bfbda3b,4
e5d99aca-309e-37f3-900c-1287010a7e7d,4
187e1323-f23a-30fb-aa89-4785408e72a2,4
f628ea83-fd83-3a72-b0f4-47b6db90b2a8,4
34177cbb-0676-3a57-bc25-9bc9cc071aff,4
73ee9df8-824f-3dfc-8aab-24c0f0553b6a,4
b0fe66cc-62db-3cdf-a693-ba66878dbbf8,4
e9239bd0-8ca5-32bd-93c8-a06006a7acb8,4
bac9ba45-48c5-3c52-88b8-f2151beda8af,4
6c974fc2-957f-351a-96b8-a22d24fa877b,4
9be4f686-5697-31d3-89d1-1e48ec412bd2,4
922f7f7d-f135-3a8b-93c1-1d4353214266,4
d4474be1-8adc-3d63-8594-94bfb8bf5b8d,4
6407fbe6-cfa1-3ee3-83c2-e674360cb1b4,4
d6cf3df9-9155-3f1f-9b2c-f19df9483ce6,4
154cd24a-aec7-3ec4-80d1-f6dd92a24e47,4
1d113bb3-c2f7-34aa-aae3-00b5c66ae2e0,4
03e1be40-03ff-3d21-9355-0efb9a8fdab6,4
ad3d699a-4f72-3171-8540-c2960d2dce73,4
d6bbb955-c824-351b-ae38-55d70241f532,4
efde8f0c-8a09-32b6-993b-5f637206b2d6,4
951e4562-17d3-3beb-a2b0-da32eeee4437,4
b6e36e92-9b1e-3409-8e95-90a95dc03ba5,4
d13a4869-591d-3f11-919e-2709388a16b6,4
28383e46-c2b7-3902-8fb1-c55756223a32,4
2fa3df8d-cc8f-3ca4-8c98-8767cb7b3e0d,4
74528b1b-2e4f-36a8-8f18-22ef984c71fc,4
2482487c-884f-3663-ba92-3960cdae2b57,4
8a7255a2-ff2c-3fae-ab13-73b1d6ba5a08,4
d57d18f9-c8c6-33b8-a950-35ba183c0afc,4
6477f782-55ef-3334-ad4f-19671cccf94d,4
1443edd9-c4d3-3af6-b36e-988675c80383,4
d3b23603-2279-32d7-a3e8-053071ef7445,4
438ade06-a422-3a29-b208-e2807b9e0952,4
e70ac476-9166-3f9e-8c79-ab5936e9dba0,4
c0e6a1ea-8b19-3a6c-8322-a405409e29db,4
26c7dbbd-6f9f-35d7-a54b-3ead6332da0b,4
9b94f51b-0ee1-3188-b0d7-e48d3c5842e8,4
35f5edbb-8ceb-3f4c-bdeb-36300313db35,4
bba651fe-96e2-3915-a390-5d5c2d575847,4
c024edad-e43c-39d5-b042-87c75ef9e768,4
37014e01-425c-3a9c-93c8-7023ab9aca6c,4
548e16bf-7561-3563-98e4-0a30a120303c,4
ce647e7f-d4f3-361b-b75d-c8588532df76,4
6099e418-597d-3a27-a138-47cf0703a91c,4
3389faae-94ab-3ef1-832e-2d95f0821488,4
7ee8d22c-41e6-3206-a153-f9fa0dca6199,4
2430b4bb-1490-3cdd-b2a6-d8d609b3998d,4
3f3a355c-dcab-31d9-b5ea-3aa289a3f9da,4
44b17b5f-c954-3018-a5ec-591b0d32f139,4
e1a54e03-f488-3250-9954-f0c4a89bfc41,4
2a979d05-f9da-3201-9ec0-33b6f3cb9426,4
cc5fc77e-211d-313c-9f13-30b9d4404fa1,4
ecfc64fd-2c3d-3cc6-a6d5-0e77492c918c,4
37e9d130-2e4d-3fa9-ae87-a3f5091ccc4d,4
7d957c6a-b0f2-3819-90a8-9c143fd4d6b7,4
7c0ced6a-cdad-32f6-9d5b-a25d766e3129,4
96ecf126-561d-3228-bd59-a46f090ad1d2,4
55daddb9-3294-39e3-a604-e48dfc5ee1e3,4
bbdabab1-440c-348b-9922-88f5c8a5a2c3,4
c57729b4-21a8-3e3c-b1f5-76c83644fead,4
c08dc53c-f699-318e-893a-aac47476556e,4
268dfcbd-e237-3126-8e04-1a4ab1f601f8,4
84f42a88-ea3f-350b-825c-18931259479a,4
1bd03a91-abcd-365e-a82c-3c2f527e99c4,4
d14b9008-945d-3fa7-97a8-e02855a48516,4
2b80b0d3-44fc-3673-a708-f7df6eff5b5d,4
e334248a-3e3f-3060-9459-debbc28595f1,4
aa301e59-8c20-35fb-ba2d-d9ce21dfb61d,4
093ffc56-1294-35b1-ba0a-35798a996d83,4
6f411a15-3335-3173-95e2-8e5d676b1899,4
a7c14978-7e48-364e-b7eb-db2d2e1a99e4,4
335815b0-e025-3db8-adfa-653a20658b72,4
2fa3fee3-c99a-31b1-a8cc-4bec09e69637,4
f7821bc9-b482-30da-a169-a433f71d5286,4
66e28c9c-0432-3136-8304-75fb1aeda5cf,4
4798b3ae-85bd-38d8-ab58-e308d87384bc,4
d782b7fe-7a90-30a9-a8f0-0e869bcb215a,4
1bd7f60b-5396-3861-b0a6-7577120459c4,4
80b74b47-0adf-3cf2-8b59-f22e892df49d,4
a0a83f1a-7566-3079-b7bd-85d7c9732da7,4
e313bed2-c89b-3eaa-be95-772eeaf7b248,4
0addd4b2-6851-3e80-b5e2-2087ff710a11,4
04aaa3ca-2df3-3134-8e00-9f92cc3ded71,4
87ece224-94f8-3bc9-a3b8-c899d43f2467,4
dc626c24-4122-38a8-acb2-3da7a51f3c3f,4
5c39a538-543f-3764-95da-44be696a74cf,4
e2e99d4b-09f9-3efa-8238-3159c9aa4a4a,4
c6fe5811-7f12-3848-b0dd-e190841089c0,4
162bbc20-a3f6-34ac-aa55-7f147305ae44,4
8c773d95-4c98-3605-b3ad-358676d57e90,4
23cae06c-4d38-3642-8694-c0b6cc635cb0,4
238436ea-2ffb-3292-b141-774b24f76df4,4
ced46edd-e65a-30a0-98b4-b528ef907dcf,4
dda0b083-c7ce-3542-8aa0-5f3f1f072130,4
c1ada81d-b790-38ca-8524-4f138cf8acfa,4
b2c30306-6477-3a8e-a245-2d2f0231fa4b,4
192b70cb-358e-3984-896d-bbe6c8caf10e,4
61db94de-3186-3e04-a9a9-116be067fb22,4
44a14637-0590-3dc4-80bf-2ee212686f8e,4
a0749198-88fa-3656-9886-5712cc4c43cd,4
bebe06d9-0773-38da-ac16-cc155ac954ea,4
fbde3b14-d1a4-3a8c-9951-897d43bc7d53,4
b1869bde-0052-32f9-9070-1df471da096d,4
d958c8c1-813b-3cc4-96ce-2725af690b99,4
07908866-e0e3-3e70-96c3-609f5ef519b8,4
b3d1a665-b096-34df-b9e3-183e5d477451,4
d4f0c48b-5c9e-3626-8a3e-828d00d47472,4
06a033c8-836b-3007-973f-a5ff540a1a26,4
b7b7a639-68f7-3298-b738-cee6c0b3dc65,4
a3347622-6e61-35f8-ad6b-32ea218387af,4
f4aa8420-ac7f-373b-90b2-6a663c9db760,4
bb3a802d-649a-35f0-8cf4-0fe23fbaf084,4
c5674b9b-f881-3ae6-8403-45bcf9dbf207,4
0fca43b0-c86c-3114-b245-b884e32d73e5,4
47d7ab2d-19df-365b-8578-cc7549d6df35,4
d1387170-a6b9-39b0-bec6-9282e53cd855,4
570aee0d-0e3d-3eab-baf4-2ad25f6b7200,4
4ff62fbd-855b-3b78-a25b-1179116a6706,4
53836784-6bc2-3138-8b46-74405fcc210d,4
6e197735-d24d-3e3c-af06-628940ef6308,4
247f3961-04f9-3748-b219-30d20e87e66a,4
b327d3a1-fa67-3b23-a1c2-044b5173f806,4
dcc789fe-2dda-34b8-912a-def4691cf250,4
22d615c5-2f1c-3e6a-a271-15fca169db67,4
c8e469e6-185a-3220-8dfb-ce3300fcfa6a,4
41bcaa29-3224-3754-abce-7626876a1088,4
4246f885-967b-3929-ad07-d9aacc4f785d,4
6c391ab5-915f-337e-b266-9b3993529ebd,4
c0583b0b-d24a-3533-9124-eb4981a133b6,4
1e2169b8-b8f0-3e25-bc31-67f064024511,4
69e6afa7-4f5f-323e-909f-37b6b87e2973,4
d62a9dd0-0aae-33c6-a3e5-c43358a82675,4
b422efa9-63db-384e-8cde-a598869c67eb,4
224d6cb6-b61e-312a-99cd-49786f9f1add,4
728210bb-f114-35ec-9796-f365fc0d206d,4
b639217d-ae1c-39a1-ab57-06c86be09a5e,4
ef8230b4-9597-3bcb-afc0-ed1784a2af5c,4
35456ada-0a5f-34e0-8dd9-a7826880bee5,4
22bc6f23-0fa9-3f6e-a7a3-f7c2b0e20e87,4
d6a559f0-cf25-31e1-96c9-674e76e0f44c,4
a287d612-b1c9-3d76-bfa1-4db8f3ade1b6,4
f3292a8a-a9be-342b-a2b0-1b05c28d827a,4
74e99a2d-b223-3ca8-b4f1-4bc0b1199a5e,4
6add89a5-095b-3701-b379-4d747ca00668,4
d2c7338c-4ecf-34e3-9988-af3fb5930022,4
4930fa5d-5819-3a16-8cfa-4dc6764cd17a,4
08897e0a-f5ae-3f50-84b4-632bb906cccc,4
6831d8c2-f392-3f83-933d-292f82e03069,4
21769863-3548-3335-805c-bf3e7e9008c0,4
bf7c9ea4-822e-3e58-a059-b8c93a00e505,4
9fe30850-17b3-38fb-bcfa-e723b49de538,4
c2e42bcd-533c-3d6b-b845-21a399b6844b,4
5a3826f7-f0b5-33ba-b161-6e9fc2579d4d,4
7f6b7659-8f5e-3c14-af0c-247a62d1c68f,4
9e5bfbf2-954c-3b02-9153-d748fafacf9a,4
b3b920e8-16fc-3b1d-aa61-1a130b365a9a,4
fe618bae-a475-3491-9c5f-76cf07c6c519,4
59b4fd6e-737d-31c7-a332-d978f5fcb617,4
70bd1acd-e5e2-3b54-b827-8c81d5abf18d,4
274032b9-f202-3276-aa8f-b23a163bd727,4
aa7d9d11-d23c-3fe0-8441-33b0957e7096,4
6a4f6de8-3147-325a-8f10-99512c8ad9dc,4
f18100fb-6fd9-3edf-b156-fb787a554ebf,4
fe581000-1df8-35b0-88f9-90c62385f7ae,4
40a6c1e8-28f5-3226-9e4d-5b5f58786d43,4
86b3db13-9d3e-3c4c-a510-5efbb49c3d79,4
025eb76d-2f9b-3fff-9819-81e224033b28,4
50f8f8b3-c688-3e92-aef7-85efb9bc3fd0,4
17521df4-8ddf-3a29-8dee-74a388b3defa,4
634c12f4-edf9-399b-a3e4-b6d12e2ea33a,4
ae5c38b9-51d6-3319-896c-cd3296a9bf62,4
6106ddd2-b17a-3f72-9623-c3df7df93819,4
58cef60a-04f4-3cc5-b666-a572f83c222c,4
ada41efe-98f9-349b-a8d6-8f1b5b66981d,4
6c27bc34-a416-349f-8417-fda74f06f158,4
4c65b68e-c847-39cc-9212-f408aff3de18,4
71eda105-0ae3-3c4e-8f75-2f148ec17ecf,4
8bd534d1-98be-3006-9ef2-3cd8ca2d82b2,4
1a997586-fbf5-3ab8-8169-459642d0bfd2,4
bb0f08bb-236b-36bc-9da3-374d09c3bfcb,4
b9d9078d-98c5-3dde-8589-4f9fa85df3b6,4
84cc5509-f261-3684-9899-7d69e1ae661a,4
9878e430-ccdb-39ec-bb9b-0978c60ee375,4
f28e9777-69df-31ff-8c1a-2a0338a53323,4
86b87ff0-0dd3-33ff-b20e-2608469c59ce,4
421e13f8-1890-3769-a7cc-d5f82631c1da,4
a5bbf409-69a3-34d3-a836-b133d4df76ca,4
1196fe83-1520-3ce2-9ce6-85cb23ef4ca7,4
450f27b0-b2c3-323d-b854-d539378a657a,4
a160ba6a-fcff-3935-8505-bc2666b1cc10,4
b4e5afea-1b1e-3e5d-b06b-6e84b1c5e177,4
d751ddfb-b9a3-3c20-93a9-3fb5074b993c,4
574c120b-5973-3b21-bdb3-ef129b3d4eab,4
ca785228-bbf6-3fe6-84e4-f6a4cce306f5,4
522af8a2-36ba-3026-aa90-931756e31466,4
5100293d-bf9e-320a-a76c-8c54af588931,4
d859fa7f-9265-35e7-b777-ede23bb8895b,4
86282c4f-08df-3db0-99fa-cce553d63b31,4
dd774cc2-fd36-35d1-8c16-a7cac669a172,4
4c5f016f-213d-36f3-b834-278192168557,4
37dbac1b-d965-3178-acb3-b78fe738be6b,4
020e1719-e22f-3cb8-b9ca-2c035085b79e,4
29fc7a83-65ed-3372-a620-35222ec87217,4
15c6e645-6f05-349f-9f7d-adc876c497cd,4
f9c416fe-b9ee-3922-9cbf-3b6d85142c95,4
3770fa3d-042c-3a37-9f32-971179ca1918,4
06dbf665-7445-35fa-9d76-1cd3e0fab0c9,4
f12e46db-1afe-324e-b823-d68787fcb52d,4
7c10b2ee-7ccb-33d1-a8f9-452f0d21d9f0,4
ad6b2c81-774b-3205-acf6-b09ec9741aa6,4
621e3253-da6e-3cde-a8c2-6848ea26f157,4
173ff610-3499-3407-bf17-35d9c4a6d1cd,4
886ffe92-1f3f-3db5-b808-1511e281f36d,4
f73c987f-3b3b-336a-8059-c0d55f990a1c,4
66f0ffe6-842f-38bf-bc56-cb24defafce4,4
9f18d218-fb31-362c-bded-19a577f3dcc7,4
9a704201-8487-3cae-8edd-84a2a52c1217,4
e61c863f-e53a-3ca8-af41-1422242540bc,4
52362c8e-5184-363e-93dc-ab95e2e41daa,4
07217eed-f072-37b2-bd0e-da4e072484f3,4
11c00769-b6cf-3942-bdc8-77fe2cb55234,4
a698a072-9eb6-385e-8dc3-93e17f666a29,4
58547c83-0829-3971-8e6b-7054c24b4c3d,4
019cc560-1755-372d-b397-1b4d34125cd3,4
d63d9382-36c6-3723-bb2e-ebf6599fb3cc,4
079e0feb-c3c6-35ac-87a0-47b827e7ed21,4
92e13520-11a4-32bf-873f-32467210d0dd,4
cd5b3528-3adf-3ff1-9549-12c07e2a5873,4
d1dacf7f-f2da-3d18-b2a1-a2c464b1eedc,4
a207eb9e-9dd2-3420-8f2c-22f7a82a4ce8,4
88478408-a465-32c7-869e-75a0c49b16f6,4
811bb04b-2fcb-3ac9-818c-f62f3686d5c5,4
fea04901-b3d1-3b7a-935a-60eaebb83efc,4
10e779b5-abb3-3546-8756-0e153861f39f,4
91332e5f-c90b-3e63-ba44-fdc9a35966cc,4
438d2bcd-b599-35e1-aedf-0921f3934dd8,4
00b08322-95d0-3fae-bcd2-c6add2cf4e01,4
1930aaf8-ff8a-3ec4-bd48-afd7e24ca48e,4
0dcbdff6-19c8-38d5-90de-fd2111b32ae5,4
c9519710-5586-3c72-8eee-e6f68e5634ea,4
2c161f90-fdf9-344a-b4b2-c183d37465f9,4
2d2a58db-f399-3e71-9330-3805834173be,4
e0c55276-1b81-34d5-80b3-7247e156d030,4
a8b6ec2f-3703-39af-b4fe-1daecb76be50,4
dd66df79-02d0-32be-8ec0-4917a396706e,4
6d987148-88bc-3ba7-83d2-cbc572f53952,4
2879e1c4-def4-36d3-9c1c-1eb2e59100f0,4
41e76c85-f2cb-308c-a7c7-82e7916b661c,4
c91dec3e-3d3e-3db6-9a5b-9f38f3081eda,4
134f94a4-b1ea-3754-9a6d-f4859aee941d,4
214c47ea-6f7e-3d84-89ac-dcc26e90513b,4
5296ea9a-7034-3af3-bf6f-c7081d9ad0b9,4
9a5ce28e-673a-3b5b-80ef-fa1e3b288f89,4
464b9b54-4ece-3116-ad06-1f3f5ff55f02,4
13804265-7077-385e-bae8-636a1e00b430,4
e90970d3-917b-3c90-bf8e-4ed3275e61ed,4
d0e5ac74-01b1-30cc-a37c-fb8eb730adb4,4
4f290bd6-7d3d-3904-8446-e2691c29b46b,4
62f7dc96-3b46-34f8-8729-5dc4b80bf327,4
a089e6c6-0efe-3f72-afad-68540ddba433,4
e94943b5-cfd8-32f9-952b-97ef7cc6b205,4
21b3460f-64f9-39bb-b28b-a22af2d07538,4
b0be4490-99f5-3aa7-8d5e-f62a40b66935,4
6042cb3e-03b2-3263-a25e-928b5d7d0c5f,4
a31a29d0-8dea-382d-bada-fd4d47b8df85,4
22d5fd07-c147-3761-b6b0-2111d9a2d7a8,4
f3f860ec-bba9-341c-95bb-dd164b6cfb11,4
eb1967fc-2e3b-3185-b51e-af7807724ee8,4
4d106ad7-6b06-3ff6-a1c1-e60d42ee0a69,4
197de1e0-392b-398f-ab9b-6babee20f418,4
755eb098-8f09-35ff-9ef6-7883cfc60862,4
936e3d91-9cb9-3f1f-80cb-973f46766161,4
f5dc4e5e-dddd-3ba2-96e5-6f11e8a5ec99,4
6ca26989-ee85-30a8-bc8c-bfaed0c1868d,4
f9c2c0df-4fa0-3243-bf6c-80de5bf3f89a,4
cccea2c6-6a81-3d27-a28f-4524c750c357,4
d68caa6d-dd63-3054-b3b2-e99838c2b811,4
1d442e6b-4b96-31f5-9251-aaaa96ed672d,4
0d6a19b9-aa81-344f-91f7-6eab81cc432a,4
7c2720ea-cc17-387a-a823-23868de7be1d,4
cc0ca293-49ea-326a-af2a-3f871d3dee3e,4
bfd57490-613d-37d1-96d9-9485969df3df,4
c80c0742-6b98-39d9-b133-bea5a91a7859,4
22df9ddc-5d86-3f50-b364-fc2d5e343bc8,4
41aea8c1-0df1-3c34-80ec-593991bffe6f,4
07cab034-e6d3-3547-9c83-996027ec861d,4
6a5f2b1a-bf96-3e3e-999e-f96c97be9654,4
41c0af2e-d393-31dc-839c-a73da2da5997,4
f0461241-64b4-3d67-84fb-8fdbbbeedc8a,4
f0674bba-ea29-37f4-9b4f-bde13fe4b755,4
9d4669d6-de63-32e1-abd9-5811500bd4f9,4
e2e975fc-7d85-3e15-bcac-a4a0e452beb0,4
2329e0b2-30a7-3e1f-ac88-d732e5e00a00,4
5332ea4a-c5a3-3f02-9855-4467eead9a4a,4
92fd075c-c7a9-3b66-8dcc-643f9e21c3fe,4
79d39bd2-90fa-3d57-bedd-6c5a7699684d,4
859a616b-4e93-30d2-ba00-ec7c79e29d33,4
c2196fcb-03f2-3338-81c2-7c5297a52c78,4
6533010a-2759-32a2-a892-22fa08a854d3,4
aeb4acf2-9f0e-3d83-8c98-79c32e5b5a96,4
6e7237d8-4691-306e-be7d-b7b0feee9447,4
6777e089-d4f9-3679-9f3a-ba9526f7072d,4
475e9a42-e69c-316e-b3d3-98519cc4ea10,4
e2d25bff-80f7-3c33-80a2-26575f1adc1e,4
6415b624-71e7-3120-8805-45e10424e15d,4
185e6e3e-526b-3917-af44-99f8bfe0b622,4
018cae6b-bcc0-3f6c-9867-0b7e21982356,4
f50069a3-8cf5-3ad1-bb90-43525946d62c,4
610bf064-cf52-3b71-a436-b540d0bc2303,4
b3b2f73b-ef8f-3dae-a968-d889a7f931f4,4
136b6e5e-ea2d-352f-a2b5-629db09350ac,4
4fdacef2-6c9f-3b05-aa90-e228b99e7636,4
8ddb4683-c103-3d17-959f-842af5e71512,4
8f5a508f-8d57-39e4-b422-4054a036e72e,4
a9e5d8fb-786c-375b-b6c3-96ffc6b9ac12,4
a799f48d-89f0-3ece-b222-2a070b03c0f9,4
717f0ffb-4744-3ef4-8567-39e7d84e2805,4
f89f7fa5-d037-3db2-a4af-9ff843cd9dd7,4
135330ec-6de2-3be8-b3b1-3ab0d3a4b67c,4
43fc9cb2-c47e-3bc0-a94f-5d2b9f2a384c,4
fb10be67-7593-35fb-835f-98b277823994,4
eaede3ed-3a03-3a8a-b358-42b163a0923d,4
ec87a902-47e7-3503-bf9c-9c7a7183cdaf,4
3a1bfdb5-4c15-30ec-943e-043f253598e7,4
d2b2827a-b91c-3d23-b26e-8a349f2afeae,4
d0fd3db9-0a18-359a-81a8-1f23e4df99bb,4
11e82576-6260-3b8c-943c-b11a6f3a2228,4
1de90d9a-7411-3d7d-9ce8-08da2872ec85,4
c90d9e25-51cd-376f-9d87-626c5e478790,4
53b1e793-ff1e-3cd3-a409-e07a80f0fd64,4
29627d6b-e1bd-35ad-8547-0fd865da13e9,4
67f53779-26d3-3d35-bc25-e132fa350b77,4
716bb80b-f85e-3a1e-a2cb-09cd8739bc9c,4
a83b5992-73c8-39c1-a982-a1e5a35aaf2b,4
cabd75b5-5419-3fa1-a6f5-0b67d01bff24,4
4424c412-8032-35c1-b9d4-bec7a30f2dd3,4
e2d58f76-074d-3d4e-9b1c-97cf8237447f,4
79a079b8-3771-32a7-9c05-0628bb1958bf,4
2137ff42-25a6-3e6f-ab3b-aad275da4ad1,4
d51ebb8f-c949-3ae8-874c-6af79bb5f1a9,4
6c87a35a-abb1-37a0-beca-79e60caf3c91,4
6c70c05a-d689-33e6-8f7d-de133c1bf513,4
6da38eee-c0e9-37cb-8681-0987e5fbe1b0,4
92401b69-6137-3445-a0ba-199b717b950a,4
f4adf27b-3684-3608-a1db-6f8015394596,4
44c1dab6-35a9-38ce-bd22-85aed51dd731,4
1d476346-815f-3f8b-a30e-3feb133c9c91,4
1bd71ed2-e5b1-32ea-a67d-d08dde6ffe61,4
c2624629-df93-3815-a356-7ef6ebb05c4c,4
4f768cfd-dbeb-3193-a1a6-2e6bde5b6e94,4
70cc70e1-54f4-3c94-8243-aaeebcc1c5a7,4
756f6c71-6dca-3bd6-b607-28c14c1117ae,4
333e2965-cd67-3d9a-8ee9-f7efc9569560,4
97670150-d6c8-3285-9b82-aaaec0a46d28,4
fb7510de-b51b-3532-a353-f453294c7ad2,4
cdadaa94-1501-31e5-886b-df3266d6ec6d,4
0182a789-e6fd-3c3c-9536-c7e59f797f9c,4
57308c6c-8ee0-3c51-bd51-5d543ccecca7,4
b6e8876e-f522-376e-bdb4-dc7a6858b0b7,4
e520b758-c24a-3c98-96d3-0aaa543f554a,4
16e8b3b2-7eeb-3af8-80e8-64e051c941eb,4
0b475b6d-0914-3e45-af0a-3456e1744261,4
4f34e99d-7823-302a-ad91-d5f0837c4470,4
cf5d0f6d-e2c4-3adb-a659-a95f4125d380,4
c88bbb8a-4fa6-3b49-a23e-2c6890d6c701,4
810200eb-1c1b-303b-949a-bf43d9100879,4
5a6b8149-27e9-3422-a484-a650afd11250,4
cdd28e69-afd5-3f96-9775-f6771eb265c6,4
058ca432-f9e4-3c60-a179-d135dd159165,4
59dea5c3-6058-3aea-b090-5e2cbcc38b66,4
97cab00f-d0da-397f-bb33-e35e2fc9f0e8,4
d8186657-9e8e-3eb3-a081-11e4f295190b,4
dee2ef56-250d-33c9-8028-28184b3508de,4
e4d8199d-0cd4-3755-b666-19b17cbd9a43,4
99bb8744-16cb-3f2f-8543-27f5f77a9cc8,4
ad98a621-95da-308e-aca7-881d7112ead7,4
7ab80321-cf71-3b46-9898-dbc69bcdecf8,4
f5adcaf3-ce7b-3d58-a13c-ec95ef24ff8c,4
ac57a3f4-84c4-390c-af6d-87601507921f,4
d4f14db7-ebb7-3a83-aa99-d75d9fc68e80,4
44104fa5-a339-312f-9409-edc4c54d70d9,4
982b7ca9-a58d-3ff8-b5a8-30205278c7ce,4
f43a88cc-90e9-383a-9c49-a149f07a1703,4
f22384d1-3da6-30fc-a58a-c1d1c805ac85,4
93963f52-0fcc-36f6-b2a1-59f1e51d6c44,4
cf7245ef-eac2-3008-9dac-8aa8f047618b,4
68f8f261-b5a5-3b53-9d98-115f0acd6f40,4
08b1bad4-b0db-3a9d-a5ae-449815894449,4
41daf7bc-2841-3808-9e79-62891a909d6b,4
f684a1ad-0b9f-321f-8f3e-dab793de462d,4
e7d38064-c28d-30ad-ace3-64892dadc757,4
5326f48e-b60d-3fe1-8806-443233a65e14,4
d12e6475-88c0-3195-a29e-663887260346,4
92d819f1-c18e-3519-8332-d5b89b269bb4,4
d7c0cfb4-e0e9-31d0-a2c4-378d4c8ad4b5,4
306b4c51-eab0-303c-95a8-f1aa256ccede,4
1e82567c-f7a9-3b6d-b597-3b306f722078,4
d11fa67d-01ed-3758-9347-1a8c81e1469b,4
45edc38c-788b-35c7-886a-03e79a9f8349,4
f88db797-9ac3-341a-ade2-b1850d16d453,4
a9589ebe-2ad0-36bb-99dc-4934e2ea07dd,4
83f3ae83-1b4b-3b20-9323-02649fb89438,4
c1d372c3-f87f-3dea-99e5-c0b76fd38139,4
270ec05e-0c31-31c1-9f59-8d316b560d9a,4
f680fb18-9215-3bad-b0b5-9abdf96fc31d,4
8dd39ae6-2d17-3c2a-8dbc-14808070b3ed,4
bdba6851-8b9b-379e-8740-e27f88339266,4
c8e4a035-887d-3ad3-8dc9-efa246c60310,4
b83328cb-ce80-3080-9cf7-05487882d3eb,4
5ff02e62-c56a-32cf-adbc-a2e5ac7b586b,4
933e400d-7110-3eba-8c86-93baa5db8893,4
54612459-7b52-30b5-924e-79ac400f7bb2,4
73cf8a37-2d28-3eb9-85f8-dba044d63667,4
44a32c2b-8d39-3799-8223-95eea9822027,4
79c10933-d4f4-3382-9d9d-5ef380a20ba8,4
9bf47d23-e835-31ba-9e6d-d8c8089ea24b,4
e956deb7-f274-3468-ad4e-3af9d61edd55,4
1dbae06f-e22c-312f-8e40-957b4070f15d,4
65275f1b-ea92-392d-a97e-c3aa97e6acd4,4
cfcc02e5-0f35-3a26-9c98-8491febc95b7,4
95f5ad3e-e3c2-327f-a83a-1b31a2c9d78e,4
b2562605-7c8e-3cac-a86d-130cfbd08eb1,4
f22c420d-7032-3e63-acaf-685063734a37,4
d1426baf-edd1-3573-a835-4542099cac7a,4
72d69873-4c13-3bd9-9108-4fc6a217f198,4
861654b3-40e5-3f84-8cee-1ca7bf1a3e85,4
a16bcbec-d3bf-3879-ab9c-8a14cee33112,4
9d74ae6a-05e2-38e7-ada3-35ab229295a9,4
06e07e65-2f68-3b8c-a414-b391d06eb444,4
be52ee78-135d-36e9-b07b-8be6e5b0d728,4
8a4e68f3-1888-3f82-89bb-be53895b0298,4
f0e641fb-8b12-339b-9b5e-e3542f0eab09,4
52bd0fec-adec-3fe5-a815-ea5aaadbb290,4
5c6cb70a-ff8e-33a1-b82e-cb47c1157f3a,4
67d2a303-971e-3cdf-8ebd-2d812de3c8fa,4
1fa3fd8f-c1b0-31e1-adc0-c95d433a17f6,4
36b2f4cc-c814-3f9f-a245-11b4f4b54674,4
fb6f2a0f-247e-3e0e-85a4-d865d08a9af5,4
dac75798-6d4c-39cb-aebd-3fc24a764124,4
a51e2bb8-7a31-390e-a500-9d3d5c301ced,4
447b86e7-bf50-3768-b00f-11e2949d3a17,4
50f6c1bf-c770-316c-ac5a-45ca5b3212d9,4
350b18f1-0227-3dca-ab53-16bbe50ffe5e,4
b6f64741-9430-3305-9010-362b77a01860,4
4b9d7093-51e9-3bf0-a623-15bd5bcee109,4
524a49a2-6d4e-35bc-9765-ed0d60640cc1,4
a4b52029-387f-33f7-85aa-c1a467d3d329,4
9ec4d41f-f05d-31ae-b967-4bdc14b1e8b5,4
8da340ae-5277-3dba-abba-a418bf98fa01,4
bc413673-dfac-3964-902d-9342736c4dba,4
3a51e2b2-5dbd-3d20-ae6e-c1dde23ba97c,4
b2654be4-7fde-3183-ba35-10af37c83a45,4
e96b1e9f-5971-3ea9-bc4d-9cbb44a998da,4
cf1edc18-9e48-3976-a8a6-3db8af30e93a,4
71493e3b-7697-39ef-a30c-cf5022ce9fa9,4
c970abaa-bc92-34d6-8833-5b98dad15ccc,4
0938c8b8-0917-36f8-aefb-c3b9026a47eb,4
15d1f2b3-6fb6-3a4a-906b-a5b50077237c,4
f8b60146-8a7b-3301-a052-59ff77a2b14d,4
156fd1ec-676e-3b5f-b1da-09fc276ebf7c,4
88dd7e3f-b6e7-3462-abfa-7cd91bf1c0a3,4
b56a2071-b9e5-3f17-847d-ee78c60cf7c5,4
81456d20-426b-3a5c-9647-10cf76e04517,4
824d204d-9015-38b6-b4a5-46e3a97c9ee2,4
78b34006-9e20-3693-b1c9-bfc10bedb6a3,4
4458201e-fa05-3c04-8df0-1b39251206a9,4
996ce3a3-a076-3a60-8f6e-5a39d52c7513,4
f360391c-ef89-3f1a-ba2a-7357c0802ef6,4
4ff3d559-a14f-3c6d-9613-8918873f3c2f,4
9d8a4271-f828-3ab9-b2bc-3f05be52ab4d,4
3de25693-0f27-3395-9b2b-967eebf488ca,4
b1416ae3-0e82-3022-910b-c9e13c6decbe,4
b79b72e1-2517-3345-b7ee-520c455570f4,4
84658f4e-4db6-3211-9298-adc82e73f5a8,4
fe49accd-2bb6-33ad-ae9a-b0b7d050f3fc,4
4103d75e-ce9b-35b1-b448-6c6cebf106ad,4
e2a7b1b8-2ad9-3e59-b53d-5d639ec3e569,4
fb532a55-2095-3a33-944b-e4c31d14d7d0,4
83860e21-fe53-3082-91df-1aaf3a5d62ce,4
48c5c796-cb4f-371e-ae63-98efcb223eae,4
1c4ec8da-62cd-3c9b-917b-cd63d8ded934,4
aa5ba5ed-601d-3bc7-a3ab-43ba88a393fb,4
a1aad3bd-475d-3b56-b0a0-6c35a82a907a,4
f25228b7-e666-365b-bcbf-600b76b6ab6a,4
1f5db984-f3f4-3a48-90c1-7cea03c98dd4,4
f55cc350-299b-3d16-bf65-46be88ec06fb,4
0a396ef6-d230-3fbe-9ec5-8f8e1199a1c8,4
46d7b70a-2b23-389d-9473-3cf171fbcf44,4
bda29302-f383-3e36-8297-e4e54b3a81ea,4
041ea88f-57cc-3547-9057-873e24c53bd9,4
6973a000-20cb-3e7d-a041-500773049566,4
f9071a2f-bb2d-31c8-a2df-b5c67a2cfc31,4
43c1cf04-093b-3ee6-aa21-f3ef161cb63e,4
59556891-f2bc-385c-aed5-b7afbca07430,4
f6419439-59fe-367a-9914-f55723709a31,4
8cd9c04e-9bcd-333b-8342-5fae2ea4b9ff,4
467eba8c-9fc7-3e5b-af8a-03fe64a99e39,4
38f139f4-c88a-3329-8190-c186fffccaa1,4
11e07528-2922-395f-bd9b-574cc796db7b,4
4f45188a-f923-3beb-9ecb-ca7d57960a30,4
13a05e7a-f7c5-3dfa-b6d5-5d0b270158dc,4
bb949155-fcf7-31bf-8986-a63285fba605,4
8883133c-1e3b-33e3-8c26-d135a128a3ad,4
9de69650-e051-3437-84d7-510bbdc2e001,4
4dfcfd3e-20e6-3732-9eb2-b06d11f93e9f,4
e2062914-297d-35e4-b6a5-ed55a1c87193,4
93e4a2e9-48be-3dcb-be1a-f233e61bd063,4
fd8bac7b-501e-36ad-8779-080990f55eed,4
d4be7b3e-1ea5-380c-95a1-c23b23c30dbe,4
8d855864-c98c-3d7c-bc7b-e604d0552dd1,4
54df1111-78d0-3aa4-a69c-1ab38dbe0e8b,4
17d673a2-853a-38e8-8e3b-5961c710eef7,4
9b933560-4e5e-3ce3-a21d-755487b75994,4
7d03033d-8c52-339d-aa33-d6bb9ef294ea,4
a0be3830-cd90-304e-a497-3ac07a64b71c,4
0e475e94-2656-3891-bed6-24f1fac90428,4
dd908850-e319-3bbd-8ef9-4dad6c8e5ebc,4
38ba614b-7c5e-3596-b634-9be2af680263,4
6ca36ab4-0ba0-33f4-a3f5-1b8c23d61ea4,4
d51c22be-0408-35f1-95c5-c7e63168aaec,4
5909120a-7b05-3e8d-be30-8cc44a239621,4
9ff81867-3d55-3a8e-8a53-7806cbd6f2f0,4
f05b80a8-74b0-31b8-a7f0-23612445859a,4
eb3613b5-7ad5-366e-8ec4-bc803b3eab6e,4
df7e586b-9af5-3952-ad5a-9da09729463a,4
710cfb4f-2de6-31eb-b4df-c3c27381edd4,4
88043a2d-9f96-3b77-9467-117cc80715e3,4
0a10d877-809f-31cd-8228-e87f87a5252e,4
9a31bf3d-45ee-3ac6-921c-5c01d26f9014,4
d8e2d823-dd26-3ffa-bd30-2a4947c10cee,4
70afafab-cb73-3646-ac0c-d1284d6c9744,4
492be14d-ba04-3045-95a0-b396f0edc1bb,4
a4d52e06-8825-367b-b58b-1bcbc3ab3bbb,4
734eaadc-3ee9-3f8e-970b-073b98daadd0,4
592158d6-74cb-3adb-9d54-c243c2556616,4
0534459a-822a-3e7c-bf10-0d03b8ec6d79,4
bf23ae05-882b-358c-8569-62d120c2c1a6,4
9565abeb-89c2-3878-9dd3-e9dfde872f8b,4
e0206f49-24d9-3e7a-a723-d4b4de55ec11,4
9bfa8f88-fdfe-379a-8ec9-06c4608654ad,4
b3b9cf98-68a3-3aec-a769-ec0a13fa67fe,4
192db6ad-eaa1-3d7a-9cea-c9908a7e97e2,4
86d1a5f0-793e-3e90-88f2-27e5953033d6,4
8e8267d0-3ce1-31cb-b088-e57056d9cd57,4
a8e2bd46-0b0d-3113-82e8-e2e23b7d5527,4
3f01b0d1-edee-3491-8f0a-ec3bb75e9ce2,4
4979c0cb-f9a9-3459-a49c-f96491609522,4
741797a4-2874-3cae-bab1-420b1f6262b8,4
1fe4bf5b-8400-332d-8b14-31fb1be82e5a,4
33e9d7f1-4059-3db6-8223-87a7fdf67176,4
2da454f6-e4c6-3147-89be-6fc46955f751,4
7135e8ef-ecb2-3a03-888c-d190f4f17f08,4
798d58f4-18ac-3cca-9b2f-fbf2db6b6c03,4
3cab1d25-a954-3247-9b82-c7a3d26f1ca0,4
140413a8-7ad9-36ee-b852-4c96a4118c36,4
1c437821-e22d-3682-97c1-48a5a1d20650,4
d95d9231-2005-336f-baa5-946cfc9936f9,4
2a982f6f-fbc1-3104-a09f-1565c974ca0d,4
bfbe9a2b-c6c5-30c2-a852-ca766c7e89f9,4
ce19915b-1802-32ad-9912-e62ae9e4aff5,4
f8fab1e7-f664-3cbe-9f6d-e3dd2b893e0f,4
f39f3b87-1df8-3cbb-bcee-9d78daf77826,4
4e54c821-eb47-35d4-983b-20255d1e0b54,4
1bec5c28-dc5b-3854-96e4-df0937943f86,4
d0aeca54-26bd-3503-b058-bcd50cf6a4e2,4
71afd8a3-4a98-3c3b-84b1-1b79c550a027,4
95f3149d-fdf6-3e7b-9460-9727dfec0116,4
86388056-d5b8-3ac4-a856-fb4e3b7e1050,4
6f094afa-3a51-3488-842c-fc3d2e6dd94e,4
b79a83ce-757e-396a-8c0c-661b49fd4b91,4
279d262d-fc93-3e2c-8d73-3768ed605d75,4
092ec464-8e62-30b0-a98f-fe8d6587ad65,4
b0c40ce6-5f4b-3b43-a1c0-b18d3d9bc1ce,4
c5c403c6-01cd-3ea3-947a-a83c27697ce1,4
54b23c3a-ca83-35b6-8350-ab01388b2492,4
441b87dc-6b36-3a3a-98a5-9feb176e5d64,4
d0bfbc4e-dc85-398a-a30e-ab97186aa4c8,4
ab9709fe-e48c-3005-bdb1-ae5e7b18f8ef,4
8be54ed2-0f72-3b32-ac0a-6517ee24956e,4
4cefb16e-28c3-3cb1-be70-806441692ce3,4
613f48a3-8ad0-3104-8f53-3b24f48fb63c,4
940fa4fb-63c8-3927-af8a-427b01c20a0d,4
c3467ae2-b6d9-3162-ae43-888b8e73bd60,4
b2396706-e13f-3121-91ec-6acce3dd8389,4
91019887-839a-3518-903e-3d4be86c5020,4
7c04a134-3e5b-3413-a3b5-65369412f9e6,4
512cbff2-1896-3c77-9046-9670f728e0cf,4
e6d0bc67-d282-3b6c-afcf-18454be469f3,4
8811760d-aee4-3de5-97d7-e0c2941455fe,4
f1610b35-c563-36e6-8432-8bcdc77df754,4
a4e59d4c-6fae-3717-8a60-8504f95e71ea,4
bc2b1a09-997f-3fed-ac82-780c75ea53bf,4
09057aaf-2f67-385c-9536-65c3e29dfbf0,4
28533cf0-7e26-3c69-a0a4-59840622f788,4
982deb9f-5904-3fe7-a548-308c2fd5f6bd,4
4335eab0-3798-3e53-bae9-ca61ff8d00c0,4
99eb59e8-f741-3315-9d0f-8ac7deab5c2c,4
8df84dd6-f1eb-33cf-8c30-767dc2cd1f1f,4
3257e7db-39a2-3a6f-be9a-1eca96e4d36b,4
b58facc4-db5e-3621-86c5-0287e489631e,4
e7d783b3-8e3a-3c76-b0ed-df063c99b09d,4
d3ee9f35-25b8-36fc-a87e-7e9180277997,4
175151a2-8eaf-3515-a226-d3211218cbfd,4
57dc2d2f-a99a-3fe0-9d52-fb6aedfa8458,4
6a90e290-c189-3ade-8bb1-62a665735e36,4
2ec17604-6417-3909-b128-092fb5026589,4
0c975c6c-00d2-3d1d-87bd-a354243e5192,4
e12cdf08-99dc-3e70-9b9c-e7252500c613,4
f2a1f7fe-dfb7-3593-a89c-61ca971bdb6b,4
f08b8243-9de9-3aab-aced-5aaf9a69cf7c,4
24a8d316-9530-37f6-9b35-6a82e86c56dc,4
5ae351d4-9696-32af-a44c-c8df01060e19,4
9622b122-87da-31be-9011-adaa9010da6c,4
ac8c4ad3-04d7-3b8d-aea7-919a1e9cb06a,4
0b0a5a50-b0fc-35f5-b2f3-29e7fb6a637e,4
1703f450-d80c-36d8-b5f6-1dc04804eb42,4
5ff148ae-97ae-349c-9f16-70f417fee3fd,4
6316cbd8-279b-3a38-8984-2c335ad33fa4,4
c56b560e-bc8b-3bad-a7a1-f301cc1d2f86,4
fc062a4c-a035-3b44-9993-62967b8e92d0,4
db04c093-b323-3f7c-9480-3b73b01ed95c,4
fe3028f1-1ee6-3d78-bb4f-5c2adcb81bc7,4
c1ea6102-51d1-3f10-9ea5-8300addd98dc,4
0b4aaabc-7583-3d78-8d1d-45a31ce93fd3,4
269b152e-bf00-3c7f-af1f-0fc6e0640993,4
a7dc12e8-0237-37c4-917a-536952c1ab7a,4
2256672f-a691-3cb4-a2d5-7f71e43e3df3,4
f31570de-bdc4-3a05-b0f8-9559eb114aec,4
03b2457b-6d5c-329f-b325-84777c59ee0f,4
ef730b93-1d68-3624-98ff-dc95cb4a8e33,4
3f412c17-1177-3a84-ba8c-fdf72737f524,4
dcfa4176-4a2c-38d3-9f52-394a354658a1,4
2aaa7584-c83d-3985-b981-b9a18fa2fdea,4
e37c0df7-460c-3462-85de-969472bed2cc,4
9002820a-432c-35fa-a8f8-ea2fdb65f9a9,4
d113c9a0-4e1c-3fb4-b026-417beb5f9178,4
618117e3-d949-3801-be0b-7741077f9354,4
6400c652-0370-3aa7-b9c5-3da590d94fd2,4
07751237-d429-3809-b87d-fe4d469201a8,4
241143ec-d679-309e-bc0a-b732c12b11d3,4
97b5acbe-b5c3-354c-b1bd-288b6b4226e7,4
c443901a-b776-315f-a7f4-0749d8491ff4,4
f0254337-faea-3fb0-84b7-2e4ca1f51f2d,4
bf4d5d20-f428-3c26-8461-c7d2e5c472c3,4
267daabc-f6d0-3690-9142-f602dd657a6b,4
7136fe6c-4431-305f-9439-9884e6abfbfc,4
7d9608e6-e93a-39a3-ae02-aae0bd8bbdee,4
44a92c3c-9a60-31d5-a411-625d44778c33,4
23c6ae8f-dd40-380b-b522-35775db10e87,4
94a1d40e-2d07-34bd-93c5-b5f0799fe5f1,4
e89feead-3a20-34dc-b111-ad45de44afe5,4
06f0cbc8-14bc-3eab-9c5b-b856758a7356,4
decb5258-3b31-3dce-aff3-053a84d296af,4
9d716fac-4c79-3400-be49-4b99505e99ec,4
e471e709-e350-3cb1-9c76-e8382c344165,4
29589810-c8c6-36b9-9170-eb118d3a9683,4
8d1fc45b-68db-3b97-8006-d4ebe9f951ec,4
a499eca0-499e-3906-97bc-9b77d89e7993,4
119f9ede-bb15-3b28-a6c6-df7b19f328f1,4
88004fc0-2fb2-35ab-8670-aef090e6a071,4
d75f6388-c0c6-3ed3-871e-3dd34bd1cbe9,4
c61c88e2-22e9-3f15-bc60-f689e0775477,4
d760e073-6c47-3c82-947a-c29970fe6fc9,4
8dc66cc4-087e-3480-99de-a15ea0cfc228,4
94fc86a2-56e0-3974-ac5b-a329358f1952,4
16c8e3a1-7778-338f-8367-e31cb20ed2b9,4
dc27c6ab-015d-3c35-95bb-16780281f12b,4
e5c376e6-5e29-30db-b8a0-4345d970f00f,4
d1483f1c-fff1-32d4-a3f4-d99265e8f3ee,4
687bc5bf-e628-3474-abff-aa9bfa48d0b4,4
25e03ce1-8022-3f70-97b5-eb923bc60c65,4
37c47b9a-aec0-39f5-8ac4-1dd27b1d593c,4
e1246b14-80fc-332b-87fa-11d72d55ae04,4
08d6a845-adb2-3403-ab5d-89409f061c86,4
29bc79fd-efbb-3303-b26a-e9329b1767ed,4
7a067527-b505-326a-8012-636c6a13ef28,4
a5c37e0c-1e32-3288-8dc0-900007c2dfa9,4
f83516e6-b950-3d26-8a52-1834f65ba631,4
903f4b1e-7377-3894-ba72-50679a05cb62,4
95fb61c7-ec35-3914-bc1b-56e245c5366e,4
64e8000c-c02c-3cc9-9389-f6c7d6b7f82b,4
9c6ca6e8-6382-3a0e-902a-84e2be3a4fce,4
5ca7567c-a72c-39f4-b3a9-bec161e4b64d,4
e21d9904-d46f-310d-bb35-44a5e96500c7,4
32735a53-4ae1-3b1d-927a-d8b26d51eeaf,4
e78c20c3-98df-3115-a441-e5c126f0b67b,4
2793e298-a9ef-308b-9806-fbff0a02da80,4
9f3e6bb7-43a6-3d05-bf10-ce9120d192fa,4
29feadaf-61bd-35c2-8ede-237b9c49e7dd,4
975a438f-4717-37dd-8e2d-e723c68a29a5,4
9491e485-d93b-3220-9132-d49825cdfc14,4
b27c7819-f78c-3ae0-8a70-68dd9b3b2e95,4
c5c28c6a-01cf-324c-8ea2-4c4619b89583,4
eda1125d-4c6a-37b3-a5f7-814386c21e50,4
1757c544-362f-3860-8322-ca622c76b0bd,4
d1800d2b-961a-3ab4-a11f-b73d68414585,4
e84e94b6-903d-3e97-a663-456a7c470689,4
b2bb55fe-b5c8-373e-90d1-cec51f565639,4
1267df1a-1638-3e19-add0-9e25ea50c3c5,4
536cd287-e7b6-3309-a5cb-cc70baf6b321,4
26b98ef3-3579-3fc2-b026-f2ee1d620d72,4
ace2cf4e-2431-3728-b617-40dae2ff6330,4
f31c305c-1a8b-3c64-ac9f-8fc282926971,4
0ed6c8e3-0f71-344e-91f8-494230bdcb7b,4
e2cfabb6-ef3c-3dea-b2de-f416596fe8c9,4
ce3614c7-308d-3042-a105-4b79fcf848ef,4
1eafc21f-0f46-3790-926b-510cc029378c,4
5757ea88-41d1-3e13-9982-312441098a3b,4
27822d86-35a5-3f36-8e1e-d9c4b1ec0bb0,4
85419567-b486-3b87-a972-8465c15ce900,4
f49d78dd-b5be-3d1c-beee-4098f7be3d7d,4
c4415eb1-f0c6-38a6-902a-6502f1594d58,4
1a3fa22f-8c37-398f-81d5-11785cc9c8fb,4
87641a15-c1f9-39da-8e1c-43860144ed51,4
53c92efa-2332-3696-8e4d-2c16726fdb37,4
8ab45c81-1770-322d-8c1f-74769d87af5f,4
874162c8-0c5c-33ef-a390-69fd3f324b86,4
a176f9d9-cd7f-3484-9672-6d398a7f3475,4
e6e13be0-0fe3-384f-bd53-26f412a2aa2a,4
91b19dd6-5e10-3486-a62d-0682ac84fca2,4
307b134b-f136-36a4-9ccc-8b32d9658861,4
12adce83-1ce5-348f-a3db-c6613d2ca3c1,4
37500d26-c734-344a-8adf-cffd3f5336c9,4
b706fd8a-bd79-3549-8bba-dd95c6fc18f4,4
c2ab6c0c-1c32-3d92-a187-9c1a1568bac7,4
dbec900c-358b-3658-a5db-d194a1f19829,4
31fd987e-6cf0-33f0-a696-14ce3e2ee0e3,4
a5965d22-e4f7-3a50-a103-0793570444bb,4
1b423836-8e24-3624-8467-a05baab80f2b,4
9a728515-a59c-36a2-be84-8403bf995391,4
f91d21eb-f955-3268-8ede-b8c000a99302,4
49999554-9392-3001-9a23-36acf4bf7aa7,4
42fb7fd5-2a2e-31d9-b27a-fe824c113ad6,4
0bcf2bfe-54a3-3530-9349-026ed2518fcd,4
58fe62c0-fd5f-3e83-aac7-29574bfd1621,4
184f2e66-98d2-3754-a211-cdb3851f89f6,4
f13ae546-ccb7-38b1-985a-db2ec47bbe7a,4
8689a535-a32b-3fdd-91e3-4858dde960d0,4
911b6878-1a96-3e4e-9c05-544f665741cc,4
ce8281cb-5ad5-3423-9807-b9c687e6929a,4
25eb7cba-0075-3038-ba34-55bb8ac5e5c5,4
823dbc0a-b2f5-336c-b911-9edc0e66403e,4
2a415cf2-e11f-3f06-848c-f4a5f450eb9f,4
5948cbaa-85ae-35f7-847c-dc1515bd7701,4
06381686-1778-34d2-b345-9a7a837e05bb,4
28b2cb7e-1cc0-3344-859c-d9294e2d74a0,4
cffdb924-8bfb-3cb7-929f-c4ca11b15425,4
7e3791a1-bbb7-3316-85e1-de1b0f23fc29,4
98e9e914-3ee6-3bc0-bfa2-e2f8fcbb75b8,4
aa7c6f55-431b-3b7b-b1f5-bcf148c0551a,4
375718a3-d88c-39d9-95c9-b3431efa3d13,4
d61f3293-715c-3cb1-bc3d-802f00f11d96,4
4b222162-953b-3461-9453-46ce8baa3af9,4
dc5a2041-dcf2-343d-8df4-88e685e001ef,4
c9f76ab7-06bb-3037-9d37-224fe76dd75d,4
98bdc612-6890-3451-a02e-81444c19c6e0,4
92a9e305-154c-3742-9aac-d8570821885e,4
70e59c47-352e-3940-8cfb-877d3611ac80,4
c8121d9c-00a2-3544-992b-31c22c74ce5e,4
3f88527c-142b-3b15-af6f-c4476a6058e5,4
3afd55c7-a49a-3c0d-aae4-a11bad01e2bd,4
953749da-62eb-31a8-9240-03992625c036,4
276e628c-9530-3b62-88e0-0ba3b53e3ad5,4
ae40090b-1f3d-371b-8f41-5ae8937d0a32,4
46d1a2c0-54f8-3b6c-911d-1d971e18b01e,4
47ba850b-9c45-324b-91a0-aa804669da42,4
2ac31dd9-564b-3c9f-bd50-f647ab250628,4
041b3384-90f5-34c3-bdbe-0ae52e86573f,4
5e0037de-038d-3472-aad4-a03385cd7577,4
c635f71f-87ee-3cf7-a10b-c4f6daffde87,4
2dd4aeda-494c-3802-892a-a88c33df58f5,4
daac6996-1719-3d57-86d5-954cd9df26f4,4
89f0ae70-e14c-34b0-8fa7-a69760c81431,4
6ed7acf5-dbd5-383b-8d18-0b876ed4f84b,4
49161e0d-7f93-342a-bd0d-7303bd3f25af,4
8be9daf3-855d-378d-84bb-5796c947987c,4
59b96dee-f027-38ba-9db2-a15b8feb6c43,4
0358ee20-796a-3ac4-8784-728c6eb32f5e,4
81395f28-1913-33e9-8aad-aedd46a30988,4
1fd1d590-b4a2-310a-8a5c-319433c39bf7,4
ef14fb8e-658a-37ce-80c8-68867d6fa94b,4
1e51553a-97af-38b8-97ee-ae496934c867,4
376ad270-517e-3c50-a64d-f6217c106ce8,4
3f548234-cbb7-37c6-8832-1388398a8791,4
3a2efa9b-766d-3e63-974f-14ce0afa0132,4
47fe363a-0a25-3e3f-ac58-8092fa8388f8,4
8fb3d2da-b22f-394e-a22a-d05b7010e71e,4
f8729c80-4de4-3c3b-ba45-901ae5e5fc53,4
10c0bff2-bf87-307f-88f3-737c938a742d,4
fc6b294c-ef1c-3f6d-8b80-b88623110c65,4
eb5f0de9-e2ac-3c8b-86fb-b4edd8827be2,4
80a1bda8-6e2d-33a4-b346-0f65ca6c5120,4
83cba62d-9ea0-33c1-a06e-367cbdfdccf1,4
2b928d94-d45a-3008-902b-44034f497188,4
dacd86be-4835-3603-bd41-d712fda85896,4
f5b60f50-e3e8-3b97-8c54-789126488ac8,4
9f93b7af-f7dd-3cb0-820b-69cbc830c4dd,4
a6f1c093-871e-32af-a3aa-92d57b4c75cb,4
5d404d74-ebd6-3d4b-9c5f-62dcb3e0b723,4
b31c01a8-d7df-3d62-a31b-9193fdb2fbe6,4
a2479e6d-f6f2-3748-8490-d203bdf02550,4
e5ad2850-e26a-370e-8b43-f4636e6b1243,4
87df596c-5bc0-33ee-a467-6ee8e4cdb923,4
3d221973-3e90-3433-b583-64407ccc6b5a,4
c3a8ce1d-4d85-385e-9f47-234634d18e8f,4
d857fee3-8510-34b3-a418-b9c2740919e0,4
26de9133-0f66-3160-8dd7-f47b8ced8acf,4
66e5f478-1e2b-37a3-b6e0-ecf8378dece9,4
f0248167-4735-3983-a519-983972f3b379,4
79cd7060-b0a8-3168-a249-10bfaf6a1d88,4
c43e841e-4afb-37c6-9f1e-154323038377,4
cc0e88cc-f546-3698-8a9c-673184f26a23,4
6e5fd14c-8421-343b-9e77-4d4132784304,4
29fd6d92-08e3-39eb-9462-e0948f421b57,4
418c0258-dec4-3a22-8d50-2b73013e172b,4
36f0c8d4-a21a-3dd8-bddc-589202ad0157,4
12f86391-c66c-33f0-8789-3eb2771c9e24,4
b822d49e-643e-3117-8da2-2cef7e2fcfc3,4
d23c4535-0430-38e6-9008-432668aafbb8,4
3babd7c0-caed-35cc-b032-2f8afc59b9f8,4
23426504-5eb0-31ec-a1dd-ce4615246726,4
ddad50f7-d12d-3ad5-b4bf-2bdc6c2463fa,4
5a754baa-2679-3e29-af52-a319006cf53f,4
72d82cc7-b7d9-362c-b64f-841344a3760a,4
3b154962-fdab-39a2-b66d-157a62f64259,4
f02d8b0a-18ae-3500-8eb1-0e32830536e7,4
e8588a8e-5c3c-3433-a8c4-e27a75f84351,4
a3be1c3e-b3e7-368a-8d33-a60f70785ede,4
d73a0ac1-68c9-34cb-97cd-a06d717fa43e,4
91ccb02f-0926-327f-8d8e-50342f4f1051,4
7a8aaf08-dcb9-3797-82ef-ed5addbc457c,4
d9f5bd30-155b-32f2-bd2f-220c2e6c2223,4
180b077f-6828-396a-9959-f536e80c6213,4
416ed9e6-140d-3287-9952-e008147624c4,4
052ec31f-4bea-3901-993c-77c57ad32474,4
e13542a2-7b04-3ec6-bd09-c1daec55cf29,4
5534de81-2aaf-32ac-beab-b5c6b79ef24a,4
bccf3d31-291c-3c56-906a-c29d625e4d25,4
f1d7a8c0-5b9c-3609-9800-cceea8d6e184,4
bd8b3ce5-223b-3b08-a44b-1744a68233c5,4
e2b18cdb-a6b7-3e91-b76e-bfda1b708d90,4
94f7761e-49f9-30b0-8e9d-35175e1dffd0,4
6ef0c223-5232-3446-a28e-841ac7edb3bb,4
4a3dd5c3-24b1-32b4-9b01-21dd3ef9a8ec,4
08531dde-060a-338f-b64b-a569f5894a8a,4
c8e0760e-4ead-3fa1-9fa9-bf940d5b6161,4
74929012-5e72-35a5-962b-64f0de5ef68e,4
fe190d6a-2371-348d-84e0-e020583dda2d,4
6bdcfac1-43d9-34b2-9cb7-7e1b81cffbe1,4
65359cf4-e000-3c32-8767-7e2a60f9b644,4
9a126ab7-b619-3fc9-924c-af2c8e2d5a94,4
318b6634-f863-35b5-9502-4d042aa03157,4
7d6e56d7-284b-380a-ade4-e1a38a2c57bf,4
80803253-ff55-3466-97ea-10ec772f0218,4
543d4837-936e-39a0-8042-1f3c8e37cea6,4
a978cf41-03aa-3deb-9df4-2a17e7ec1700,4
3a8b2d13-5a1e-3217-b5ba-ca73ab92c3e1,4
ff7bb713-468d-31b6-a38b-6a7503bcc6f4,4
d7914577-d31f-35f1-975e-beddbb949eff,4
7694b95f-99f4-3168-b7e6-e4995862715f,4
054e60e9-5f09-3eee-8fc8-99b195b58a96,4
07658b8d-93a4-36f5-aace-af3c360e77fe,4
5a0cf74f-756e-3be4-819b-86126280546d,4
6942d35f-38cf-35f5-a1a5-61d28b32d5d9,4
393b502f-37c3-3ad5-8239-351621aa4cbe,4
106a54e3-ae68-3b87-a6f6-2fd72aba5499,4
ec11ff82-9420-3b1f-9567-850722d57a58,4
d0d96248-baf9-3a41-8680-21e550494d46,4
8f813283-5186-3609-8386-8fcb95b9f41e,4
2bb77729-261e-3edc-a1d7-0a03f4ad842f,4
b040b4fe-809a-3b2f-8a29-d3f03e5ad09e,4
8b2b499a-ab09-35db-8a56-018e1f0257d8,4
e5ab5367-45b0-3297-9212-4d21bf21f44a,4
ab56cbcf-5891-3510-843c-d9156d947503,4
38a7b3a9-8239-3780-bedd-fe7fe637fb9c,4
8dfda2b7-b076-373f-afed-50100914e90a,4
dcc4b006-6006-3df7-9de3-58b15ddc178d,4
767eb9e1-5d57-3ebd-8564-439070364e0b,4
e202fe09-12d9-3577-9239-c01a119a5fb4,4
be48060d-f47a-3790-a43f-42a2ca69a767,4
6ac44e10-cd02-3c94-914f-987e18f13ee9,4
8d2123c8-0ca3-3e74-a4d0-0fcbe96fc91b,4
112c2be5-f67b-310b-96a5-3d52705b6d84,4
7f3606ff-d448-32ea-8d3e-d911332796f5,4
d3194de5-45bb-3c42-8fdb-fa144e983087,4
5a5b4cb6-c430-3eb8-bbc0-58c3f0065f45,4
f0fba2e6-875b-3b30-8584-4be9e9a35b91,4
fe262ebd-3ed4-327a-a5eb-c432dd52a7c6,4
06044e0d-d306-306d-b612-202e40d471f6,4
16b94a06-2049-33f3-98d8-7dbf9de3ab93,4
20ce9462-eda8-3332-9bf1-106248e0e5ae,4
d7aef9b1-ce72-33c2-b465-6b3c3e352627,4
b584fa22-37ce-313a-9af8-c9efb081ab24,4
cf2fab3d-8e3c-3298-ac50-d635e077dc6c,4
f0bf252a-7077-3106-8c3e-2d08ab6df728,4
4d503d90-5a5e-365f-a3f7-f124015e7769,4
9abc4609-1950-3f1e-b56c-3a1e044fe4a6,4
358a78a8-d08d-3325-901f-0d47706ddaf1,4
a3233a3f-776a-3a56-8f11-158f9a3ca0b2,4
b213922d-d052-36a5-ab87-b2e1a913f74a,4
9c485695-6a5d-3998-8953-556850609d37,4
ee392c33-a632-3939-b949-a15de7dc9656,4
fa351421-6b66-3f10-8924-6232fd172c8c,4
65782161-59c4-36e8-b6b2-1006ae70b972,4
aa36a85c-3156-3e6a-be81-13674f2db319,4
8106ede7-df50-3676-8198-5c61cffaf4c4,4
e2ce1a5b-67cb-3a90-afb1-714e85219fe8,4
99eac331-7b9f-3cc6-8f0a-c56beba0c8c5,4
6250f381-27d7-34e1-b6bb-60423424dd31,4
6dd7ffea-8053-3a51-92d9-e2c392f96826,4
6b0d9404-7c5c-37db-9fd5-002e631bbec7,4
2cbfe392-cf4d-3989-9ee1-71fbf0456196,4
7eb99346-1de1-34ae-9839-18c52fa4219d,4
410f70fe-f12b-3d1f-9407-7257dff962c3,4
a356763e-323b-3d81-a04b-d8920a1ae79f,4
28d8a988-df49-3303-951f-487d6f418cc2,4
3e364d90-ee30-3c83-94dd-b21bd1b35d1f,4
795a6c56-3c29-3ff2-8192-90d032dd70fc,4
0fa7d05b-d63c-3fc3-8f17-39c3c30c0397,4
197a67a5-bb68-36d8-b121-2178465e39b8,4
fa3562a7-b522-3235-8e43-4b04e64fbdbd,4
4edb98cf-21ef-3d23-b257-ce8243d7da58,4
2f16eb8a-ee26-334d-94b0-03737df8bd73,4
2144100f-2dcb-3eba-9473-955b14cb9900,4
ac93c1aa-6520-3f69-b87f-998fbee88030,4
1cb0117e-afd0-3d6c-8218-53f4fbde120a,4
538f4911-32f9-3a06-93b1-f9bb999345b6,4
4d40859f-9b67-3aee-8180-3b49a37bfebb,4
c7114cc5-3d65-3457-8b42-61117e251924,4
042eddcd-a96e-3948-b576-69f434aa6d39,4
a5bc1d3e-73b4-3227-a3b4-97e7597a0125,4
78def2ce-cafb-3568-a554-6b926ac77b3d,4
992a850e-195d-398d-9d48-52593d04c9bd,4
2537d83a-3009-3ed5-8780-6e95bdca88b1,4
b6a64e96-aab4-3524-a10c-4a717bc544d8,4
df6e6d6a-ba32-3cff-a9f4-33e2ed92d60d,4
88cf44c0-92e6-3ae4-b3fd-688f5315d36f,4
0e28fd36-b230-3077-b5f0-7535155c5b90,4
a6a2e084-b489-38f8-b139-343b05de86e5,4
21759f4d-5e9d-381d-b3d7-9499fa29eb91,4
ea0eeba8-eb08-3123-a891-9da6903a6796,4
9986a6a4-aee5-3312-857e-cbb002410f94,4
76114516-cdf2-395c-82cd-61bf6a3aae1d,4
10e246d8-24cf-3c45-a6c9-544c1a8dff77,4
8d49c879-f20f-3fb2-b48f-dc1f30eced01,4
3eb6445e-2d96-3b93-ba13-9dfb6bec2e58,4
151baf02-66e5-3717-a16d-d6dc0b468b19,4
f19adff0-9139-376f-a9fb-1384f589f00c,4
6a55ff51-5ece-35e6-801a-5b5ff6df14bf,4
394de4c5-7aa9-36cc-9ba3-4ac077152edc,4
578f0106-d0a5-3ae8-a1e7-7fa1f1b2cd7b,4
21d475fc-6cc8-3c59-98a8-e084e0e2eade,4
2b60786a-25d5-3b97-8ad6-2221f413738e,4
c5cf4350-dc6c-3367-9f6e-d293a9d73665,4
0154c059-8fc3-30c1-a224-8e4cc5d7a540,4
bc9b21eb-6622-3d24-9e51-a12e2111a4c6,4
90becf31-bc28-3519-b6ce-07caed5c356f,4
a2b2b1bb-4d5f-3e75-abca-25e5911a4b21,4
d173dc88-c038-366d-81ae-983dd64d578a,4
2f25362e-9126-3c97-95d1-db9183311152,4
fc4edfe4-3d43-3ddd-9abf-c596921bc249,4
d3bc4293-f85a-35b9-9bfe-402636464130,4
de2b17b0-9dea-3d7a-acda-960408928ae6,4
0baf0f2c-28fe-36d6-90c0-8be01dab969c,4
d0aeaf99-19fc-3207-ae9d-3b56bbae0a53,4
79939456-8cac-3d96-a3c0-208b3c8b1831,4
9a960d8a-a1ae-3afe-b2bd-da9ccf7ad1ed,4
9147185f-cdd7-3725-b373-a9c5a2942ceb,4
f3858dc8-db9c-341c-b3ea-d575be7ebcff,4
239ad56a-f3bf-3df2-b623-a09c8b8249a4,4
9ed148e9-21fb-381a-9929-4c11d5cee82c,4
695a0756-54fa-37f5-bf58-cbabb44d7289,4
8638cef7-0d28-3216-9f42-f82a7b0b6943,4
61fb73e4-38c0-3f78-a6dd-5c24819d023b,4
2fbd1fda-a3e8-3257-877e-72ef37a36d93,4
f1e11c8f-6e9a-30be-bbdd-6db1ed400014,4
9744d1f6-d6e5-3c8e-af48-f49801ae0ab0,4
5928eca9-c09f-3ec3-8b4a-8fa13151e62d,4
73a53b72-8e46-331b-904f-4373f1a58366,4
1b8a90c1-fe9f-358f-80d1-d085d86de9f2,4
7cb9a41c-99f8-318a-9840-22b025796745,4
de166670-e0f9-3903-9b20-4136b6519853,4
45515f35-aad3-395d-8d6f-032495c7563f,4
6af5c184-642c-3764-b911-b6a901bddecd,4
c74b2247-8cc0-3305-98e0-c6b9178f5c90,4
03ddf21d-2e17-3fe9-8111-a03d059edd52,4
64e0c7ae-1cc2-3dae-ad78-eb93e92b260d,4
c46dbfba-e2ce-3064-a464-fef380af83ef,4
80de088c-351a-34ab-91cd-eda8224488d7,4
ba1d9b79-a981-36d0-977a-6a094791f66c,4
3591ed5c-05f4-3fab-b5ca-e402fe837f50,4
d14b6584-fe59-3747-9e71-733e148f3800,4
f169c676-aa54-3cec-991d-c9574a62a697,4
7358440a-a878-331f-8de8-b36d2326461e,4
dc118ca1-f870-36d1-8b2a-d97db10404a6,4
111123cf-a680-36d1-ac32-d35279e2c164,4
3b3d0d13-5a8f-3f1f-abad-10b5e994f18c,4
c1e6b533-08b3-36f4-ac6e-6733a9058ed5,4
ed53fa2d-5f39-3897-bf70-3a41d61c1c92,4
deb89080-707a-345f-a489-ddf22bb4e645,4
51db5bb2-2df5-3978-98d9-77ada93fdebe,4
029b01e8-7c75-38fe-9f2d-d1dea1c06b23,4
c4307f5b-cc86-3186-990a-0ce8ab2ae314,4
e10d1fe5-b6ea-388b-b9c6-51d108bb9236,4
22532e08-877e-3216-98ea-5c156b4a7f14,4
a12e02a5-68aa-34af-b792-556d5974c465,4
3b768ed0-5bf5-303c-bd0b-2c93b044f1e9,4
82a94a2c-e198-34f5-bfc8-6bb98ae53803,4
d5909a07-b040-3baa-87d8-28168f8f8291,4
6aa8fade-b794-3ffe-ba6f-004658e63449,4
588fdf02-6cb6-3871-a35a-3f8b3e5e03ea,4
ea011918-b1b6-3488-8091-c5399c1349f3,4
97eb5ef2-dde9-3f38-9b7f-dfd734ef48a8,4
94f09ea5-1ae8-30d4-b034-1b9c13b3a247,4
94ba2642-2f13-3ba5-bab1-c2da94ada86c,4
76acc233-8438-31f2-b4ee-5467e389944f,4
6b65ffde-d0b4-3c53-9c78-ec9a5243b459,4
56e0bbab-f3f2-3bce-918b-6aa709996776,4
4fee489d-db83-301e-8c1c-a1fbe7cd4552,4
c7fcdc20-8b89-3933-b1c7-bbd1623c092e,4
9d1947b3-4a57-32f5-8fb8-8799b27a42b4,4
bfde7de3-48aa-3afc-89a8-320a5282a1c1,4
30d78634-72d8-3260-b34f-6b9607bcd11d,4
d00f11d7-d787-3bfb-9dc6-8b8f7a0b8afb,4
831cfa41-7f96-35b0-9e80-755394d68b7d,4
c676299b-f8c1-33ec-a761-efcdf295109d,4
ab3077a3-d6ec-3b79-b281-2e8136608279,4
287e35e4-a189-3469-a9d0-93f63a9ac785,4
e71a480b-9f32-3cfc-b550-2ad82d7bcd1b,4
cffe9573-d524-30cc-9af8-8bdb84fafaf7,4
0b0a0df1-ba0f-3770-9661-ab1fe3668ebd,4
7f0a81c3-34be-329c-8f57-cfa9f09b2359,4
e536686c-a9f4-39ba-825b-3b2955c098d5,4
3dbd1294-6b30-3165-8d55-a492f1ce42c7,4
090b2875-641e-3c7d-9f21-d55ac519b587,4
99d078fc-100b-37f5-ad7b-1f8812c367c5,4
9255b23e-6ec8-3813-acdb-c6dafcd15e00,4
8d7383f2-5bc9-36cd-8988-b52d966eebb4,4
e744e3aa-7f42-3aa1-9ca3-1cd175b3a1c1,4
b46ac1c3-231b-3864-a10c-ce2fddccc48e,4
a1545975-df24-339d-8fee-122c0377c57e,4
fa29f22c-122c-3d06-a176-a98616b67bd7,4
f9b812c0-7022-3c90-b0cd-3bb99138f46f,4
0ecf7cca-6f8a-33df-b99f-cebdbed9c996,4
9aed2de6-85e5-3155-8185-19a28c40b3d6,4
4faa5863-f726-3132-a308-a89cf9c630b8,4
c0a7f9df-ce0a-3353-945d-926b4370151d,4
63f0e4e0-753b-3865-b05f-66aaf26e5802,4
01f0dc55-a465-3811-8764-1d3f8961a347,4
29ebf2f3-cf24-33be-8e74-fdce7bbce80e,4
e41247ed-5e28-3943-9f3b-475fb12dd6ca,4
e3dd58f1-eb40-3cef-9da0-67c17779fa1f,4
efa3df30-6910-31d7-b286-5aa98406f94f,4
0aeb111f-f834-33a0-9ab1-b1fe76dfc1b1,4
f839f2ed-297a-3646-ae49-1c6110e04417,4
6f3dd4f9-972a-3ce9-b226-66b805e03e16,4
d3230f85-9277-3fa7-8ee8-82a179009a8f,4
11d81051-e6be-3e57-9912-c396ba734dc9,4
86eb7cf3-4f58-3b59-82a8-6455cd291650,4
6f598bbb-37d6-3088-a2dd-c3480747ea75,4
7e85b2be-f60e-36dd-affe-ff140fb54886,4
c46053b5-389e-3055-9f09-e0335582a401,4
c733caf2-adbd-33d6-8892-70ae4287adde,4
94ca043a-78a9-3a3c-9e3e-aa0ccfe3744e,4
d3eb112e-545e-3b6c-8ff0-013bd68aed30,4
9df4a490-d628-38fb-bde9-468c540cabd5,4
9e4a6acb-0c34-3283-a14f-29c54ba7749f,4
2ac2c082-bcaa-37d9-bef1-cabea4382cce,4
4e975a93-e130-3f5f-a9f5-5dd52f0554f9,4
080dc832-0ee1-3451-94e9-aca7bdc012b3,4
b5c04904-0eb2-3704-ab1f-d6b37806f949,4
40a28f01-6450-34fc-8520-2113734145d6,4
ad07144a-63ad-34a9-a6f9-b7f2c2d375d2,4
fe8527fc-7312-3969-b967-d669bfb249e5,4
636aaef8-2a31-3707-8681-2587b3425221,4
6588f1e7-3891-3449-bbac-ae18359f56f5,4
4834e928-49f3-3a70-a6f6-5a77fb142dc9,4
b2df6080-c8fc-36af-a202-86772c1b7e62,4
555f2a2c-35c8-3adb-bd03-942d52e75136,4
07d1a845-4ab0-3c51-a715-3b5f2f5ea950,4
edf30b97-52ee-300a-a41d-e35732216841,4
d6146cc0-13d7-3cbe-adf2-2c9a12c113d1,4
ace214bb-6fbd-360a-9e57-80494e4c7fa9,4
1d768a47-89e8-3b4a-baf8-2cbaab5a4222,4
39d158ee-fb8d-3050-976b-a0507c9a87d4,4
b3163061-c053-3583-a612-aee268194ee0,4
f8077a74-87aa-3933-b861-76fef96f2142,4
79b56678-881c-3f33-97b1-46920d24bd99,4
87d26200-62f8-369b-a261-c574048f8bba,4
c33c9e66-e697-3c3d-b7b0-c09f0a6336ef,4
d1f16589-d406-3799-99f8-891c4ad68ee9,4
781bdd00-9f69-346e-ad5a-eaf8820dc732,4
6d4f2f44-e9ea-3863-adfc-fa6a0b4831da,4
76437cef-0ee3-3286-b41f-f2425295fe90,4
d3874e6b-035b-3bdf-8d77-b65271c5bd9c,4
7fe01835-3549-3517-9f4d-84eb2a174a73,4
74fca169-5dfa-3097-a38a-a6ed314f9db0,4
14846b42-26bd-3a81-86f5-b20ca26951f6,4
8caadfe3-56cd-37e5-abd8-48fc9f5b3881,4
36cf8a9b-3ed7-37f4-a0d2-fce60692e5b6,4
bab6fd0f-a1ed-301a-9b12-2645e6bf88b1,4
8b8ff68f-a29b-38cd-817d-b8131b19511f,4
1191d43d-a7ba-3672-a09a-b4f0ad7b383b,4
dd4948b7-9cc4-3ea1-ad09-f74e6b2ed381,4
837293be-3e81-3868-99db-47037d27af5a,4
bfa3ef75-2352-36af-aa23-a0e8f802626f,4
353aa75e-1a80-3565-a099-59f9ddf58425,4
25220b62-7d6e-3882-a21c-0c06487ea48c,4
10ca157b-bdd3-31d8-a88b-03afb44725db,4
6a63fef0-f54c-34c5-91f9-f667967dc4fe,4
7253b114-88d4-37d9-a35e-427bf1389b8b,4
208c2778-805f-351f-9b10-5473322ad424,4
64f64e6f-f7e4-34e0-8ca2-da9ce759a2eb,4
2b2ea78c-b496-3123-9f2d-649d0dbf7455,4
730dd6f6-b229-38d1-b4f7-544fc74d81c0,4
f761e59d-5360-3fc0-adb7-e25eb308761e,4
53bf7439-4ff4-362d-a090-8661d1a0dad0,4
25e9cd0f-e1a5-3416-9f96-0066c7264d42,4
cc8cb59a-63fe-382b-954b-a689ee85dcf0,4
1bdc79a5-7313-32d0-97c6-9309201a6b23,4
cd1e2c42-14af-3c0f-bd2f-5661f9d9d6ee,4
03d761a6-a58f-37eb-801e-c8dd519a32cf,4
3c977193-039c-32fa-8cdf-31f33fd4844f,4
fbb5118b-d285-35e7-aa99-8dbc25a43a0a,4
a94a8da8-8dab-3d33-9858-6812909cd6d2,4
96c8ced7-6934-36a5-bb4b-bcef8331891d,4
7d5fe87d-f177-32f3-b60c-792bb798c2d1,4
d33437fe-676b-35cd-b642-39a102bfcf84,4
a088af29-1462-3a78-a680-3dbd3b36eed2,4
60d61787-ecb6-374c-90c8-25c5fc94241e,4
5eb9ebcd-eb96-33ed-b8d4-1e307d3ae51f,4
528c5cb1-8962-3124-9a53-8d0f0810d8c3,4
c2bdf00a-5909-3ea7-8952-c623340234c7,4
5fad3fd6-195f-3032-ad72-3aceab0ab1e9,4
f90ed66e-8907-3335-b10d-519ad491e8b2,4
2eca711f-15e7-3cf3-87af-11c93bb9c563,4
eb4451a7-868a-3a0f-b0b7-1cbe778ac24d,4
3f4123e6-7594-35df-a046-a13556117b88,4
27d53455-0885-3b57-bd98-3bba2d7d1913,4
d574e17b-80f5-3630-a18c-fa8549a3026f,4
4861285c-acd5-3f11-a791-10e0c4b1cc19,4
6aef73e8-54e7-311e-a46f-3538654dab79,4
6768fb9f-2e16-3024-b164-1185785efb38,4
94954a2d-b2ea-31a4-a577-84d7159e87fc,4
669e9f46-bcca-38ad-aef8-9d6580210873,4
038dcb0f-626d-3e53-a776-411ff303c014,4
97b63307-279d-34d6-ad42-b6a82b3d2c31,4
4108544a-dc2f-3f8e-b141-3f6dcd8b086b,4
b50d613d-fcd2-35a2-8e77-fe9227fb119c,4
1db58c17-2a68-3662-b671-54e53080b38c,4
f815c572-38ae-3ce3-a1c7-ef23f00f9750,4
117bc70e-38ae-34f5-a3e9-be1195640f1e,4
5c804205-b9de-3ce3-ac43-7c4feb6c3db6,4
61b4f9f1-643a-3a8d-b588-5fae684c6bff,4
9875fd14-28c6-36af-a760-039405d29f28,4
22d0d848-817e-398b-b05a-5c7433c0cd54,4
053bc808-f304-3fb2-a0a4-c88049f567ac,4
89ef7286-ceb2-3071-9c35-22052de63d65,4
3beb2918-203f-31e0-830a-82e9cbcb744a,4
80a660e2-3a60-370f-a999-86bdc05f46aa,4
853e023a-e679-331e-908b-bb3c08d09c76,4
20bd738a-99a5-3be7-b0bf-4fbbef5f1815,4
c182fb28-05b6-34ea-83ea-6aaf14275420,4
e866f005-3b63-3035-be42-bbc69882e9a8,4
2d488b6c-bbdd-3b28-84eb-0ebd36755f10,4
7a9fef4d-bf24-3904-961e-830c26bb8697,4
30bcb065-467c-3679-9e5e-95bee98d7b74,4
a843bbc4-d95d-35cd-addd-607e5f3713bb,4
8c2f8b94-23b3-3c39-93f9-71d53fea9c5a,4
52638e5c-4bfd-30b2-b93e-b1afb5b741b2,4
0f95200a-f7dd-3513-ba65-7ec007d7d86a,4
3e5fd6e1-d2fc-3fcf-866a-7249f3920b0a,4
3548f218-f77d-38b0-88c9-660333d03530,4
e3366a5a-717e-3c1e-a116-dfc6cf6ec11f,4
e20f3db7-d07b-3e7e-993c-65c746d2884f,4
5bd81474-c216-3cd5-ba6b-3607b4c71f23,4
bf801dd1-ae01-3b0d-9314-01ecf17aa021,4
f35c3ac2-a4b3-3ce2-a592-1bec2fedf776,4
2ceb3964-f0b5-3614-8c01-4d710d380bee,4
ffab7a4d-5ad1-3232-a942-cd3d181923cf,4
c0f6fcc6-2a61-36d4-8e39-0bb5fc3abfe4,4
373c033e-b5b8-36bf-aac7-a3ea3ec8ffff,4
6a4b5917-3ddb-328e-83af-7054ff253ca0,4
1c184399-7f77-3ba4-8231-10993cba79b8,4
cfdb42fa-23fa-3694-ae93-2a5c3771c022,4
037c16e4-deee-3875-afa1-fea279947961,4
d715c7fb-794f-35bc-b364-3d8276506139,4
9fe93712-08b6-3e0b-94ea-6b94853ab609,4
91b6ea3f-2be0-3142-8d66-3260f172e505,4
97dfd1bd-ae38-3be8-b391-a6d60997b2f1,4
2498bb1a-a87d-36a8-a036-0bae5b7060ad,4
cde40fb6-ca3f-36f4-b62a-e973658cc0ef,4
239f9992-9793-3346-a872-23cafea0dd54,4
25247953-633a-3bb4-a63d-c820804cd1d7,4
d48e77e0-81b7-37ae-a366-23b64574b413,4
178aad98-a5f4-396e-8d3d-dfe0cc15c8da,4
1bd6a2f9-ba82-3939-b0c0-aecd14baa495,4
d8b129ba-1b12-3149-b8c3-0cb95f590bf8,4
b84ed96c-22c0-30d7-8b6b-c9b3ad096a88,4
ee64eac1-e41e-3d11-88f0-d586eaa40049,4
c6cf820d-9a2e-3a1b-814d-203779066b79,4
9bfbcf42-1d17-3d75-93db-1fa6da623ab1,4
ea9e6a2e-048b-32bf-8e04-a1fb2478f9c2,4
9fea1b29-33a7-388b-872f-8effffb25c10,4
9680b802-62c1-3fb7-83a3-4f91d4914c0f,4
976f0f65-e63f-305a-8d8a-687d0343192a,4
73da6977-c03b-3dc5-a08d-4a8f0a900482,4
30528e05-285d-3816-86ae-0781d466aaa2,4
8947b0b8-ca85-3eca-bc0b-786598b7b220,4
a18a862d-47d0-3a01-903e-6f9b0d58d6a5,4
18fd8763-0f5a-3659-8ce5-46693bf4eb22,4
30753f5b-f426-3eaf-b1c9-e7819f3a9546,4
9673745d-6e82-3648-a899-f898544ee008,4
a7de2e77-bb51-3f98-8cfe-db4113749baa,4
1f145c7b-dcaa-395c-8b62-7ca3d85ceec9,4
349faf91-7576-348d-8cd2-28c80d150b9d,4
2ad5cfab-5f7f-3815-9bd1-9d37871ffa1b,4
926ee4ff-01e4-33a4-bb22-cc41372dfb96,4
0798a87c-bec5-324e-9151-ef3c3036b2d0,4
1f5defd5-ed7b-3423-987d-b9645666c3dc,4
e6f05f73-e1af-32e4-9903-dfca18927ca2,4
a6bebaf6-c78f-305c-8e3e-84872f278d20,4
ba238979-f04b-3191-afea-8b406eb52eb3,4
cdfc1d80-2c2d-3290-bfcd-eb63827afa3b,4
ebabf63e-27d6-3972-bc74-f0cd7c984f15,4
b67cd9fd-6882-3141-a730-9e8ded33bb74,4
13669b07-e89a-31e9-a170-54d91d3b3cbe,4
b0a7f845-145e-3525-95d2-b908c418ba4e,4
5235f2ff-5a41-3c23-8f03-db7fb65c4a78,4
cad365df-b252-33c0-89df-d5b428ab3cff,4
7b824717-5de9-33b0-8e23-253360d9fda1,4
59e8432e-8877-37f8-a6d6-9fa8f10f973c,4
c35ca6d3-8e12-3ace-bf3e-bd266c720c70,4
894c2c53-0f98-3caa-a2f3-91616369fdda,4
609d656f-5175-3c39-a90f-24f61fd6fe93,4
e91c167e-aee8-34d2-b97a-52eacdcd3c76,4
705839aa-2dd5-35cc-9b89-9082bbd5f8df,4
b98a44c8-aaac-3633-a3af-52fca75cf044,4
44640b6c-4ee7-377d-b017-39bbaf18a48a,4
35613292-4b0d-3237-bc07-56026288bd24,4
b42377b3-eefe-3c23-bea8-95efecbce729,4
7228996e-41b3-3ac8-a6d0-b8b06cb566c3,4
8554120a-b396-3be9-89d5-8d10cd151c71,4
72a330d9-0c03-3127-9440-cca88a8a8869,4
74c80520-0c01-39ec-905c-3bedaa1d1e77,4
b83929f0-455d-386f-910c-abb756a2b40d,4
5dd85305-565b-3951-aedd-b1cf445e573e,4
f042b116-bc0a-360e-bf0b-63795afcadd3,4
3680600c-ee00-3ab5-8194-01603e9d758a,4
efb32724-e9fb-390d-a541-28251bbee650,4
d8a4951a-736a-37a8-99f5-62db25010028,4
53c0b03d-053e-31f2-9fba-9680213ae743,4
c29db5db-cca7-3dca-b14e-f85d1906e1b6,4
7ed777e6-acc4-340b-a666-dce3f5e1a276,4
ea00f158-613e-307e-97b3-9434b562af34,4
190cd9c4-14f1-3600-bbae-b83ccd3a225d,4
0e579037-5d12-390e-ae52-64296c55535a,4
4e7ac6ce-293e-3085-a028-cca9e22aab0e,4
755eb0e1-bb1b-3391-81bf-a40137a474f3,4
852c41a0-97ca-3bae-afda-68413ba9da70,4
70047bfc-1fe5-3641-a906-1f0975f0bac4,4
cd4eef30-16dd-3520-93e2-399f484a16d5,4
7dca7610-d385-31b8-b24c-31083eb587ee,4
6612d77f-05c5-3f3d-8750-d01893d720d7,4
4222e7c5-dfea-3864-a6cb-3107fdfd2244,4
36e56bd9-cfe3-3027-b42e-a15a87c5c28f,4
b4b228c0-666c-31e3-92be-5f1453c95d47,4
44617f71-4af2-39e4-9db0-cda0521f1fd1,4
2092ed4d-1bf0-3f22-a525-eb773cfa18ea,4
c3967ade-a123-3d9a-bdea-4ea32388458b,4
ec346d5e-47cd-3232-9b2a-d2c89f733c1b,4
1555cafb-c489-3e23-986d-684786fa5537,4
f8e41d6b-e9ed-334e-a305-6d9866ab3b6d,4
f9beb4f8-191a-3666-9496-dce429fe4825,4
7a89c708-06d8-31ee-b53e-457d68c14761,4
d5dca1c2-194b-31c4-8d01-370934f82a4b,4
bde39df7-1fd2-3b3c-800d-9a3f9903cc7a,4
e8df4fac-3c67-3d60-886a-d9a9415acdcf,4
cc4a7b86-c36c-3ca4-9711-34477c9f08c8,4
2cd70ba7-4f91-338b-8943-37b90fd59a28,4
d94a0789-546a-3695-b38d-cf87a9ac9b22,4
b72efbfb-0c46-36d3-915a-7a3922e09d2d,4
ddc7dea5-ca59-3ff8-91d2-52d0b2be31f2,4
ff4f8320-1630-3502-b27f-f69ce2179508,4
26924631-4256-3474-9b02-1f654b6b4044,4
733d0c78-1ce4-3e4b-9d3f-135ade0d103d,4
bbcfe026-0b63-3ff5-ba7e-042ef2e8f964,4
22c662f1-c10b-3f2d-8ba9-f3610fca2051,4
04f359c6-7bf3-3d2c-80ab-7d016de70250,4
51969380-9a7d-32bf-b5b4-b1ec8e982705,4
b6934625-325b-3865-8099-635d597809fe,4
d15b5330-385e-339d-ad3d-e5c98c13b5ba,4
8fa564ec-6ad3-360c-9286-fa1ee306bfd1,4
ec1109f9-c6bb-387d-bb97-3c170c610b68,4
17a2b824-29db-376c-80f6-8978055804e0,4
997654ad-0e6a-3a54-88a7-df7167e14a94,4
9efb4589-87b6-3ab9-a163-1b0f6e8d7a6f,4
7b97fc94-b40d-33d9-a158-c5f512b917d5,4
5388390d-64b9-3f9b-b7e5-8126bfa8f3e0,4
bc5295af-260a-3138-89fe-6f7863a84c96,4
cefd99d0-9c67-3554-bae9-5dd79806b68e,4
785c3f36-b463-32ec-ad8b-ee751ec34bc3,4
5abed197-9d61-3e14-9c32-662430477f8e,4
8ecfcd1d-72cc-31ae-8912-e951d1348024,4
8aff5c92-56ad-32f5-ad01-29817ac0dd0d,4
594826ab-60cb-386f-8c70-1812f488ef35,4
715fbc9b-cd58-379e-85a8-2a6ed852ecdf,4
a16170d7-d4ab-3172-878d-623660a94add,4
2970b8a4-d29f-3081-80e2-5f59c69f1007,4
9565596d-638c-3d87-af7d-4dd25da49c75,4
3bb9bb20-d470-3c6c-b220-805ca6042cec,4
3662eb3e-777e-3023-bd3d-db51ee0bae32,4
19c353df-6d57-3508-a4a2-731791dcdd5c,4
a70eebe7-81e7-32f2-a9ec-3dfd1762622a,4
bc9f6235-b1e8-3dc8-943a-e54f9069fde6,4
a5551a38-2100-3793-a45b-21ce555699f1,4
b8761871-c3de-3647-ac6c-5df30c2b2542,4
bdda9567-c4e4-3977-ac0d-043d76e07727,4
93aad9a6-8f7f-3aa9-98c7-2f4dab1455aa,4
388459c9-dc71-3044-9564-54ea42cd3795,4
c5e43713-a4bb-3bba-8438-086fc9c14de5,4
6007ce8f-848a-3597-adb0-e145d53e23ec,4
5b788e9a-3f57-31b7-aaae-f89f1b554324,4
edcc85df-5f78-35e3-bd71-2c7079fe3540,4
42eb150d-2a01-33f5-baf0-c00b973a0672,4
082350a2-ab7a-3fa5-9d29-1aa47b0db829,4
7c4e50a6-ab23-3d56-9264-925117eaeb05,4
f160f130-b1c5-3e37-904b-8eeb362f2dca,4
406fac89-970f-30c5-af52-79104b996620,4
7320c825-5917-3e0d-8687-bdf3edc6475f,4
1d189ec0-968b-38d7-b6ce-af4b7d7577ca,4
4163f61a-bdb9-399e-b7a0-befd48c12cc9,4
6fa78d03-fdec-3982-81c8-a9bab182dae9,4
a8ae19b9-c413-39c9-a189-b6a9a0555537,4
23bd823e-8acf-3e88-b49a-6c209c0fc4a1,4
26a1f452-2f2a-3b75-a1e8-2c5542b310d8,4
456a1ae5-6663-3632-8af3-4c0e82d551d4,4
b2170c3e-3bbd-3dc7-b92e-2e7b6daed9af,4
ee1792b5-ea19-323e-8882-8e97386a612f,4
73e921b7-8a2c-380d-bb10-39f13fe78ae0,4
55537b12-6915-38e5-9090-aee61646a16c,4
33c68fac-5d8d-33f3-8cf2-9d9c9286d599,4
ac4cdda0-705d-38b6-a1f6-2dbe3b9452f1,4
a13fe9db-1889-3fb7-8f36-6dd681873d2f,4
5242987d-7b42-3993-ae0c-4450a08934c0,4
e7ed757f-3887-3533-bd6f-a8e8dcc0afcd,4
1c49ad60-6881-3fc9-8cff-579153d7b02b,4
ba901e1d-3f5b-3328-832f-edbcba0e3b8a,4
e5df055d-97c5-35f9-b08a-00561bbbbaae,4
b293fd6a-2568-390e-b804-41a2fc04fe6a,4
4813f633-3437-385b-8836-836391efbb34,4
98a5a953-79c2-36b8-91fd-5ffaf4c53b64,4
93753a07-86d2-32cd-8170-ecfdf822ea99,4
34cd8baa-dff3-3b55-b3e3-7484434a3a45,4
29e08b86-c820-324f-9a0c-ce400aaf182d,4
568b8240-f77d-3653-a080-f9769ef51223,4
7f68e57e-773d-36b3-9fd7-65013e697a96,4
a5a40416-fa9b-34c3-9302-e42b3904a3b9,4
c63887fc-af4a-390f-aa95-e61069dcfc21,4
333c3df4-e9a8-3a01-bf40-dd18625c5436,4
0d21f960-aca9-32ce-8657-534004af8049,4
be50f03a-3318-32f0-a15f-82ca305d0e41,4
3a76014d-ab8f-3261-88c4-1508b53e1719,4
da899acc-1ce2-3e10-87a5-4a983b7004c3,4
78c04449-7c9a-3d25-98bd-796fdf86f6dc,4
a3439aa0-1b5a-3906-9e24-cb39ed5a1bd3,4
73c2699a-65f1-3162-a06b-4fb46ad1f9a2,4
c1657524-95ba-39ec-b175-0be9f74452bb,4
160ce1d4-2fcb-3f30-9716-7e3e1b6f068b,4
69d95171-343d-3dea-aced-d1fea5e5e645,4
68d54e4f-a1e5-3a4d-870a-434b96a301c2,4
e7a67117-eaa8-3416-97cb-a54f821f80bc,4
187e96a2-e954-3037-8fc1-c070e94d4c82,4
8045524d-b31b-390a-a9c6-23d8ab19a191,4
4e34a245-1580-3091-81f7-bd4e01a52b5c,4
4bb57a64-3afb-331f-98fd-e34fd175603a,4
e1dec33a-1607-3f6e-a465-dcd8891fc79c,4
846ca7f0-2ddc-3996-83b9-a2ebb51c408f,4
d14a96c7-a818-39d8-a590-7183eeda213b,4
57682cde-8969-347f-b3de-cb814ca2254e,4
11a70549-edc5-310b-9f25-a2bf13fe62ce,4
7b6f469a-060f-3c90-8775-061ca8d9f399,4
6ace0c2c-17bf-3340-926e-aa6d891ca38f,4
60f07ecb-3710-35b5-8c08-8825722d44e4,4
bea6672e-3365-3db2-b5c0-b2a8e8338c5d,4
c78adacc-c66a-3750-b0bc-168c4e883645,4
558e0cf2-d496-3af2-b994-99a92014ab14,4
c02633a6-0bf8-35a9-9df8-286a15f3bea1,4
bc03df1b-1dfe-3c7c-91e1-a9238675f263,4
e9ab4f7b-7730-35bf-9858-1f3e6e452323,4
8177c660-470a-32f7-b9d8-103943d91877,4
27832738-6caf-3e5e-907e-0db346a43cbb,4
321aa8d6-c068-38f0-a7b2-4816e6e0a0c3,4
1491adbd-c300-301d-8243-6d25dc7d38fa,4
f3f0193d-1321-375a-8668-c3c44623e76f,4
eec4ad5c-78d3-3d67-a49f-6462099597df,4
1c3577bf-87cf-3cb6-a925-54ba10f91937,4
e1b84097-d737-306a-996b-f1d19feb3efe,4
422ee89c-3c89-38b7-a51f-05b8180f8bb9,4
50ed890d-3873-3a80-b255-012686dbcc53,4
83264667-6292-3ab9-8942-863ae9f51882,4
f382b2c3-5d9e-3bfc-8329-0a8f88775db9,4
41afbf7c-5337-32a0-a87c-23544650a49c,4
a6d53f18-f332-3846-a352-3967e1e54bb8,4
3c154e3f-2c33-3207-9c56-dbad5524181f,4
9c0b29a8-3d07-3bf9-8aa9-8f31dc1be80b,4
5f94e3a7-77a8-329e-ac18-fc36c5c03d1f,4
27da086a-02da-3375-b07d-98b07dbae6e4,4
20210aa1-a138-381a-812b-09902fc332ca,4
48d89c52-862f-3490-bd72-5a3510fa7036,4
a6b25179-4024-387a-9d74-e75e4a542aa9,4
d231a14c-5c6f-3322-b664-1aa61a79acca,4
79b86f06-e54f-3bf6-910e-e2be5a471902,4
1c9e99e6-926f-3a40-8342-b0b981eb6dd6,4
d3fb706a-4fbf-3690-9e72-b925272ba98e,4
9bf0f732-fa66-3b42-95b6-746e6611a2af,4
b969d1c4-7d03-3b7a-9549-95d994d14c00,4
a9602e5a-402d-35c4-b110-0defc316d7de,4
f2414eb3-0125-3d27-aa7b-200ff5c7bfba,4
e3d404a0-0672-3b5f-8fdb-5e678ba64187,4
fd439bf0-9b7e-3e6e-89f4-ea395d98d130,4
806c0028-6f70-322f-ad48-e3b844b5873a,4
eb090fe7-d67a-30ca-9c78-621ec926d4fa,4
f9700fab-531a-3e89-be12-166f8d8821b0,4
362d2ef5-4059-3b0a-8f37-82d92ec91c84,4
a947d8f5-008c-3cfc-878e-77a1846d80a7,4
63dd7cf4-0a0f-3a74-b0b1-a724a7ca4f7c,4
d286ac1e-8acb-30c9-8707-e364f67d84aa,4
5e684332-97d4-3f22-936a-2d5961f154cb,4
95df2630-2473-340a-8612-364f1e87cb95,4
c1717e48-c788-3fc4-a4c4-696bdbe46bbb,4
96fb5d67-7bf7-3f53-8161-a8baa3a3f9d8,4
3bf4f5b0-cf39-3ead-a73c-f98f5cdf2ab1,4
e17c231a-19b9-3b66-9f72-d5c2380c9b16,4
54492075-9d08-342e-848b-b59adce5beca,4
6af61aab-e36a-31b0-8808-675f2727062f,4
b3f6f831-026e-3318-8bf4-0fa07c1e2b14,4
78e202b6-6543-3e40-a737-682598f223a3,4
eeb7e451-327d-30e9-bca6-f358a5e2feac,4
e62caafa-1085-303f-a3e8-c8b2d0fe9653,4
df044f9c-1a3b-3e23-ac69-9b33dad7518e,4
8f304fba-6d90-37bb-8392-a396cbd61936,4
d16863e8-7dcc-32af-8a5c-086fff0b7b2f,4
d00998e1-b583-36d3-becf-4cc18619e89c,4
6b1c275a-7252-3c07-8dd5-fed8f5ffc7a1,4
6b899409-c3c5-3ddf-8315-b43a6c38011d,4
6c31149b-88d6-3677-96be-7f74968de1b1,4
41fb4d9b-2557-339d-beab-ed3db5fc02a6,4
17b9f02f-82b4-3ced-9042-86b6e9535339,4
f78d3a51-dedb-313e-aa42-cfe431178820,4
b8ad4e27-0566-3e62-9bba-5891b1ed2891,4
52ae10d6-ce27-36f2-b631-0ddd39c269af,4
0641ffc2-d9fe-3a92-ab33-ba835d4844ba,4
be93bb69-5855-365d-9e62-dab47e37bf7a,4
35352369-9da3-3660-9c42-fe628996d6a7,4
468ff0cc-ebeb-3df9-b80e-d8bccf63f0ef,4
bf37c2b8-298c-3c98-adf8-1a48b5ed1eaa,4
43d602d9-d4c5-3bbb-92bf-4a9e251e93bf,4
e845c467-b769-3973-a481-db095466e9bf,4
33f01e0f-2099-3656-98bd-ae7a380a1ee9,4
1a5d057c-e9e7-3691-9c17-a1770fd74512,4
9b0b91e7-30b5-33f1-9749-4e6ef6fa5425,4
a53ac4fc-1285-3b73-943d-cc6da226650f,4
bb0a87c1-74a3-355a-aa1a-d004c684a1c1,4
49d9c33d-21cc-3674-bdd3-bd23b96d31ce,4
1b00a59e-3587-3cf1-864f-c8cc2d6049f1,4
868def7a-bdb4-3230-80af-6aa7aaf54edf,4
acbe0371-1e74-3833-9c0a-c642cb3530ea,4
2189a062-80df-34cd-bfa3-ffea6d269b81,4
9fa4e3d1-a09c-365a-ba40-03a88ef8bde6,4
54d75a28-579b-326b-a0db-a8e66aed07bd,4
c970c740-16d0-31ee-9c54-cf3d1f915fa3,4
9469ce4b-bbd8-3c7f-ade0-d6d95a35bb68,4
413e4117-a181-3607-a534-4f5dddd02c00,4
4cc2b164-023f-322e-b017-e4fff57602d7,4
69ba9fc3-3a31-3874-b1cf-acfa4b63c400,4
1b0df1d4-5e38-3e98-847e-64e70053c994,4
59714212-8525-337b-88c4-f8ff691f61b9,4
386371ca-fd5b-3f73-8583-eddbb2967254,4
0de1af73-cbc6-30ca-aeeb-32cbed01e207,4
e2eb07b6-c63a-3e01-ad37-0dfc590c3e94,4
bcf728da-e5de-3c0b-aced-11960060d04c,4
071c7495-eb84-3ea2-8712-f12ffd349e03,4
a1ccf7ae-3b32-3241-bfd6-0115263e7528,4
95363019-dba0-3cdb-91ae-8655b923e917,4
11c16e71-6c1e-3942-a736-a3faea0c5f8e,4
06b21e99-01d6-3513-bbdd-10f535c437cf,4
e5140ee1-3294-32f5-9a58-0894b878ee67,4
6fae2a7a-cca8-3b07-97c2-028eee5cfbbf,4
ae9fe45a-0456-3cce-b60b-d9759c09a2c3,4
bcb60b7c-eb26-38ad-867a-934c56d2dc4e,4
aa452bf6-678f-387a-a7c5-778f66ce1366,4
50a35e1f-8182-343f-b6ac-d73f002e6729,4
66423149-7211-34a5-835f-303640946cc3,4
03b86811-f500-3ad1-aac1-239400613fc5,4
2d162aeb-acad-3178-9800-7ad562c98fc1,4
37058a04-040d-3f92-8bfe-e458e916a7e2,4
cd4191e9-8c49-3fcd-9b83-b92d88993d28,4
864fc683-c2e0-3d10-ab01-2c53973bffeb,4
1049975c-306a-39df-b766-76297aad6204,4
b465fe1d-4f04-3cae-b8df-4246de82a880,4
fd8d2020-8e0e-3508-9927-03494fe0b572,4
aab32213-201f-33fb-8803-c4d54c42d7dc,4
3bfa4c38-7e84-3691-a3c0-9d9f5ed8550b,4
de032cb4-6dd1-31c5-8e72-61a71a918b20,4
25909a5b-b3d2-35c2-a9ef-333ecd18bb0d,4
da8b2e0d-3983-38c5-beaf-df31586ccb35,4
1fa8036c-df56-3e3f-9692-82e4367e08a6,4
63d9b527-f482-3281-822e-99a6bcb175ff,4
2fdb5dc0-ca1b-39a5-9dac-f78599aa10c9,4
a4d8c34c-bd95-33ab-aa98-ca94fc2f3bc9,4
09c2df92-0422-3fab-be68-b0c7cce6adce,4
f51f087c-3b1c-35be-8b5b-fab1a3c3acc0,4
c4955edb-d3ca-3401-9e68-e44ff2a6d442,4
89778b32-d25f-3c71-8c2c-f594213d531f,4
e7a16f81-90a2-3530-bffc-ffa9ef45a0d2,4
9ca41e0f-e779-38ec-9464-a48c991bf181,4
8bfbd497-85c1-3bbd-b9e3-77c9e263a0b0,4
2e76345a-e22c-362c-b8ba-82df6069cd7e,4
3bdd7758-509f-37b6-98dd-41b830c4211e,4
b53124af-dd04-3d69-9a95-098a2c41e92b,4
ec0e9e65-1f5c-347d-9860-6cf2b18ae787,4
06ed3416-8d88-3988-8c57-471a76456e67,4
08fa8d0e-3311-39e7-b51c-625316d0f6da,4
7dc5a051-b083-370b-b2c7-77493b388c00,4
b6dd437b-901e-3adf-a6b2-fd76e4feef23,4
3f1c3e27-3422-328c-b394-1e8f06322ffa,4
5e0b3c43-6fa6-3acf-bce4-5973871479f6,4
55f7b631-57e6-359d-89e4-3652fceafad8,4
0ea708d3-5f80-3ed1-a1d1-b704dec98fbe,4
f58b817a-7d5b-3fcf-ad2b-a4481f7bf4c0,4
a9447297-4d83-39d5-b02a-914d83f1d92c,4
999d0574-b04d-38c1-a5ea-f5d45ea18eca,4
a850579a-1117-3de1-aad0-3fc18b1a7cc1,4
a52575b9-d33d-3287-90e4-b4f0cdc83c7c,4
b57db0eb-6e5c-354c-a718-bfdfcae91f10,4
3aa5d594-7c19-39da-9a6a-89b6bc03cd39,4
fcc83ba3-d4da-3999-9e9b-45a247206702,4
1c827d95-f52a-3170-b8d0-6bd4178acf41,4
5f208f32-7a53-3582-b4a2-fa3cd03400e0,4
f9b343f3-e62d-3d3e-895c-bf03b381820a,4
bd81c364-4866-3a2f-a510-b2122ebbf10a,4
448b3e62-c6dd-395b-a4d1-4e7e71c3efa6,4
555ac5c5-4be7-3fde-9c5a-ba793b4648e8,4
69ba63a9-b401-35db-9e21-2a0c37593bd2,4
4218826f-b8d6-3eab-8260-e93749a8709f,4
5e776d42-1aab-3e15-a1fb-56ce98160f89,4
8fa7847a-3ed0-34bc-9072-a0777aa4afb0,4
c6d5961d-731f-3b7f-b9b3-6357eb91d846,4
903426f0-c727-3953-b637-a170b339d17c,4
3579e71b-1c58-3d8d-95dc-3634455b88a5,4
72f3b689-f260-36e4-84cd-ae4b9fbc285e,4
0f2fa2b6-ad89-30d9-86fe-e2a2c33f2350,4
13c132de-a126-324a-ac4f-25aedeaa4c24,4
00cf2452-abe5-3058-9b48-bf2ac7b948f7,4
0733cb09-8684-39c9-841d-f70d426ba5cc,4
6b632e0e-7d3f-3845-816d-7f597828466b,4
3cca6228-45e3-33ff-914f-13d8f1cec9dc,4
22c3b453-60b7-3689-ae0d-02b999369117,4
8fb80deb-7047-38ef-9ab5-6fec5915b145,4
f1c4bc19-f654-39d7-9b8e-f77e6cb890bb,4
82758c33-990d-3a3a-bfa7-4032abc130ed,4
79064e58-1e64-39f5-be60-d0647977402f,4
00f53d1d-257f-39f5-9ce1-43f3ee16c134,4
461bf8f5-6aca-3e52-906e-fdb19810ca43,4
07cc68c6-3c1c-3365-9ee4-3376aaa5cd32,4
f1d2889b-069a-3624-a3aa-6b35ed4f4784,4
f58dccde-c946-3184-a14c-6119fdc61e47,4
9748585f-6a0f-333e-b323-682fb6843862,4
3a90a776-e80f-3675-920c-7dcdd675b851,4
c1b7be14-e348-3aef-9df7-3d00e9d786fd,4
ebbf8b90-ad34-377e-b646-d4cdc6c859be,4
d6b0bb4e-0ac4-31eb-bff6-6a1f617652a2,4
b60c9de7-b92c-3951-afd7-0d8c768e2eb2,4
930bc2e0-ef92-38d7-8962-4e6120c2fd8c,4
52fc3432-bbb7-3529-8fc3-659886aee562,4
d13eb9bd-273e-3d06-9a05-74bd680784dd,4
7b7130d8-41e3-322b-936d-8670409c33c4,4
6f1f3a54-b22f-3a32-8501-d99e95ced35c,4
0615206e-26b9-3519-96bc-519479115d89,4
122a463c-8212-3ec4-ab0f-9b9bf687d51e,4
a6949559-f588-324b-ae82-af270cd65ac5,4
880eb12b-691b-32e5-bbb3-edf737c192e4,4
95a4276f-b7a7-3c01-b24f-02ab55041b2a,4
2ff867c4-a7c7-322f-8a04-73059f6797d5,4
475a07a9-c735-3f25-90f2-34bfb9072af5,4
6453cc4a-2039-33d9-bc04-1ff61a8c872a,4
4376d805-c1ea-3e82-ae81-9135d9908950,4
06a1a4b2-114b-376d-b52d-24a2de6c89c1,4
9a91e22c-505e-333f-9c39-cf1d06d17845,4
52dabe00-7396-333c-a2c6-f71a66ee48ca,4
71c7e5aa-b004-38de-8c2a-9bb4790342db,4
49ad2862-b17e-3a50-af31-0490270dc2f2,4
329235b9-acac-3bf2-965d-dee8119cbc02,4
e86830e9-b258-3cdf-8159-7e9f0deaa879,4
5c37bb64-3cd8-319c-9f0e-aba9f180c2db,4
545f574e-a7ad-3840-a622-e9bfc06944f8,4
e04a78cb-906f-37a6-971d-226d599c532b,4
a5c07fe6-f2b7-3269-8d3e-dba7ed71f37f,4
1caf1279-ba68-3038-aea6-845eab30222b,4
d1e475af-aa36-306f-8ad6-8012ac1cdc57,4
6dab648e-42b7-35f6-bd9c-17896928b376,4
4fc433e7-e23d-3638-8662-5dea17f39937,4
ce3ee69b-be00-362b-aa52-791de024c42a,4
cc454353-4a93-3bd3-972f-a2abd5ff80f6,4
4b9f4dac-9ebe-3009-b113-387ed2cf93e1,4
1cdb816c-a21d-3b1b-a3c9-bf431867feee,4
72708c36-d346-36c1-ae46-231e92916115,4
73b339c0-6c97-38d8-88e7-a78e1c6f284a,4
8896049f-4c47-3800-a714-1eaa6b9d3098,4
1472d005-f7c6-357a-878b-bf7734d92ed1,4
e4847754-b24b-3f10-a3a7-20288c37494c,4
26ac60b1-11a7-3602-816a-13471c87a4c6,4
ea595175-8afd-31ed-aba6-be49d6195eda,4
13580fb3-287d-3463-956a-d6195332206e,4
6a4482dc-f49a-3a86-a39e-6cbcbe6fb8d6,4
e854c650-cc07-3c88-a8fa-0cda14562903,4
a2bf1b9d-1eb6-34a3-b8c4-971861fa2738,4
e38ce0a6-414d-397f-a9a5-d6e835a32d62,4
beed203c-a15c-384b-a28b-348aba1cfe87,4
fced9455-8488-39d3-952f-5764ec6c4777,4
d67823f0-b1b1-3cf6-91cb-71a894ba511d,4
2c49c011-e6a2-3411-8938-959c3594bc76,4
dcb4581c-df90-3c9f-8785-9370149ac4ca,4
b060fe8f-66c3-3949-8bf5-a7ec5bda5654,4
76d4d517-d789-33e3-8a5a-4ca3c489ea24,4
63b0a170-09db-3075-83f4-bba3fa415146,4
9215307a-d53e-3e1a-ad91-4cba8f79dbc2,4
f2a5541a-4ef9-3993-9a13-5a87e985da6b,4
0fb5fcad-2ec9-34a7-8f9f-8e85873db0e1,4
beed69d1-27a9-3837-9bc8-b53986e0b21c,4
44583c3a-cd1d-3ffe-b550-d20940da1bbd,4
ff6bca5b-8289-3e46-a5f7-8a563295c07a,4
16cec2fe-3dd2-3b3e-9eeb-1daa6f52a5b7,4
8b3f907c-8fc6-3950-ba13-ee74f3ddc8d1,4
d4849e75-e5a2-329f-afac-3ae379cebd91,4
6a410ef7-34b6-35d1-b075-09cfb61da799,4
ffe15df1-af01-3920-9db6-67d1555ad5e5,4
77f8f36f-9898-3f32-91a9-d80274581498,4
bb650114-7ac0-3a22-a752-69e64e52d690,4
9da06dc2-3c37-3a82-8dc1-e1f877a02eb7,4
23e17778-74ca-3b17-b0d8-dac3e0a60e71,4
eafc62f1-0087-3ad7-a9e5-081cab5387c6,4
bac72ddb-8a0f-3c15-a348-8f275c6a3233,4
d83d7d3c-49be-3bcd-afc7-33df884f10cf,4
d36f4d26-c8c2-34f2-b28e-7db883d4ed45,4
2a9c7547-bfab-38c6-806b-f4080cd7bebf,4
8ab128aa-368c-3c9b-8fb4-b90696558fbe,4
3e5ef67f-1c92-359a-bb20-7885035312ca,4
f544fb3d-0a91-32af-856f-31a409264ef8,4
af5ed3f0-67e8-3697-8a9d-8dd7dd72eefe,4
55287aee-feec-3879-a411-84a183331f46,4
b45fef2c-9130-36b1-80ec-71e32806c123,4
565dbf96-4f5c-3a3c-b991-5d38a51bbd93,4
72844887-fbd0-3f2d-8399-25bbc512f4d8,4
fe360fe5-57d8-3c98-8ec4-de7c821530b2,4
675d3317-f707-36be-8b57-6ac1eb3035af,4
36676def-1956-3492-af56-9228373b7265,4
65850c4b-8878-3430-88f2-d1c6f4554981,4
9a128db5-6c30-30b9-85db-80893ea99425,4
851d2a35-f88e-37ca-a798-e5527f8cbd34,4
606c0c88-384e-3144-8a21-7bcf63b3055f,4
c05cc216-e49c-334a-8414-0e3a73e8f6bc,4
a58b28e0-a5c5-31d9-bd0d-18648715c26b,4
b91f1d02-4276-3cc8-b6c3-a08b6fe12bf5,4
445a9015-d989-3832-968f-8c905818698d,4
50ce9abc-e1e1-3442-b925-7d10f3a442ed,4
688f1d4c-fc52-3d88-a0a5-7dd61ce9935e,4
563f1954-1c42-3a6f-b208-b74b0fcc9ee9,4
77e980c1-8bb9-3458-ba9e-c0f79d05f59d,4
13e69600-5c23-3e29-b65a-c61fba85ffb3,4
4b54ce3b-630b-38d6-b446-226828e26494,4
4317308a-b0e2-33a6-99c2-0d5c007957e2,4
d82b8924-0e00-3235-81fa-d31d6b58eef3,4
0461e6a2-16bb-3ffd-aeb1-be6b077dd3b4,4
968ffff5-f8b6-3b78-9d21-5615d3152b7a,4
ee80b983-cb29-38f7-8938-f38c0663a844,4
06381ad4-1c24-3e3b-9b3b-4ec0b1efd7d5,4
defdf85b-2106-37f0-8383-4a87d33c9a03,4
174eacdd-ba17-3c4a-af02-840ac16e3030,4
33e79bb3-9957-3447-8d3e-5947f6e6c52b,4
1ad57ab4-6f1e-305d-8b5d-898ba294e877,4
ddae3e8f-066a-3850-aa04-f9b28527fe64,4
e6a22307-81bc-3234-aaef-9c09c5163950,4
531f51f3-a45a-35cf-a4ff-6c231860d28a,4
c89394f6-2714-313f-95c4-a2f774ff65e4,4
0f007c6e-c629-3ed8-a78b-6b51502a3971,4
62d902bd-23bc-3099-a281-9b7cc881dfcf,4
4d843103-7e38-3c2f-a7ed-87a3250e894e,4
b6e23245-858d-32d2-8e12-f33b5e7a1a85,4
35ed446b-64bb-3247-86de-cbe6ed455333,4
96c0433d-b88a-321a-b6bd-6f52ec4b139b,4
ae002639-f8b7-31e6-b4d5-c7d95d10e611,4
fb7df986-6fd8-3540-b299-f07673998e38,4
fcac6a9f-9b52-3ec6-a016-5127d48a3660,4
e4111b3b-4c28-3923-a84f-32eb95fc3e66,4
debcc535-26e5-3ec0-b0e9-787e8d53afd8,4
56c482d1-c64e-3aaf-a202-b4c4c1af38ca,4
c11685aa-55ef-3053-b19e-5f27e9cdd66f,4
d565c895-a726-32c8-9e02-fda0b2170ed4,4
ee80cc35-65ae-38d4-8182-9406ebd1b370,4
b8e5cc7e-62b7-3a82-af8d-e92a2f1e3df9,4
9a161cea-187d-39e3-82b3-5302da9b875e,4
587cf47f-d485-3071-a54b-57179c37a7de,4
e2cc3ec9-1587-3d70-9eb2-c8bced212e53,4
35f05228-3c16-3155-83a4-1e6ebcea84b9,4
94aa5179-6d7a-34a8-aae8-459db5a60bd0,4
3a2c7668-93f9-3aef-833b-6f286349a6f9,4
d3425c85-ab75-3d69-bcd8-2608c9a2055a,4
7f90ad64-f9f8-3b97-a865-fe88f71a9334,4
8f585af7-1377-3c36-a374-22744eae0650,4
ffbb8cc8-7bbb-372d-bf92-3abd2de020d7,4
ac3d6818-6a30-3382-ac11-e2d6cfca4091,4
4300b10c-88ab-32fa-bf63-c3008a36b8c0,4
fa26925a-a332-36dd-88e6-607b94cd75d9,4
3947da10-97df-3299-b4a2-70539bfc76ce,4
3fe26165-d0ef-3b25-99d0-d7a138fc7a0c,4
9d53089d-9758-3d12-b6be-f9e2b34c7b06,4
7789e8b8-4d0c-3067-9fb4-ee30a98c5c80,4
558fb36d-a826-307b-962a-3bbb28744749,4
39229b81-1153-37ed-a3a8-1991661a17c1,4
1667a575-09e8-36c4-bd64-54140f96f59b,4
d8ff8da7-1d49-3318-afd2-e5816e2559bf,4
1250b0bb-c0c9-375b-ae2e-4688c9617e47,4
c649cc26-65a9-305f-a1a4-015b6da59572,4
f483336b-951e-3b52-b845-75574b391510,4
cb1a0841-5dc9-3cd2-a166-00013ba9c72a,4
1a657e96-67f2-3739-aac5-61e95ca22e01,4
7b7e3deb-be6e-34fd-80d2-f84026b082c1,4
e9f19e8b-365a-3d39-8ade-bfcabc4a3ccb,4
ae462b39-72aa-352d-8cf8-7285ed2deddc,4
faed7c7d-e2ad-3112-9ff8-afa200a23393,4
3795a978-99d0-38f1-8166-cf7b80a0a700,4
892e4792-c0c4-3c09-b7b6-7904e5d7e10b,4
112f5180-60ad-3936-9500-be8c4d0ccf00,4
920ec4df-96d0-3a19-a76e-973b5eb13961,4
8d3d8b19-a4d5-340c-88aa-460a402bfc76,4
4b464e70-f2f2-3da4-b369-bb362a1888c6,4
e371601c-43e0-3a93-9b03-e5e2234a542e,4
0139277d-d851-39a3-93fb-9156b0b4ca39,4
edd4d59f-5ea7-3d48-9dbe-0ac07790bfea,4
65d45cc9-6648-3f84-99f0-96a3e59db3c1,4
91b8ff76-7ba9-3f5c-be8e-65919610b60e,4
0c4a53d2-2e66-36c9-969c-f043f917f62f,4
d049c2c6-46b6-33f7-a441-591596f1a63b,4
e769d866-e424-30ff-8152-f154a91a4474,4
5df60541-9f11-35ed-bd96-5b33855fce73,4
468db967-489c-36ba-a012-f73358452aab,4
df985cc3-c5ec-32b5-804d-845be07f5546,4
00bf7332-a9e4-3a06-8c54-80740f06d2f1,4
920f8dc0-5d70-35f9-9335-bab9da911b37,4
56b35bb4-802f-3803-aeb9-a642e4f899fd,4
900b35e8-5452-3515-9d71-c85c0c88a47c,4
25065633-f2c4-35be-b90a-0f7b64533546,4
9a256b11-9db6-3b34-a638-264043b6fb2c,4
e5bc808e-d78f-3739-bfb5-41c3ea8a899d,4
5f51d895-1e14-3ba9-854a-9e0721b48145,4
3306085e-eee7-378f-9413-968d1eb5a360,4
2602375d-aaea-3441-ab4a-c37174a97105,4
6b642a82-0613-3c18-8535-23774db099af,4
cb7dfb0f-e192-31e0-992e-046a3bacad6e,4
d46b23a3-28f9-31f7-97c1-2d8e4428d8e9,4
ad214724-34a7-3ab9-85fd-7ed536fa001e,4
163088e8-c09e-3f94-98e6-5b411dd03a4f,4
102312f7-d325-3619-8bad-b7d42d88455c,4
7619f489-251f-3012-9e05-fbb837bfc7f9,4
65034722-cb2b-3fca-a000-f1a29410bf5b,4
8f5743d1-366d-36f8-906a-0ef8072af5bc,4
35e11e35-b43c-3305-902d-9d71fc26e15c,4
69cfe2c5-a027-3901-9ddc-97043281aaba,4
09276e07-8d02-3d68-a5c2-98d6b7dd1254,4
d75bb159-397a-3497-8102-78dcaa1a30ab,4
c657e687-081d-3242-af61-7ba6f5e61aec,4
859605b8-5065-308b-9f23-e25bbf7d13a7,4
c54b432f-3f99-3540-a5c7-87958399dbec,4
4b0c06f3-ff39-3850-894a-43c77d3e9515,4
2638a043-6e8d-315e-8c38-68100b0d2497,4
8d12914e-db3e-3e4c-9a93-f81641685249,4
79f334a5-4910-3154-82b0-29994eb8ca8a,4
717e9ea3-4214-3857-ab56-d9f60b182220,4
bc34ebea-16ab-380c-a39c-d5a33149f234,4
9df5b41d-5087-3974-b2cb-728c9288975c,4
85e7a99b-9ba1-3e60-96af-2930fbe9ce96,4
fd9ee380-3e63-3bb6-8955-5eb382aca088,4
db1c6d2e-ecff-3fa6-8e93-18cd5906ae4a,4
e9a2a74b-bb83-3b64-8dd1-42f5c566d81b,4
071599e3-91bb-3820-8fb7-cccea87240d8,4
7908bae0-0138-317f-b062-90b2af9de660,4
22bcfb49-5379-3374-b6b2-11d885200841,4
31e07dee-8dc1-356c-bec3-40392e1769ad,4
003b8057-293c-3787-846e-42b72aa69f61,4
2dd1784e-4ece-3821-83fb-40ae56fd08fc,4
5913815a-8920-3575-ac53-9186e1b8f11e,4
18b91a7f-8f8c-3f08-a863-2f939666a416,4
ad95849b-2f80-3fe2-b1d6-327a96195539,4
2c335776-d32e-30d4-a170-036e3fb94ead,4
aaf3e20a-6c1a-3d70-8aed-1e833f55e0e3,4
9fc782f7-72e7-3f33-88ac-d318f57d670f,4
7122d638-cdcb-31f1-be9b-b1d88592e578,4
6bc9bc9a-2b77-3a8e-bf1b-9a4db1f84433,4
a6c475e5-450d-36ee-8757-9bda77e46137,4
3b058acd-b10c-3ae3-be2a-9dca2efe2ad7,4
18983a8d-8d1b-3ae9-9a0a-70eb1f6fa053,4
e6a545d2-c6d8-37c7-8de7-44ddff93c0d3,4
d0707292-a6c9-3e86-a2c2-f20ab06d6ab9,4
f0c35c2e-c82f-3b40-82a0-4ccefb6c53bf,4
e6d5cc3e-4912-3e03-9b14-684b60eefcfb,4
07b9c1ad-fc6d-3655-8e2d-28bb8d414afd,4
8b4529f8-acae-3cfd-84b4-d0c40000715c,4
9ed554cd-8cd0-3c95-9163-c0c2caf37cb8,4
8030e4f0-0153-3c62-b0fb-a2d915639a6c,4
86004181-1b66-31c5-a9f4-f36dfc58d450,4
0c649135-96e9-3e5d-8efc-eb999d33518d,4
372735dc-a0f3-373f-a9c0-43910b1e1154,4
950999ae-adac-374f-9345-3fcc948cf41e,4
0685bd7a-6907-3f93-8122-236fb7cc0c09,4
79521989-9448-328b-bd88-f905dbeb23be,4
027b3dc9-9e32-313c-bcd2-4ee6717dcf84,4
70898159-a35f-3759-80ac-ef43e569d6b3,4
f8b87b3a-e44f-3324-a247-c8b474f8952b,4
0b922985-b201-308e-8beb-05339ce910cd,4
e8c4129a-b97e-33e7-a22f-eeed53c5cbbe,4
dd99df24-a5f1-3088-969b-0030396e12a5,4
5be2a1cb-5c57-3254-963d-b58fe708222e,4
acf6779a-0681-3933-b52d-a3729d339b59,4
7a051b3d-6ed4-3662-9600-0308e0e6c8ff,4
b2dfd627-efb2-320b-b8bc-017044492f2d,4
e04bf982-6826-3502-b6f0-76270b1fc891,4
06a1e0bc-d280-3c28-89da-18ea78143ed5,4
e244f73b-14d5-3fa9-b97b-b057cca68898,4
721d89df-1861-3096-a32b-3c366b1c41b4,4
e94f3744-864a-34e2-acd7-20483de74c34,4
8eab20fb-063b-3bdf-83f4-36a6f31054b3,4
25d64db6-86e6-3d82-8a30-8972ee8aa547,4
5a7b5360-65d6-3cdf-8a26-d11c3ecce446,4
0f56763d-2d30-3575-bc23-0baf1afc885c,4
1235195d-2335-331f-837e-d43b26f8885a,4
10e14329-2032-3b9f-9e0d-f6e9f69d1360,4
7121811a-c329-3b7a-a747-fc357603c141,4
f73acdfb-0074-3ae9-9572-efb7e86afd4d,4
5a61c3da-622d-3091-a634-0df295ae071a,4
da73f9dc-a343-358f-b1d7-90f46c0b7636,4
d726bd23-9a6b-3760-b963-0b19eb44a149,4
3f505a84-5c52-30ca-bf06-9087300182d6,4
8fd29fad-04b3-3730-99c9-db42ec3ba2c1,4
c3709095-0afa-3745-a2f0-03b339ba1f28,4
9bffcf00-2477-3b99-b895-2a696ac9c2e9,4
aeab32e7-f1aa-36ed-8d10-8a63ddb6c100,4
03de5441-a29b-3b1e-ac96-2339c7893b4c,4
6c9f30ef-45cd-3dea-864d-034cfad24f29,4
b6f5c534-d599-35ad-9fc9-0856d3547ce0,4
d4f3aab0-9f66-31bb-8e6d-a10018f02b49,4
016b40d8-b7e8-33ab-a819-2b255125ecfa,4
7b8cf6b8-9b9d-324f-a904-82a130abc048,4
4638fb5a-61d1-3739-ad8e-549779bac213,4
11b8c824-0ac9-331f-bfbc-89e9a58e4cce,4
a2d83546-bfa7-3322-a858-8f37131335d8,4
dfeb8bc9-7fe7-35c1-8f83-e966e115cbf3,4
9a8b0efd-c5d2-33c0-b3f8-f7baecd2043c,4
0a318a23-f15c-39ab-8f95-b7b573c20b69,4
851a50a6-a3b7-3273-9bde-7f110a9d7eb0,4
3d8fe115-824c-3272-b0dc-2616b4d04498,4
d1639682-9ef9-3855-b1bf-bbbd54eb5175,4
4dd6d70a-a30e-312c-a5e9-f0d2b0c791ee,4
4b7c08da-3558-325d-b892-7005e3f1782e,4
1c1aa70e-235e-35a7-a512-da4f47e72d26,4
52470e06-dd2e-3344-ae9f-ff7dfa903d50,4
2ac968ae-3eed-3dec-b376-2d7fc43a4c72,4
12ee85f9-249d-3667-adba-38990601f76f,4
e94dfa26-d2ab-368c-9a32-c1ea4e14067f,4
a9aebfec-b0c0-3c5a-bc00-9768168f73eb,4
e8b9731c-7326-325c-a034-41be09a9c20e,4
f3c5f13c-de21-3148-a711-facf9e2e475c,4
54f3ff42-6af9-38b5-9d2c-bf17628a957a,4
0c8bd842-48e7-3536-9ffd-04c45db66cbb,4
236636f1-fb52-38a6-adc9-d086dc9d5093,4
c21c1cbc-d781-3e57-9df3-6d8da217d030,4
c7076f2f-8193-3da0-ae7e-ec61fc658580,4
71768282-e755-3cc2-9f9a-05dc06dc1dab,4
9da6647f-739e-3771-a317-8d929532d102,4
1778a37a-483b-3cfa-bc9d-77924b818a8e,4
03ad3404-9637-33a4-bde2-70de98aa12b2,4
ed7c128d-501d-3bc5-9a39-cf6f6fe5deea,4
1626e449-3dcf-3b09-bad0-b32eac732b88,4
a3fd0ddc-392e-3b3a-9f50-ea01de277a9d,4
0464fd43-4378-30f7-a620-437a41eb6c05,4
5e870e58-cf3b-33c3-b964-6b7f95698c97,4
e577b159-9f0e-383c-81ad-a327352579c5,4
21073426-fe24-36c6-9026-4d85d5103f60,4
3d5353d4-6a31-3213-affa-b1afbcc419b3,4
26d3846f-59b7-3fb2-81d0-5ef47c75ba7a,4
9e9d4f38-466b-362c-bbb3-463ae03c639d,4
ec1db54b-2024-3549-acc3-6d5a8994232a,4
0f67bd0d-824b-3cb1-9536-81fb4efaf38c,4
e73189db-ee21-3c6c-8b6f-e5820ba05404,4
96efe37e-54ad-3234-835f-d7ccc1c551ab,4
276bcd5c-0389-3f5f-a448-0f0d0ee533d7,4
3d15722e-2204-32af-8250-c51953613bd2,4
31cd1ee5-c879-3935-977b-7670f06960ec,4
071a1b11-97a3-3f4d-aff0-d6543ee06f49,4
69266989-1615-3553-af5f-abd9909a6649,4
9216b67b-a413-3b23-8396-873539d932f0,4
7cda63e9-0569-3b48-9d50-2810e3ade459,4
b633efd5-31db-32b2-bb04-db33a26538df,4
76e56168-cda1-36f7-85df-d253de228c78,4
26f5ae7d-449c-3a75-91a5-25c8844cc405,4
2f201466-1399-3159-bab2-23da78e0c2a8,4
9ea79fe8-15c1-3519-8897-593236613ab7,4
75b3db63-fe06-342c-b8ca-2eeb7b442e9f,4
bb83a95b-fae9-3272-8a0e-179e099ca191,4
1bc51193-5081-3153-80ad-1bd20eb2ddb1,4
73db6191-f07b-3aab-b8ed-f2a86899af10,4
9786533a-b19f-3d7d-935c-d1e0e58f992a,4
0861355b-161d-3f0b-a48c-9a3c4d4788b1,4
8222958d-cd62-392e-a576-dba86df2df89,4
675e75ce-bca8-323e-b5d9-e1d8c4594885,4
8540b5bd-be6c-3181-8819-06f85fd05f85,4
17cd4805-7b12-3ce3-b880-061d7d323643,4
c16b76a7-e292-3ae1-96e9-96fd9966af68,4
b0d42655-11c2-3cb2-a6ad-b62f96523b23,4
4faaba3b-8b3a-397b-a085-224768b1cc5f,4
b8d90bad-a883-34e7-b42c-14f4285d9431,4
d23c57bf-30fe-35c5-8021-00fa0548872a,4
433b4c29-1fca-36df-ae78-7c82aba0efac,4
da54ad5a-bddc-3688-9b13-69fe3dcf254d,4
dca3d00c-7794-3f8a-8d65-fd82e507c228,4
5edf0bfe-7f3c-3c1c-9f20-c682353be496,4
477c345c-fd84-3fa6-8132-94ca0bffb12e,4
7889b500-76ee-3bec-9a48-69f9d1cfd159,4
7422eebd-2b75-31c1-8342-ed66136805ee,4
3d7de99a-26ce-3954-91f0-13f4995bd697,4
58e17728-9011-3c50-92ee-a68951312eb2,4
31387918-4cae-34b7-b586-15978f5839e8,4
2ea5ca4f-49aa-3652-a21b-a349819eb1c4,4
67a719cb-e9fb-3842-aa2e-dddbd3909e58,4
c820df09-9701-3908-8285-3248a0d132a8,4
344fc6bb-a889-3b84-8017-1f5af5d84d16,4
0ef42b4c-8183-3d41-b803-bca1c35a4063,4
23b0a600-7b1c-309d-8867-94fa09ea4ba1,4
9a96ee53-1d60-3fd9-8c93-2272e7926088,4
81554e14-f8a2-3dd4-a8eb-94b48aea74a9,4
35787618-9cf9-3204-b05a-71ac0df8af72,4
22b9d524-7609-3cf0-ae50-3a0a7e72dcdc,4
80837c17-f30e-37df-a1c2-bbbd73e64769,4
4baf1eee-ff99-3fb2-9eeb-a650c3085d2a,4
463a06f3-fb7c-3b68-9921-ba93c377fb79,4
15506c7c-c53f-3098-9ad2-b9a509692a94,4
0b0451e2-a6a0-39f6-b773-95e320dfbcad,4
807e9a00-f370-3696-9aff-61b91419bb6f,4
8b4594d9-4c67-3916-876e-9883e37b1c06,4
5826a743-0f20-3d28-b96c-d8c3bda07797,4
5745175c-260b-36a4-8f08-e0fa0937887e,4
dd217a48-51d2-3851-83ed-465f89185d1b,4
cda33022-b4d3-37a8-a563-4d1644b1dd5b,4
c770f10f-c48d-3074-8382-bd86366e0d4b,4
9b0234e7-92b3-3ad7-8d5e-ff1ed757baba,4
182cb691-8b69-3268-b1d9-d348a779c374,4
a7c66099-4c47-3ced-8915-24a71c543fd5,4
716ae501-057e-3272-a395-4ef9e7c81738,4
47fed8dd-3de5-3fbd-9904-8ffb44841ed0,4
87385cf2-b589-3723-8f6c-82dedc83991b,4
60858731-0957-36f4-8c5d-074bae264464,4
a23c1239-4a01-30e5-adf7-60bd7cad62eb,4
1bd7a463-7736-3bc3-81d1-773a9c3296ef,4
80faa3ba-c70d-3a9b-a952-826efd17b809,4
16858aac-ffef-3c89-9dab-6787f7a39ea7,4
766745af-1f46-3a3d-885d-447ae5f5dd83,4
f1b33659-288d-3cb5-a426-2f2be845e842,4
ae28154d-210e-33c9-bc39-3027a44b3ea8,4
f8b87d3f-de49-3207-879c-ba6ea2aebda1,4
cfa35b78-14de-3a70-8102-648d715422db,4
b078995c-72e3-3672-bb3a-56e821204ff9,4
c09cf89b-4786-3d1f-ba3d-3374c82ca0bd,4
c7dc52fa-7bbe-3f68-85d7-f4ac6a946513,4
6a6edcab-523e-31da-a550-726383c79d3a,4
dcde9094-b93b-3f8e-b07a-00eb0a8315fe,4
a5f4835e-c752-308c-b36d-ae985e796a9a,4
95336613-8620-3340-bf13-b3bd373706d7,4
bde9a924-6e89-3dad-853d-9c02bc6efe4d,4
4b21255c-ac08-3a36-94ea-b74a4bd3f649,4
b55e5ce6-c78a-34e9-8b09-562cdc661a9d,4
ce44f7bc-1f6d-3ba7-b981-13d83a76a4fc,4
e4a1bf7f-1647-342b-92b6-855dc6feff31,4
b42691cd-2a3c-3e1b-a094-5703e1ab13a5,4
0da65b6d-d29a-3361-ae0a-d2327d91b74d,4
68ccb8be-92e7-3bee-8a42-da7a622e3174,4
c3ef72b6-ea1b-303b-9107-376f006f8848,4
15aaf63f-f495-338e-8440-64944e9157f9,4
b5884908-0571-360b-925a-a258333a6c2d,4
bb90c211-90d4-3091-96e3-f0e32d37b937,4
d5b59459-7a56-367c-b514-3cce25ae4467,4
0091de59-3df7-3335-82dc-b5954b9e26e1,4
58c2a96f-d307-3104-bf09-df11aaee54c6,4
a1df12c2-7afa-3505-ac74-b71358ff3444,4
7e31dcbe-dd8d-3c58-add6-8bca3f5f3152,4
d392fc8e-741c-3882-afce-0e4a08f1e077,4
e1fa5884-5699-37ad-8278-c41258717e2b,4
243e0cef-70a5-39f2-abcf-c1df108bb76c,4
7e57d992-56f1-33fb-81f6-5581fbee8fc2,4
15625ab7-2537-3ed0-8841-5efa1f6affbc,4
159e4e02-cda0-3f70-aea6-0d48b8468690,4
8bc01251-2b26-320e-8db8-1eb853541d4a,4
f14ee250-243f-3acc-ac93-be662fb702bc,4
4561bbd0-8b3c-32ef-a77b-a1e2f3c17ac0,4
3edf0df8-0cef-35b9-b51b-0c36bde1bf3f,4
2e084279-6248-3221-b9af-08cb813b429c,4
7c99c234-c5af-3bf6-9736-c8d982d8beac,4
cf4cfca6-c42f-39e9-89cc-d148711727a8,4
e11da0d9-b4fb-3dd8-8d25-8f5bc47e61a0,4
051ad3ad-dc1b-3a1b-b3e2-ca43161ab921,4
cf55abff-2ec7-3fa3-9a5b-bd77e36686c4,4
54e22701-13e2-3591-8781-4e48b394bd21,4
ab5d87a8-c7bb-35d5-8052-76906eaa5463,4
e2166608-cac4-31f5-a642-94180746e197,4
918002b6-941f-3ea7-87ac-49d30abed9e5,4
f03b5b11-204e-3900-a1af-8d6a27d1336e,4
ea7d4298-69b9-38da-bf1d-8a9075bb0e53,4
20b6a9e4-baed-3119-a67b-02c6220ba5e0,4
df9f4af4-ef1c-3faf-961a-6cab6f2002f5,4
caa19c3e-32a3-3ded-96c5-4cb23946bbae,4
bc36ab07-830a-3694-8485-7cfbb6574663,4
89a261d0-2220-331b-8f9b-7d42dcb5a477,4
cb1d1098-5b83-357c-be9e-113ee0f6c35d,4
cf89a384-1e60-3c9d-a2f4-bf4ee861950c,4
e6be99d5-9d8b-3624-966e-90ce5183fed4,4
cdd52d27-f70c-3dc3-8bf6-1d08b46c7f16,4
8bd1f6c8-856f-34d3-94ac-1dc07e5cb98a,4
fe0d8273-407e-3059-92b9-f05b1d5e842d,4
35ddce3c-78a5-300a-a094-1a4c31cad1c5,4
394dc31a-4317-33cd-8781-73475faef4ad,4
ec5ef90f-e654-379d-87dc-d4094c4e0571,4
e3317351-f67b-3e5e-81a5-98f4b24c2e97,4
c0bc1b6b-337e-39b4-bfae-8f5a62457cc9,4
ab57e55d-399f-35cb-b011-9a09da424c13,4
764ebe61-06e7-369a-a367-cff431f98e9c,4
5d982552-edda-38ba-9d40-000f4ec884f9,4
518dd023-0edb-3adc-bb1d-1fd63a7d6ee8,4
4e3f3554-be70-3397-a685-b6ca24f0db18,4
5edb17d6-7272-388d-92ad-dc6be212e8c6,4
40fe0720-baeb-3ba4-a688-d628df9843b9,4
7da4a5a3-c121-38a6-b480-588011f0b895,4
c353b658-c82b-340d-a7b7-7140f5a606d4,4
035510a9-cc3a-3342-84d5-46a95b01c1ea,4
8e6f3733-e91e-303c-a891-eac7b8c9b4cc,4
43e8cbc9-3616-3aaa-8e97-c0962898181d,4
b522635d-6a9e-37cc-9603-64ff5f6120ea,4
a0e690a3-945b-3328-979c-60739430f2a1,4
41630599-b016-340e-b2f1-b6a887b8faa4,4
867143d2-81d0-327d-b7a4-e5045a5e2100,4
3a77548f-595b-3fcb-856f-3b4b0b22b6e9,4
017bed3a-6fa2-3a43-a7bc-31e701a9d18c,4
1599fcc7-f598-390d-992d-8a789edf0efd,4
ac523418-2755-3805-bf7d-21d35a2ea97d,4
001bd7dd-c0aa-325c-8445-e4bae1b86399,4
315bfa3b-a6bc-3d11-b373-b7b784053023,4
dd2b795c-7e9a-30cb-a1ba-52af136b0f5e,4
8ef3c15b-abf7-3873-a6b5-902b284f224c,4
ccc1ee30-606a-3f36-90e3-ac478892ec06,4
88c9c347-1078-3da1-a294-7002490aed05,4
8f4ced29-faa1-30db-bd68-4635c890d790,4
23b1ddbb-4ef1-30ce-96e0-20819eb8beae,4
8099d9ed-99e0-35bb-b264-e6f6ef573b4c,4
75dbc665-47bf-3e43-9a33-e26118114335,4
7026fc7d-b760-3c89-9ff6-8baa15ee116e,4
2c98c930-59ff-3807-9eef-8a6846b7d355,4
79a27c82-d4c8-34b7-84af-964bbb3dcef8,4
89e76a7a-50de-3696-96a3-d4215682ce71,4
317640a7-aa30-3a80-a1dc-f7fd058345a2,4
c9410c92-6468-3d47-a70e-964e7c935cdb,4
19020ff1-f7a6-324d-9efb-da0a1d3a7da8,4
5ff4837a-d38b-3162-9e43-df4b4a79a26d,4
902785c8-596d-3e93-bd6e-94d86ee9156d,4
f6ffa4a3-5673-384d-afa2-eaca080ac7f4,4
6a04a9ad-2b97-3f3e-ac6c-e1512620fd85,4
f738a043-eaed-3dfc-989d-a4e086d0e421,4
9bd61ff0-702b-3077-aa1e-f74f5cffc7ea,4
9f75de3e-6f74-3afb-8fd7-4576f0ba0fb2,4
7dfbe206-2ae8-3a8a-90b0-ebf1b98fc4c2,4
40e1e621-064f-3d2d-a94e-2f3720482fbc,4
034ad71d-bda8-37a5-a5bb-7f90bebd2791,4
db63e651-8ab3-336c-84f9-9d5e5956afcc,4
2f7dc094-3d76-3942-9a4e-d3ed87d063cf,4
d8cf28e7-87cf-3aed-bdfe-ec603f63ac4a,4
a9eea072-e213-3857-b8ea-e4475616c8f6,4
44900d72-a808-35eb-9ad8-823ead425754,4
64defeb0-18ac-3e95-bfe8-5e0057e8ed24,4
0da02a8e-fdca-31de-a7f3-042090fc9031,4
6901e045-7709-308b-8769-042f5a4172a6,4
c0ad4b04-14b5-3d39-9c3f-9c48f9cb63ad,4
733695b4-860e-34ac-9465-1ca990fbb791,4
ed22a896-b2df-32c6-92e0-f48e1f69df3f,4
ebab29f9-ac11-3df9-9208-59ca68af7266,4
4819bb0b-6f43-33e4-9317-7d6d93040d56,4
57bfcb2a-e1eb-3c91-8615-c217d66705a9,4
5d0a5c06-363d-32de-adae-d7145f1defcf,4
273df601-0ccb-3f67-b46c-1819f1112430,4
f554ba19-26e1-3c35-9c62-9c7d1254b540,4
19894691-a76c-3d3e-b353-0276fabf1176,4
2ed99e3e-e625-3251-9ec6-0850837f3b9b,4
9627d855-66db-3370-8e55-9a6bb2e628da,4
d035befb-3bb6-39dd-b1c4-baa1d867fa74,4
2d8f0ec7-f83f-3696-b53e-a8d2ecb72259,4
c9e134be-585d-3d6b-8c83-0f68f5967bc0,4
716c83cb-a54a-3205-9580-f51c8508637e,4
edf8affd-4618-3c02-beed-712e686a525d,4
3b11a7dc-5e74-3477-8a47-153ae31566f4,4
9f27194b-e4c4-334f-a644-1af5aa7f2a0d,4
a8ac4575-7ee5-327f-9b2b-8b77d3e0642e,4
2161178b-eb9d-3cf8-83e2-350cd14d8e93,4
bf875e9d-42b7-381d-b8e2-bbf16408b156,4
a7d2019a-161c-39f5-b57d-6dc373c48306,4
6046702a-d626-35b3-a775-8588a0a7716d,4
1a6e4de8-71e4-3d45-9b5e-f492cb3f6c11,4
fe173906-b541-3d1b-b5ff-e5cc38b733cc,4
105aeaf7-4cb4-3242-915b-33fdc1f3c4fb,4
6473cda2-9c07-3b98-84bf-59f8c03cb981,4
96e31fe7-e8b5-30eb-93e0-8bb58a9642c0,4
6f518d7d-ff43-340e-87fe-688ae596a8e2,4
b959fb67-9710-3017-a23f-bd71bc47d3b0,4
05183eee-2719-3818-8dd7-b61939ff6b9c,4
dcb07346-8dc0-3086-b988-3706e816bed0,4
069ac338-28ce-398d-913a-a3e8a4d3141a,4
1aaa4a3e-292a-3cc2-95e5-b848dee70217,4
9c7d273c-a722-39c5-8a0b-b9c2ea2c6502,4
a94b5f47-6c69-3e4a-b103-68c4b6e6d2c7,4
1e728e41-e326-3d51-9fab-c153d12b01d2,4
3b261cac-b266-3282-a8ca-956faf072cd6,4
febf077d-676e-36e2-b5dc-caab7bf527ff,4
318c1b17-4f85-31ed-974a-c68ba117783a,4
226e21be-ea5c-3b24-a84a-ae62893008a1,4
ce44991a-5ebb-3b7f-96d8-c909af37fc5c,4
cbd4cc88-eba0-37f6-a734-3b3d9e857f97,4
f1e2808e-f452-38b1-a577-92c43a23e0ff,4
bd234b1d-7469-311d-ab9b-b05e99ece261,4
326ff539-9c9c-35ce-bb87-ee5b8f11cb43,4
f42e0aa5-a990-31d6-b10b-c25c465df4d7,4
dc66f89d-9f56-3426-8cb2-f169b83f4e25,4
b1b4b916-e9c3-3995-8cd7-2c8646978e1f,4
564e67ab-8102-3b05-b1e7-e8001b644ccb,4
9d30dade-4c9d-325d-b683-871d0a605e47,4
e5f2507f-4f65-3042-a6d5-3e9cbe96069a,4
0c3492ff-18fb-3458-864e-4a93ff61e637,4
6b3fe7cc-8262-3652-b852-f89c4ec8cfb4,4
93897b8b-282b-3a60-9d91-cebe141c91fe,4
787eb9f5-c56e-309b-96eb-a2b21c768341,4
d5ab7231-cd0b-3e7c-af4a-ee1841b6ae54,4
9cd08328-0401-31af-8ae1-2dd1adaf9fca,4
45e155c5-3c6e-335f-8918-4fc40f8d61e2,4
3c70c9d6-3f9a-30d1-97bf-80ac4eb59e6f,4
9aa16e63-25cb-34fd-81fd-a844239dbedd,4
eb8ad3b2-51d8-3b17-960e-b8fbeeb10b6c,4
6bfd5bae-f749-3c28-884f-11ef599dfc78,4
80708dc8-e0ba-3a63-8817-ef7cf15fd59c,4
744c51b3-6ff3-3e19-b96e-72fb35ba1d36,4
042d7d47-e284-37dc-90b0-0fcc90a851c0,4
0fe46fb7-0328-3a92-84ad-503a32754a6e,4
3ef9dfd2-7325-3ec6-b492-8c8f28b0a1eb,4
35a012b7-800d-38c8-a7a0-243da3b2bdd0,4
408efc00-1095-35e5-a383-dd141ee99b70,4
44fe68d7-3a68-3f68-8b24-2d20dc4dd676,4
09512f5d-02b8-3a64-9817-a2b0c1061e59,4
5a3c6945-cecc-34a7-8dd7-e44d82d73e2e,4
b1b31717-bbd2-339a-ae7a-1d93407349bc,4
19542c0b-f01e-33ff-bc35-8e36c1d35b0b,4
120925c4-98b9-3c0e-baa9-4555e40f381c,4
5396bef0-372b-30dd-b418-2a43a33a9880,4
4a185523-3bc4-38ac-ab48-f96cbeaaa885,4
58e57ec6-e3d9-3524-9a13-aca5028aa955,4
b6b2b9e6-27da-3886-ab3b-cf27f7984521,4
6437cff6-68c9-35ff-bc90-52c3ffa537aa,4
9a05877d-5e65-3fb0-8974-cb6f2ee4e9b0,4
1c77bd80-1344-325f-9076-cb4090930a28,4
4e1cf58d-2d3a-3ac6-ac94-901ceeb81052,4
0bf4bd9f-90c7-3cc7-8b29-38dc4d454025,4
e5aa7df1-5577-33b7-99b6-d51cd3c9a1d9,4
e697b22a-3703-38ab-8a80-af2955f7ea13,4
1147949e-6ea2-35d9-8faa-39526e3b9341,4
b7a533da-abe6-31f7-b03a-63fe5f4f6956,4
1195a363-2215-330e-a873-02bd931eea39,4
801a8ce0-164c-3460-90f0-e5eb69c92943,4
a787b9b2-b51f-35c2-b6da-201f0738921d,4
61838944-c8fa-3c79-9df5-2bb4434e00c8,4
86d87ea2-7215-3b54-b05d-b6646cda9cab,4
f04397bb-a31a-3bdf-9959-c9c572f76293,4
968c87a9-99b9-35e8-8e2a-2759a8ca1e57,4
39c834d1-4f3d-38cc-ba80-bf33d1433360,4
b9fc7ac3-83ed-37a4-a8b2-97b4d394cf93,4
f17e4c67-0bb8-3cd3-82b8-e2d385f98953,4
7323f902-620e-3fcc-b158-488defcabb4d,4
3437343a-590d-3b49-a7f0-d16cefd98ffa,4
1c5f9a1e-6cef-3e24-88c3-75887d8fe99c,4
ddb1ebae-4de0-39f9-8a71-a8320a310b6f,4
df8f4c30-d101-3f02-99a2-b3801055000c,4
afed0fcf-49b1-363f-945b-380af5b699d0,4
82176a47-7c8e-3ae0-b84a-b1b320315a52,4
afcc8701-79be-3b5e-b074-7d2a8230647a,4
a3cf2bb3-7974-306a-8e6e-697063b8e7cf,4
c33f753c-d9af-39c2-8892-131d0260c180,4
d7e3bd04-daaf-3117-871d-073ceff27769,4
d94b8834-6f03-3681-b664-c1d5a3bf01d2,4
bcf57a12-121c-3dbf-ae2b-fdff34f191a9,4
6fa98cd3-8df4-3f6e-a5a2-d8d1a9bdd8f4,4
d76e2408-e7e6-3c79-a32e-fb884adacea0,4
2f265c2c-a7fc-3ec0-8e98-e07e80e604a8,4
d349f75c-67a7-3541-9bc5-09194724147b,4
2709ce0b-9690-3d43-996c-848204d8d614,4
b847cf9b-a452-3573-a594-4f55d88adc8e,4
4fd7265b-206e-3e16-9188-82ee60cc8d82,4
ec917b62-c295-3c2f-85da-435434ba0ba5,4
f48bb67f-7f02-34f0-a330-c641deef9e5c,4
b0785ac7-fcd1-3d8d-b477-f7f1ddb042d5,4
5881ead2-262a-3857-9967-5929d0195ada,4
2a676393-1b28-33a8-92d3-27cb506cacba,4
0d3ab54b-b8c7-3fc1-bbb1-75495368847b,4
29acca80-3168-3453-a953-bee6319d6960,4
45b224e0-2007-369f-b4e4-632f1b74e0b8,4
47465f68-4c5c-3f00-8642-16fa63eda889,4
94b5eef6-ed12-3ee0-aa9b-116af91778d6,4
d7c8e6db-3ba8-349c-b97d-73828643b39c,4
f341f5e4-1e3b-3330-8b6e-5852f64d0aff,4
0e628a4e-732a-3e5a-a7d5-010a2b1b4e79,4
22b5e2bc-cb2c-3490-b5be-761156f7e3d1,4
b40142ee-3409-3e53-80c2-79ec246cda97,4
5b68352d-aa92-367e-850f-e14ee08cb1ae,4
10772354-b08e-3ae9-94e0-b627f8a234b9,4
465f394d-cc76-3343-96d0-44887500544f,4
49e73de1-2ab3-39b7-aefc-22a614a4801e,4
a4d5fa7f-9958-3153-9f60-f013e3daad2b,4
103341e5-9c4e-3b71-96fe-85a9f3e6fd04,4
106e25e9-31f9-3b8b-8b64-15c3a84bce5f,4
4c3288ee-3637-364a-aae1-5b0d85032f29,4
c0390a18-c697-39e3-b99c-a47f49729534,4
cbf17314-f473-3b01-871e-74f8a67886f3,4
75f2c66c-87ec-3412-8609-8b99c5be4640,4
98712cda-702e-3bdd-ae0d-d8ab13ce52e4,4
7d3c57e0-967d-365c-a034-8f204510ac5b,4
68ccfbfa-5d31-32db-ae8e-507981d891da,4
7f697dcc-b7ce-3b6b-9f97-7b095488b7d8,4
3607a588-241a-3b35-be7b-cfd201b62870,4
5686b296-78fb-3c67-9792-2a172b036e81,4
f1e08b31-1b67-3717-a1a8-a5926d01ab46,4
7a93e1c8-f441-3e4e-8af8-ba396ae02061,4
abc45657-e00d-3f44-8c09-2d890964dbbd,4
9329afa8-274c-3709-b078-ed7ec4dd1981,4
eff61d18-2b6e-3fa0-b522-8399d36dd2a2,4
d44c049a-2625-3a2c-ac91-1c6d7beeb3b9,4
9b8e5792-aabb-3efb-b21a-ff582f2e2321,4
b0cc3703-8bfe-3d03-bb4a-7778747e94ef,4
134a51ca-ca7c-3025-a62e-6ebc468d37a3,4
4f43b0c9-2b34-34b7-aa99-ae557fa6dd0d,4
a0fd76d7-0cfb-3756-ab47-df0a74c2bc49,4
2ea2f459-a999-303f-a880-b316ea940cf2,4
56eeae2c-7b6f-307f-b521-db029fc70a26,4
0689ed7b-adb7-3fe2-a206-a28dab6c1d04,4
f37b4b96-7751-3ce4-a590-3744e47fe0ec,4
eff5a459-032a-3cfe-b609-27a9bff15222,4
b179a606-0f25-33fe-a326-c1dacc8f51a1,4
81c29dd1-c1c2-38dc-a5eb-3719c16cd761,4
4e0ed386-7b8d-35df-ba22-68aceb91dfe7,4
01da135e-7eff-3337-814f-4609ed56a2dc,4
27f19910-6a9f-39d3-9ffa-d41d632626c9,4
07fc6841-47e5-3205-84ce-6832c08fc63a,4
dfc8a021-d648-31c0-b66e-1f5981351532,4
c15fd5e8-7df9-3287-8edb-5497f31cd910,4
1b95080c-598c-3396-98c2-c09590c5e25d,4
dc139030-fe2a-32f5-b063-474581ef74bc,4
547cb4bb-1236-3bfc-aa62-9a806a9273e5,4
88229324-2781-3c14-9055-b7bc974e69c3,4
018d04c7-e180-351a-849d-f9b10f4d6c18,4
b41a2426-3043-33a0-a226-0639b4e7be89,4
3809cb05-a22a-3385-86d8-2823376beca0,4
cb4468ad-6909-3393-a5d1-3670ebf5369e,4
8bf86d0f-6d87-3afb-a252-1cc06dd55d90,4
c9645aef-8589-3501-856a-8bcbb2733a63,4
00dad5ad-ce44-3f54-9845-c805b661e8b2,4
84d2c27a-f9a6-3a81-8aea-b4746877bc17,4
908f059c-edac-3c99-947b-64efad0e5580,4
338b521f-edb2-3110-b070-60eeb5a1ee69,4
808bd246-2e14-3654-bb41-f2184b0cbbf6,4
4c669165-2a0a-3cf9-979a-457158d37333,4
2349d18b-0c24-3bea-b0a9-54dfa31c74ee,4
8cf1e1b4-8a2b-35eb-84f3-6d6d6fb6968b,4
4f564cf5-a521-3e99-b2da-dc6fc239edfd,4
63d1e1ce-ff0b-3837-9fe2-1f15ff9b4ec3,4
13b04f35-4ee6-315a-b9b8-f2c2d545c600,4
8d18f20f-ce05-3ce8-881e-b44fe28cb8c6,4
29aafea4-290a-353b-8f29-ed021d69d86e,4
7a45ab08-7ad0-3a1d-9c75-a9e3cb1afae7,4
d6c3a659-f51c-3945-a744-8172ce60759d,4
aedaac21-5d19-397b-9893-6bb7b64ca064,4
b65129e5-9806-33d5-a31d-96c5d0bb277b,4
be7e215f-1710-3c47-b592-20d8f2b2800d,4
0475cd4e-c9c9-3c27-819d-913b62365f90,4
d7ad27aa-822c-3f95-8f00-ce2fbacf7d02,4
f3786eef-d080-3996-946c-8a6c96853112,4
e727a792-1724-308b-af94-6830fa039fdb,4
22721ed6-9777-3761-bfd5-e42242b5de35,4
c928036f-255b-310f-a1a1-be3b1241cb3b,4
5c131dda-b6d3-3064-ae9a-33bcd6dd136c,4
cf093041-75e9-37f3-a160-018d624b3e60,4
e02bd3af-7b06-3751-bb60-9c9fb673d375,4
48eeb29c-6d2e-3cf7-b4b2-a74200ec7d78,4
30243078-855a-397b-9361-5383bf8ea788,4
d9b2218f-20c8-32ae-b83b-c754f5dc0483,4
de284f44-9a3f-3bab-847e-0ae6c9cf546d,4
a733e9ab-6198-3612-8083-b13402ebedd3,4
8e2e8bc8-df8b-3912-a7e6-b3a022170277,4
e5871689-f565-3e11-827d-3bd556d4ad51,4
0217313f-7700-33b7-a1a7-0280e65a0700,4
78db8952-990a-3cb3-b53f-2731eb7bcdb3,4
df0e9009-acdf-3569-8d6c-45e576e5f7cf,4
6a798fc4-84a8-37e5-9729-aeab5328a62a,4
d7ccb713-c7f0-31a9-a463-69cda1652e6c,4
a6dd91ed-7145-3eef-b96c-0660067e46d5,4
159c6b10-8f78-3237-9147-d9a3251d6a8b,4
6ae1a6fb-8f80-3df8-98ca-a82581471ffc,4
62d9ecbb-12d0-3031-82f0-971d4891a12c,4
9a0d9cee-ac73-3b9f-9712-c634046f3527,4
c629c09b-96ac-300b-9923-f3df84c44e94,4
f50fa522-3c39-300f-9b22-7e1cdb426e38,4
f63a722b-8eb8-3091-8316-3854ceacb25b,4
fe0cbf9c-9728-3f58-9f3d-965ca02eaff6,4
d4b1a147-42fc-3ea5-b361-588f6c0db1f6,4
3f4f7c3c-ba8d-35d9-92db-3ced58159ae6,4
4ae8d63a-aedf-3f41-9758-70d544115997,4
236d1519-9b96-3203-8943-4b3e3558ad4c,4
4ce5b5eb-1284-3d8f-882f-486bc59031e2,4
d4b953ca-c11e-32ac-8429-d62795e79812,4
55896e41-5da0-35b2-91c6-ff3ae99471f9,4
9111de44-814c-3a58-af4c-229180cdf53e,4
9d0c434f-c009-3880-ad7c-bbc2fe3e2c45,4
e0933675-4d4f-3569-a6cd-85c31d6de4a9,4
d267fa81-cb02-3df8-a7ff-6641a560e7c4,4
c70ee3bc-cb77-371e-a91f-039efaeb35da,4
4d48298f-e043-3cda-acca-15e9be91a2f8,4
43dd7410-13da-35bd-b61e-a4eafdd57122,4
4c9b1ac4-d43d-3c84-85a4-3748a6870855,4
7828aa2c-84f6-3b39-bd9a-75d6a830509f,4
eb0e1aad-6c21-31b9-9a74-0cf62fded838,4
cc04cf98-96b3-3f6b-b22b-9ab749237c78,4
47ac0011-cc05-3a61-81fb-f44e0f88bd9b,4
5727f7c5-ed2e-3f0d-82cb-85927a71ada0,4
4dce494e-86b8-3196-a67c-e93909e6e060,4
05ea2707-b801-32b2-99c1-523e74d03aeb,4
1af017d9-df53-3975-b5d8-f29de1ff524c,4
da5cc1ab-57d4-3045-a146-c7b8ce4bc07f,4
5c8bc046-704b-35ab-b7e9-c591e077ea74,4
2572c0a5-292b-3936-90c8-ee45c9e467de,4
2953d534-3014-340d-b9c1-64a6bf5207fb,4
34659fc0-19fc-346b-a3d5-9250cb7187ea,4
e8d1b128-cd12-3eb6-b246-4702c8743ee2,4
1dc4c5b6-1a51-3379-aedb-95c55edd143a,4
05722d6c-d413-3bbc-b6fa-a99ff0ee4340,4
fb6cfee1-70b8-3242-9f19-8ca7caddffef,4
2c70bc7c-a7d8-333e-bb3d-4cf71b159ea0,4
f0ed5db9-0fef-3d7e-afe1-e26ea320e403,4
d1c12bae-0476-39bd-9669-03c8eb1c23de,4
e31c87ab-89ef-38eb-a8b4-fdf8d83f8ed1,4
e07d43b2-8048-3c9e-aa42-f718638defa9,4
65b4089d-c805-3d5e-83c7-413c026cc9ed,4
5121608b-5ea1-3ba2-9791-04ac121b8332,4
00b77aeb-3cf6-3b7f-965b-cc0d2958e45f,4
a50299ed-7242-33ef-9fc9-1af54b27eca7,4
22cdf4ee-771d-36b7-a373-71ca610d6475,4
03c24ade-512f-381c-b719-d4b8e473ae94,4
89075eb9-50d2-3ee1-bd27-559da2e73d05,4
6fc467ab-1983-3747-8557-a3e0af245e4d,4
146920ed-b4b8-3d54-8f0f-767f7fa18c56,4
d26845d8-8725-3221-8853-1f92cbccc80b,4
854d2a1f-e321-3eaa-8f9e-ec27b594c807,4
82681fc3-b4c4-3ea7-b043-7612f8c1b1f6,4
d38270aa-0675-37a5-8edb-37fbd7f7e90d,4
623730fc-1eba-3c50-82e3-4e491ceb635e,4
78aef731-449d-3cb2-9df4-69b24ae130ce,4
d8039b2e-083f-3732-a9c6-0b93ae875c35,4
3186c2b6-da04-3d73-98be-06ff84f79049,4
5c831b32-ff0d-3d67-8e5e-a4f3cde36ed9,4
413ef183-43e4-3909-904c-0b22447caa60,4
8c3bf5cb-ce9e-3d06-88a0-0967263fbc9e,4
f22fa6ac-2cf5-3da0-ad61-8f297f801106,4
11ef775f-4b25-3ee4-8376-8095a3b7c7b5,4
f1a3a5f5-c132-35bd-b62f-330a6f6d52b2,4
7be6fd8f-0f56-3fba-88a2-58a147b6a42e,4
cbbfb516-91a2-3687-9aad-96031057ef9f,4
67886537-6a3f-381a-abbf-d9d7d61a90a4,4
f5b6b357-b919-3cfd-b0ec-cd72467b75b0,4
2fd23680-2016-3056-97eb-f05391d6856d,4
4c17bf41-b6cb-3d3d-8724-d7c6dd9ecae2,4
a2a9e3e2-e0a4-351f-90b7-f6f4908d4205,4
dcdf70d8-9178-3b88-a841-191f891f9883,4
af4372a4-1840-3597-8c5a-b2b084d470e9,4
416d7b82-92b5-307d-ab23-181b039567b5,4
7e76cf41-6e45-3585-9899-e94ee90f54d2,4
724b310e-e393-32e5-be4b-973a62d980c4,4
3e057693-79e3-351e-a325-606a76771b65,4
33b74d55-80cb-3374-a860-f9aae6cdbefa,4
1dc907e2-6208-33f3-a000-d2b7f0907500,4
3366c132-9c3d-376a-92d2-039c074df593,4
247065b8-7a1d-3bed-87e3-4ded3beeb0a1,4
54d1d384-0ddf-3f3e-901b-456b6d0a74c7,4
e250bbeb-9a3b-3d2d-8649-453731acc6ac,4
f4154d4d-cc9b-35e1-82ad-cae7bea2559c,4
b0beadde-12b4-3068-a129-1595576264bd,4
207f6dc6-5d3a-355c-a515-62799a4c0f81,4
89948dde-0299-362c-8637-794f6de10fc1,4
658b2148-5686-3257-bcb9-dc1042dd355b,4
226ad195-0819-3c9c-876c-bc57d6dd73ae,4
cacfc461-f454-3bd7-8a17-48d455da2aa1,4
328d3e4e-3ff6-3850-868f-589054038f73,4
b73a1ba6-d8f2-33b6-9070-e04f96fb8843,4
b4af8787-6a56-377c-99cf-81d8317b3df7,4
4716f316-ec74-396c-b3c5-c1322c81571e,4
97737bf5-a10e-348e-ae63-f5e9aa37a549,4
2408a135-f81a-36c0-bc79-9ad86499e2d1,4
93c70d5a-b2f6-3486-8c04-a12b7227e7ec,4
06acef78-3eb1-359a-9efd-8aea1ade3197,4
14ce85a7-3d67-3177-8dad-b6895f49f569,4
e24aeb91-a51c-35f0-b4b7-003750307852,4
f55574fe-06f4-3bf4-9cb2-8a9a82a86061,4
567124a2-548e-37fe-80ca-1cfdb49345b7,4
1b86de0d-b504-3667-a193-20edbc445468,4
109473a3-b2c3-384e-a6d1-f4996eb4051a,4
cea5fc1f-3e8f-34bd-ad1d-cf054912dd5c,4
6cf2914a-c818-3141-90b3-3cb5f3c1f358,4
7fd8ffde-891c-39a3-b7be-855835fe2993,4
8c2b3cb6-1063-3138-b99d-c16c20aaa442,4
b1271749-0829-315b-910b-7e2a01302149,4
4c1c5631-d5a6-34c4-b605-d2fb978e9639,4
532e9d1a-0525-3988-8363-87e90987c9d5,4
ccda9837-40ea-3437-9423-65595441b66d,4
09d2562c-ac75-3fb4-a21f-ce22c7ef4284,4
4f6b043a-9598-3bc0-9769-fb9348bc64d4,4
ddddf97c-7622-3f7a-80d5-3105af31173f,4
f5446b6c-8934-3c70-b692-b2a8ad02fcee,4
c7e23548-f613-3fcf-8493-17edc6b3df84,4
4160d4cb-3253-3d83-8294-fb8ea530a42e,4
1d6d8c4f-1ce0-39eb-9096-56df24e05f55,4
f4e94a21-907d-31b0-9486-c4ae8e5f0453,4
883baa27-6589-3ca1-8995-f48612ed2247,4
49bd6b70-1e5a-3289-aa23-4e38ae3151bb,4
2849faa4-264f-323c-b1f9-b6031f4ff0b8,4
18cbc128-04bc-3904-836f-fa7beac9cbab,4
679e794a-b932-39ea-b217-7c506ccdd6b0,4
40b56113-f997-3a6d-805c-40b9c2d1e6ab,4
caafe29f-3699-35a6-8aed-1c74839d5f58,4
85eac582-d909-3554-b9c8-715db62977b1,4
101b0984-22c5-3ded-929f-1e01f8e6f6b1,4
1e5a1dc4-4115-321a-ba9d-805d889f1a3f,4
259a6666-3434-3212-b76b-d575b7027a7d,4
5b789511-db03-3af0-be85-8d3b004935de,4
b04087e0-e4ed-3c3b-b2ca-3bb5d0b581ac,4
33ca355b-600f-301d-b3f2-9a60b0aa30f2,4
fd851b7e-7d0f-3e37-9dfa-05be411e9f20,4
cd67d1f6-2e48-3fa7-9d2f-aeb67b1a1bf6,4
7b039e72-3b45-376c-b41d-389fa9b778cf,4
a610479b-e78a-32e3-9c11-1d6c508b38cd,4
0cf1160a-bd2f-3918-890f-1a2cec47ce23,4
4aa8a51d-0a4b-3c0e-84be-7b10071a242b,4
51e0496a-32bd-3b01-9ce4-e02323773c47,4
bb11c893-6077-35f2-97e0-ecbe17078f25,4
ef87d1ac-2874-3325-957b-ee6c8803ec94,4
df7b7968-fec1-3849-995b-8ed9e825d62b,4
d3008bbe-4654-3bd3-81e4-85529a78defe,4
7669e152-8336-3c33-a517-8186171a681c,4
0dbca3e2-c921-36a2-922e-54d729712cd6,4
d76b9c4d-b221-36a7-9a45-a5e215a3a281,4
b2e04732-80f0-3beb-8063-1b812e40484e,4
37d574cd-aad7-3473-8ee9-e23d49d85fb2,4
25f53b6a-af40-3dcf-919e-bf64e5673683,4
cd2d0d1c-d05e-3d48-827f-67e303515a5e,4
108e4825-0095-36a8-a532-aa2bab8489fd,4
e4c60f7a-aa07-3253-b3f4-69ec8a14a197,4
d63aa2ed-1f31-30dc-860e-9e3dd7bbd5a4,4
103da114-fd8d-3565-8609-883910c05f95,4
d74a249a-18a6-3968-8bba-26f5dbbe54e1,4
05b03f4b-c2ba-378c-ba33-b0be0c0efd8c,4
d54ffcbc-d58e-3ad6-8a33-5c9852353350,4
082f90e1-942e-3af1-88b0-7a9245cdbdd7,4
7c9dade7-e75c-3f41-92a8-68e840332fee,4
5a01b707-0e1a-3b16-9ed3-e5391d657016,4
1be6c965-0fd6-3f6a-802b-5a292d7d1f91,4
341d3a75-df74-36f5-a529-e325463e513a,4
18f33e37-f169-384e-84d1-d0fc2012da51,4
a4253687-f7c4-3bb4-9ac8-7c96305715f1,4
ba99d74b-7902-3ade-ab95-9a9560af3fa1,4
1ef8a4f1-fa90-3c8a-920f-9115e49d6bed,4
9de57de9-da3c-3d8e-8e4f-04551d8415ef,4
2ee119aa-ee85-351b-a232-7e77675d3a29,4
e158301c-910c-3e4c-af31-abbc05f6d9bb,4
934b1edc-f469-3cb7-91b4-5c16fc7b3ece,4
63a0c905-f297-310a-a063-dc43eeb2ad44,4
7c7768dc-1d5e-3bfb-bf51-0700fcee721e,4
de4586ae-8dd1-30c7-a401-fce3b3114745,4
5f6aacef-4775-33da-89d4-fde22b74262f,4
0efc2b10-5328-399b-8d99-0758a91ef27f,4
9ab68798-171a-3533-96f4-6a5c0be60756,4
e5ad4b15-0063-3732-9166-30bfa568ae86,4
51e2683e-12f4-3f67-913a-5cb4b5bb3931,4
9c03e2c5-8e77-357b-99fe-4f9bcb13ad09,4
db667b2e-a3f7-32cd-b697-72135f7697a4,4
f138b380-578d-36e5-ab6c-19c4675ed5e4,4
02bc0ac6-000b-31b0-8787-0298b047edc9,4
759f850a-7c48-3024-9176-9a3a30588133,4
b1cad22f-384f-3130-9545-cbf84d4e5542,4
eb8abacd-4ecf-3505-a6d7-124bb9bb3afd,4
4970522b-17f8-3a83-a16c-7ee0a2c29340,4
057bcfa4-c759-310d-98ba-25fa2e6159b6,4
57f06e89-b1fe-39ab-96d3-ffc99dce34cd,4
1daef64c-d8db-39bf-b0e0-299d36ea910a,4
fe949f50-0b5a-3bef-be1a-5b767e5ac0c3,4
37fd78e7-b0d8-3822-a6ab-7c4bb8d84ee7,4
8e21cccc-62b4-3d6f-abac-89a0fe86506e,4
6be2a366-f51e-30e0-8236-57b7aa246bf1,4
2adfd3c8-3982-329a-aa2f-3ed04fa397e2,4
d7274214-0ddf-31d8-94a8-d117105f20d5,4
4e06a703-41a6-33e1-9603-411dfc403d29,4
3176df9a-16b8-34c9-b7f1-101586929004,4
8ae59f6d-d22b-369e-ae9f-01ae4075f388,4
c532bf39-ecb1-37c2-88c0-c8b2bb98e57d,4
d5a4753a-c29c-354b-9c89-a693e489a76e,4
e052c905-2378-3552-8057-304a5ec82383,4
8c3ad1aa-1271-312b-9adf-1ef1ad39133c,4
6d44fe35-aeff-3ebc-bd1f-c69734211cc6,4
ce2181a5-16cb-379e-86f2-e1480fa46e6d,4
c0dd0c6c-c928-3d88-a210-e437d3739968,4
eac54356-d124-301b-9796-7c7d0b512eaf,4
1d61ec67-1329-3cf4-8b2a-36d9eaa1bac8,4
113f9378-851c-38cb-9ad8-82ff30f0839b,4
fde3e96e-20d8-3981-bf90-33cdd8a80d02,4
1e5a0e79-3e2c-3240-add5-c1aba2ef9457,4
c969a179-b121-37d3-ac71-3184d0f40e4a,4
560bb54b-0adb-3ffe-b67c-af5a99734bc7,4
65106be4-4e1b-3eb6-9868-fd79f0614d56,4
afb6851c-74ca-3eb6-979c-bba130361f1e,4
5d7b4b01-9602-3fa5-b2c3-81788ddfce56,4
07084936-5b59-3a80-8205-546edfeb1ca3,4
80e0f9d1-5f93-325d-bcdc-ddb1c1b0b075,4
69a4af32-279b-3d55-9bb6-315a68cc4919,4
a318790d-70d1-3f66-868c-b4825fc3ea5d,4
9066a2d6-8422-3fba-b9ae-11fb72368d26,4
2602fb94-4e6c-36ba-bd8f-c15644e6b1c6,4
3d1b6237-4015-3c0d-b352-3c01b6e5e20c,4
10cc397d-f364-3290-a1ac-9080df390f10,4
75a560d7-12dc-3b0c-8970-7acf2d12ffef,4
f5021203-a945-3906-bd16-786498ea6222,4
eda4cc00-6e65-3ed7-8d71-7505cdfb733a,4
abb82f89-f9fa-3b75-a4d6-0db4e73b8f6e,4
c0861a39-2367-39a3-a6af-a21658bf88b3,4
063aea12-f5ba-37b8-8a57-ae0a850573a3,4
73e8bca7-5d0d-3c45-967e-d84a8f1489bd,4
ef6bda23-5b9c-3778-9f53-21eac2aa38fd,4
7a34b6d3-d894-344b-9e3d-90a77a0b2c41,4
9c2dd89c-1958-3f97-a455-08d8b9a61c1c,4
cd95fe05-b681-3693-87ca-31e24863027f,4
c27c25bc-1530-38cc-aa1c-5fce3a3de633,4
cf1a3dbb-3911-3bfa-a79b-e64ddda863c5,4
bfe4efc8-9ac5-3cc5-94dd-a7fd638cb166,4
2e48815f-188c-3ce8-8ce5-2f0c76527a10,4
31a17a53-585a-3868-8e52-dcf56125b798,4
96fbf3dc-f9d6-3ea1-aef4-d464c8e1a1a9,4
d3df746c-64f5-32e4-8f79-71061adba5bf,4
10577003-c08b-3f7c-9e7d-2003d7ef7b7c,4
818bab77-4050-33b2-a7ce-487ea92aa1a0,4
04b17a5c-6861-39ed-b9c0-8f41dede4924,4
166e4a9e-bc81-353a-bd56-f4b27374532d,4
7159332f-912e-3041-86db-95c7c9c60db2,4
ae731e5f-5430-3fb1-813c-835b29844e74,4
75c57b7d-da95-3935-b11b-9c23a56ad84b,4
7c6f4b9b-8d81-32ad-b296-f982262ac5b4,4
e36fe7d0-8f4d-3163-b795-4d0c7a6535dd,4
cf7f91be-b5e7-3034-bbe2-8dc3be446774,4
1b885f9d-1de1-36c8-9fc2-0e3b576bdfaa,4
ddfe27f2-6ad8-33d8-b042-0d7801838648,4
31de20dd-dc46-3241-a412-363f4b3171d9,4
72b58efa-2d8e-3028-825f-d776458b27a7,4
dfc7c5ba-7c68-3f67-99cc-ce61629a9639,4
e8c429c5-e36c-3bdb-8cdf-973dd3c476b1,4
5c948625-fea8-3c59-a0b0-a0c8ca83e2fc,4
ee390370-471a-3558-8da8-42d5be3b9520,4
db906851-0e9a-3535-be14-68522e33a941,4
e93a9414-939a-3519-a666-a38c409b8e6b,4
72a4963a-0b5c-3452-955d-e87ea5dcf365,4
e30ec41c-d6d3-331c-bc0a-0fddfe10dbe3,4
b24c867f-3779-31b0-aa49-9f5ccd06f950,4
c37557ec-f27e-3d18-ae67-f7135ad89348,4
87d57b57-490c-3c73-9bde-a287ee930d68,4
c62810cd-8bc1-33a3-8bca-e25f2480d74a,4
bd29a468-174b-3eff-9371-2485cfd569f5,4
94eef430-57c5-3bc7-9590-1a66f96a290d,4
e6136770-6b9c-3ddb-ae22-e50013ec1c3d,4
07e6f2bc-3975-35c7-868e-867f7461ee1a,4
b45fe3d4-c728-3245-b98c-c0db557b9ac2,4
54da8987-436d-3c3c-aa6a-d11f6673e90e,4
c54a7a2b-c790-35b7-8b88-9da9cc085f80,4
6d470fdf-f9d9-307c-acd0-0206d572f7d4,4
acf3f6e2-ee08-34bb-b731-8b2aea8d5f12,4
ec9a065d-6569-3a6a-af61-edd30ca40ad0,4
027abec7-cc1e-311e-9088-789a37da08f6,4
19c10480-e14c-31bc-a61a-79c869fccce2,4
9512456d-e028-32ef-bfc9-b478a1cd9979,4
aa1afe1c-3571-3443-a20a-eb564e7245fb,4
43ab1120-06bc-3b27-ac6a-b74eb7211333,4
e822b0c6-03ac-3348-8ae5-5b85496891e9,4
9faab931-fbfa-3806-a161-ce43b6558067,4
378f7b83-0987-38e6-b8de-81a4d41906bc,4
32b9ef79-7a0f-3035-89f2-b5c88a7bb351,4
93860507-e58f-3937-8f3b-b125e15ab062,4
2d457a23-aa16-383e-b1ce-76b8cd82d928,4
2a6846b0-a445-39aa-81e4-2627abb5f2c4,4
d86eb120-b892-31b7-bc14-f0be2aaff005,4
79501891-148d-3e66-86d9-9d270073d7c0,4
5f5b672d-af34-3ef6-8272-735495db2e97,4
d9875763-c74f-3ca5-be11-7f4672dd5705,4
a793962a-fb45-30f7-ae0b-28acea79af13,4
43b5592e-fe7b-388d-9e27-0f65744c0263,4
402557f1-f0e9-3532-99f2-f6894e560273,4
2e233f95-e974-3df1-b234-ff4eeaacd1fd,4
c18b6ccf-5e1c-30c5-9ecf-89f8b6c11df8,4
c22b0dc4-dfa8-337e-84ab-2c69619ec58a,4
c837ab85-3730-3ede-a166-9b0cebffa177,4
437ca726-f4e3-3c59-8727-4b1a4108b379,4
7596da74-3d26-35aa-b0f5-24571e216482,4
cd309eec-72d7-31f2-a9b2-e4972355eb8c,4
61e1f399-7bf5-3add-a8e5-8a85fed031cf,4
33d386f5-c46c-3836-925c-fed46176c897,4
ab55828f-1f54-395c-8c54-bdb08b5ff31f,4
dbea9b66-59da-3412-9d04-d07d125f07fb,4
2d76782c-c121-31d1-86c4-899c0b3d6a7e,4
17406cf5-0b02-38d8-b350-bac0c083dc63,4
d108baf1-c69c-3389-9b6b-31109877d22c,4
59558975-e0d5-323e-bd2f-75e860cb2f86,4
487adacf-af03-3b6c-b88e-792460806787,4
4590f9db-cd53-31fe-a1e8-f6dc1c44a4be,4
c20c72c4-34c3-33d0-9ede-288975a7eeea,4
5ba889db-1e46-3037-bf48-94914afd56c4,4
0516a4d0-4c55-3836-9e9a-342b0d573160,4
dd25abe9-3984-3a51-904c-04cd389e9b92,4
35905c0d-b30c-36a0-b373-97154329ef10,4
695ac6e3-f30e-3c3f-8919-7c7a721869c2,4
c8e13137-5fd4-358a-951a-f77b163be97a,4
04071b99-510b-3427-997e-a53437a0d7d7,4
1ab5b9c9-8de5-35a1-9893-60d2c5d0a736,4
77aee7ee-726f-3547-bc57-536354178e54,4
2faa4066-142d-39a4-aa39-e26bba001785,4
c6378cd2-d5cd-3c4f-8364-bfae5ef52c3d,4
eae2b6a1-5963-3d3b-b346-31a99abe4fca,4
1aaec27a-950a-3613-b26d-c002ff1dae35,4
1c4e7fec-2e44-3c03-a9f4-77465368c2dc,4
ba67273c-2e6f-36cd-b81f-9d7bc666c895,4
38e82477-6b67-3df5-810c-4d4aad8c621a,4
39e5a9c6-4faf-3118-abdc-483d735fe2b6,4
66c7a184-db46-36fa-b052-1c91aaeee262,4
de48f1d6-9943-3044-8cd2-7445a0a47454,4
feb5c61a-5fe1-3dcc-97c2-9cd2e9db4ff9,4
2b89c4e6-7cb8-3e1b-8dc2-386826770683,4
b955191f-cb9b-30dd-8d66-7d5fee84671c,4
20d61ea2-3540-39aa-ab5e-e8038d92231c,4
fd999286-40d4-396b-b9bc-42f5c7672c7f,4
ed1ecefb-3867-3015-85e8-c1be61404cbd,4
1cdadfda-57bc-3faf-bdd3-7775a3e9b44c,4
b8a2d59b-4a95-3dc9-bd5f-fc9057d16602,4
14b91fc8-aa71-30b1-8273-a3e2b042bd88,4
1f271b97-63a8-3b4d-9905-f641b62caecf,4
e13562c9-1181-3b5b-a101-927347efca21,4
914c9fec-3d1d-3bf9-9e0a-ce39421c0ff5,4
8a691fc6-cee4-351e-b45e-b7c6e356e416,4
8bb0a4ae-8cd2-3640-a755-ff0437318c5b,4
9c72f77b-edf7-3d13-89da-bc6968da7ea4,4
e2416255-cc08-3f74-8f0f-85618a940df0,4
2929137f-5c8e-3c55-b47d-b1931a3dbe5d,4
a232c7dc-5d88-3363-a969-6ba9e0f756f6,4
9a28295e-2ea7-3859-84e0-e18e272cd8ee,4
968bbaf2-b6ba-3adc-808c-e19bb612a50e,4
70ef5a20-5dbf-3124-82b6-57b1e638e7dd,4
63084a2f-27a9-3941-a0f0-c4a0cf52a9cc,4
faac8613-3ce5-3819-bc1c-296e8681bf4d,4
29571be9-7113-31f9-8d0a-215161fb2271,4
6a643e2a-4952-3b71-81e4-1641b825d3ab,4
5dcc547d-7548-3fc7-b7b2-bdc0705f974d,4
f5c2a404-8b38-3757-b859-0e50149ab700,4
e1b379f3-5de9-37aa-bf97-1cf19ff71885,4
cbb42fc7-d0dd-3631-9b17-9446f7046002,4
325c9220-acdd-3da6-b464-b758d9173332,4
37e5c23c-ba7d-3a00-bd63-383d4d5a5d45,4
61c3658a-32b4-35df-bf31-5d7e177eb03d,4
8aabf6b7-35c0-3783-bb5e-9c7ee950e3bd,4
6c46aa72-e12d-351e-a952-767abe4eb08d,4
b6a885c5-48ed-3553-b1d1-aa6b764c1769,4
d68ba97c-ccb4-38c4-b1ff-b2047a3b879e,4
43d34356-ca05-3633-bfb0-f2aff884d60f,4
89a59aa7-4eb4-3eb0-8c9e-11a5ae891639,4
c07f7969-e58d-338b-a133-1b00a89f5a86,4
e49d0779-23ca-3dda-8864-6d1be8b83b1d,4
532817de-039f-32e9-be64-9163fb1e36aa,4
02a434ff-891c-3e89-9b3a-1efa2df7deb3,4
d1dcc0aa-39bc-330a-b780-3055832fb776,4
05321c90-9530-3606-bbb0-f1c871cba471,4
dcd193d5-a8a1-3f3f-afde-cfefd0ca13d0,4
cfc5012e-110a-3537-8a21-4d41082ecbb9,4
bb49641c-d9fe-3640-8dc5-887ddbc816fc,4
503fa82a-5a0a-3da9-83e0-3bb54254b25b,4
0ca37635-f4b4-3871-a526-531db699892b,4
8f505e2a-d119-3cad-ab2c-6d1e2671ac6e,4
53e7a108-d415-333e-b3cb-87dfe3b95751,4
d62fda95-36e0-3011-aba5-2a02d189121e,4
4e6fa1d4-f0a0-3373-9aa5-db94634850bc,4
eaf22873-d83c-3dff-95e6-d0c574336ee2,4
4ab7bd62-46b5-3779-9cbb-d972499fcef8,4
019b042d-89d7-3377-bbf8-2cd09be4ef67,4
c6ef6e19-d282-37c0-93dd-d6242c3acf0f,4
72d42f30-6f72-3ce6-a2b6-ecdbf5cdc360,4
51b18a8a-d6bc-364e-881e-8fb7c447b83d,4
948b1ba2-3abd-3032-ae8a-8a63fff265e6,4
ff0ea046-a98c-30ae-8060-fd49ae4dd126,4
7e844282-c0f1-312a-ab0d-4137f72e5b6d,4
fe7ce05f-ec1f-319a-a560-7b0d2f6d2532,4
b9bd7e85-45f8-3290-b0c4-9c110d72958d,4
737fcbb8-6df7-38c7-aada-5d35d1d6a3ac,4
df331770-42b3-3b41-84ac-e6f18c699853,4
63c1990c-459a-3a2b-b9d6-5080a5cc654b,4
fedffebd-053f-3b4c-8920-64eb90eb8df1,4
9e8d444e-4923-3b50-b8ff-04992724f3f9,4
5cbf4e2e-74d1-3c58-a787-8bc2e6430f58,4
c41e474a-b54e-3fab-8c7d-50df4a7cb36a,4
e343abab-1341-3f9f-9fdd-695654d5e767,4
8e7db744-106e-33ee-8861-da19324df483,4
cef69a8b-b582-3ae9-8e43-c0d930891255,4
856635cc-d5ad-341b-8199-bb4163f53da4,4
93191dfe-2522-3a69-920c-4a5de4580075,4
aa76bce8-8b85-32ce-b42e-9221e6fc1de9,4
67bdff96-d6fa-3b95-817c-9552c63bb75c,4
206e40fe-fef4-3631-8966-f1125dfa1a63,4
965e1e3c-864f-33e2-9ad6-78335677d25a,4
3e87a29c-011d-34e9-8c37-8cc530191623,4
9f83bdea-ad98-3900-a763-90a0f7638583,4
e0c2a635-f901-30e8-aa1e-b7a3d3331ba1,4
5e247243-3a1c-38f4-b54c-fc74be4609b9,4
fb3be164-cc6d-3510-9dd7-6d5bf3688324,4
465358c0-b019-3e49-9233-4a6f0d01149a,4
bdddffaf-e558-3e8a-8609-0f476eae135a,4
8a038da4-1107-3f60-9876-9a8e1fa9a5ff,4
67a147f6-e510-3207-9cac-ada9932e91ab,4
e06722f1-7424-3636-b896-374a1eb25645,4
e2f24794-b9e5-3879-a1e1-27a50f3bb076,4
5c58441b-a72d-32fc-a618-ace3847404e9,4
3012001a-812f-3cf6-b808-bdd189e10747,4
5bea13f4-fe3f-37f6-82ce-8206756bfc82,4
443a9b99-8aa2-378b-af0b-86815ebf3421,4
4f6c4fe2-ad32-39cf-9462-6ddcfdb4ff88,4
1e6b0fff-a870-3527-8d8d-1deaed786e50,4
3e7fed3a-4547-3bdc-b0be-7c313a8745e2,4
1e6002ed-5b2e-382c-9815-9f33119a2c67,4
24afc617-b03c-3076-8cc0-8db329134701,4
26c22910-6167-3161-96fa-91445228ce07,4
e8a8bd52-5ec0-33fa-be97-794f77a57b25,4
f13708e5-c85b-3b43-90ac-653a1afc2816,4
34297c1e-386b-371b-8d39-5238ae87ff57,4
70962509-a31d-384b-b8d0-dee9368e2a31,4
23bb484f-a562-36af-91b9-f6b654b83007,4
1e9c1288-ec88-3d53-a445-27e33ce6c2fb,4
e9ff405f-2383-32a7-a5b9-aaf81a34ad50,4
63d76690-d7b4-385a-a034-a2f13fb588c2,4
ab992bc4-8fd9-3776-be61-e2cc8b1f4e78,4
b575037e-0d7b-3e1e-a939-aa3b29198c47,4
a9060428-2e07-3bc5-a9b9-4d7e76f3a80f,4
7129ea86-75d3-3ab0-957a-3e405244aa41,4
266e518e-0e01-395f-bf4d-e2db994e6d28,4
6ad10852-8d07-35a5-a0c2-0b86120fa5af,4
bf67a25f-877c-38a1-b3da-492f8a061a69,4
52b4ca5a-ad80-36cb-ad69-58627622fde3,4
aa446fa4-aa30-3c47-868c-d52bec32685c,4
9b8471d2-ed97-32fa-9297-8e36436fd385,4
a8bfd796-4011-3359-bf02-149e257048f4,4
75db1f13-1aba-38e6-89c3-71c1686111c1,4
b8b6ba3c-6db4-3682-88ad-c3af03737561,4
054de878-6628-3629-bc47-27cf8273da97,4
f7930c34-c4b0-3aed-96c9-3a1a0bd2ae49,4
31dd9b96-c98c-3076-9f2a-efd05a1762c0,4
14d425e3-3bd0-3726-8d37-cdb096710639,4
34f647e8-9f44-3506-97cf-6b8c45cbeb2b,4
427b4877-9303-311c-b4fd-ccc21a9b8810,4
26cc644d-bc26-37a9-8849-44aef40d457b,4
031b9101-b5df-3ca2-a040-2c2a1a1e3d76,4
93e17cef-515b-3ef2-9668-3e2586e6eb65,4
84eccd24-a95a-340e-9809-b18cf273eb8a,4
55e9049b-1dab-3fee-ab9c-52ce31162f3a,4
4931824d-de91-3aea-9878-e504d551ba32,4
d79c0b4f-6c54-302d-bd1f-1eb9ea3cc649,4
9ef064c4-8df0-3ca5-b7b0-6b81f4094780,4
1c387324-42b6-3205-a8cb-c06ebf4c563e,4
3f2d5bb0-beae-3161-8955-6b10dc2ee19f,4
306c95d2-299a-3a88-934c-9aa58418818c,4
e1156b95-0356-3ca2-8209-8dbe8f081575,4
2585cacc-11e6-3db9-8ebd-6cdeb68260c0,4
c43d9912-ebaa-3385-9629-d141a39a72a7,4
7213d89b-bf15-3925-9f08-ee0de159b350,4
2aac9967-1d58-32a9-a8ba-b17d9719ed70,4
0fd84982-3713-3428-8e8a-043f8d412920,4
c9942d34-4e06-3e41-acf1-cdd34c4d9715,4
3f69e689-9ddb-38cd-a4ce-4a2946a7f42b,4
7f3bb1f3-91be-3149-ae54-0e2b930e1045,4
23710720-b3c2-3be7-a96f-6983b1770a6b,4
e56dd4cf-b544-325a-b16b-bdef3f42b092,4
9bc7db18-d0b9-3853-aa21-ae7aa12a9daa,4
f5467270-1cf6-3b1b-afa1-eddba6704884,4
20875746-ed90-386c-81a5-a3b8e4b2a818,4
cc5618e3-1a3e-3a6e-b5be-30d2c4d22ea9,4
c1941168-2a9f-3882-a91a-b86787be012a,4
de590c60-e6d4-30b7-a8ff-4f367d31dce9,4
5da03366-a185-38d1-8563-82dc76ac21e9,4
c4f14e54-ab76-3095-a35d-045d0cc68725,4
4659cca6-5c05-3f7a-a3ed-2d432417f4cd,4
22759aff-17b7-3f34-b641-ebe49f8f5c03,4
5eba24a4-1256-305f-af96-b4f6a16a4609,4
3690f04d-d6c3-3d3d-a41c-f7e4e2231858,4
34291ebf-89e4-3a7b-91d8-77ebe17cd1ef,4
0e3d20de-83e7-39dd-849b-3ecfa7369d01,4
2e4a1cfd-4a2e-323b-89c9-dbe8062a5059,4
88e08440-83fa-3df5-b115-23206a73fe6c,4
1bd37f9d-a699-301e-849b-2261ac1d37ea,4
611ca0d9-d68d-3479-ac8b-19ea974d5489,4
9944c4f2-384d-3a42-bb18-bba212084258,4
6ea16af9-b166-33b7-bab6-ce6893762912,4
48ec5326-cb6d-322c-88f8-4938a4af4909,4
056c8bcc-2604-35d5-a35a-46a3e60a4be9,4
ab8d67f9-1fae-3744-8f89-38e1b4fb953b,4
01a03956-0580-366e-9f52-a29e43913068,4
1a44c3de-1696-3e03-b225-5359a210b581,4
3a685851-2b24-3ec2-b732-a2dd614755b0,4
6e6d005d-44e0-3064-a045-8783d7b09dc0,4
6efe1cd6-388e-3a46-b305-a555acd48bb3,4
fcc18e30-61fb-35c0-962d-fc2338205a2f,4
cdf4668d-c9f2-3fd4-8720-c2fb6310dd87,4
c52783f7-5424-30f9-bb4d-1032254024d3,4
4fd64cfe-4350-32a4-ba7e-eb4e4d8bb7ec,4
df475a9b-4402-3302-b52b-9233f630cd26,4
6596ee31-43f8-31ee-bb40-924ff0aa1db1,4
47ae3a8a-7acb-32e0-ab0b-3621267576ae,4
85e3eaa6-c0cf-3540-a61b-e2e53828ee71,4
31cfc0f1-b520-3a7f-bef2-3d38201d0e1d,4
0802c38d-4632-3da1-b03c-04fcfceb4f10,4
e3204f4a-0259-3e56-8390-68fe4a180571,4
bedd2563-1ba9-30b7-8ee3-0984ae65971d,4
30587cf1-71e5-393b-8d0e-58409e267212,4
31605bd8-ffde-380b-8c84-d2887be73510,4
aa4e1f29-4f16-3544-94da-e029e2bf5568,4
c797a897-dbff-3367-bce0-a3d0bbbd6b28,4
032990fe-1303-3d68-a374-c76ca8196f10,4
db68657f-a27b-3909-8bb7-8303aeb9c909,4
938325cb-b8a1-3147-8372-eddade6593aa,4
8a41e5b8-186e-34cc-aa5a-dd7e9cae72d5,4
c06e57e9-741a-3b02-9e6b-a85154cd3784,4
bae97c77-2852-3267-8d46-dde6bddfc9d8,4
e845f221-96f2-3894-8c95-cd6e6d20a141,4
d9768ab4-a760-3463-831f-a3efa5346ac2,4
6c4edce9-ef89-30d8-b6af-3b1ca0a35ed1,4
116e667f-4e0c-3cf2-950d-4145e25bf140,4
36a4e856-3ffa-3ca6-afaa-947a6fb5a2a9,4
7fe92452-d55f-324f-9fa2-1bf0280079fd,4
83260e76-86c4-337c-9a88-f50f80280e08,4
380bab29-7b12-3a54-8c64-9137b67780f9,4
61400dc0-928a-304e-a6c7-a986c8e6c18b,4
80fcfeb0-432f-3084-8c04-128c2d85e04a,4
e64fe58e-5d32-3bec-93db-bdb6f5153b1c,4
4099c736-a210-3029-8626-742f0039a6bb,4
11a4352b-126e-3ed0-b21c-9f16567bfa30,4
cb4c22a8-8e45-37f1-8519-a5678f156279,4
fc3e964b-e758-325b-9f3a-10b6e198346b,4
4a3e25ff-ff11-378d-ada5-9bae9d0b3965,4
892e2091-491c-345f-91dd-dbff32473b18,4
207667bd-8a99-34c8-a0c1-38db1581e1f6,4
4044d013-00eb-3ba8-9572-ae8dda41b680,4
dc6b13fd-52de-3c81-a645-69f8213a0b22,4
abc5dd64-1664-3bf3-9bc8-856ecf98ceb1,4
75243284-ceef-3eb9-9063-63af4e5fb3a8,4
527a992c-03f8-3881-93cc-b6381a36cd02,4
13fe6a1d-c79f-3632-9877-484d79d20800,4
c61bdf98-556c-3408-b1d1-78a8372b80fc,4
cca0b3d7-5233-38d9-8f63-194b5c6e4551,4
87524216-4c20-3f69-bfe7-5b25e8cfe3d7,4
de1c9eb4-9ff5-3ecf-9b43-2c9649956580,4
ae29c703-0774-3444-82ae-09e7256289ab,4
fd7fd946-5987-3d2b-ba41-ee53c590e776,4
cc1f6635-2282-3b15-b5f0-1259437242c3,4
059aa510-e135-3773-96cf-b5e934233d23,4
06b0aff2-f04c-3cd5-bd74-4f5aad68c622,4
bd9a2e29-fc71-339c-95a2-85fe521b13e5,4
0c069958-b3a9-3d8b-bda9-481fa888168b,4
f5e05001-1e88-3098-a62d-7d6dfd4ff2a2,4
64dbb9ea-3ebb-3f5c-91d5-af20fa88d0f6,4
ff35c5d7-bee1-32d6-baa6-9e7a02f566e5,4
71c1497b-400c-3e25-8467-7dee73ee17e5,4
e3bd3d0f-77a9-35bd-a694-21897b7cb518,4
336a8465-bb39-330f-b699-4527f5e149fd,4
059cc2b9-e43f-38f1-ba91-d9a1e79149c5,4
5db7847e-2a6e-3d32-b55c-2162f8c057bc,4
18acd8dd-95f1-3216-9424-f033dddf48e8,4
c7fc9607-1573-379e-94ca-2dd1bd6db660,4
a8adcb39-a0b5-3436-8b34-e7a052d9273d,4
a0c67a74-92cf-3fb8-80fd-7991da6c4c37,4
5794f609-99b4-3a05-a530-9931ca47148b,4
996a523f-d35a-33a9-b3db-d6be9194fd57,4
55b9d9fe-8350-3e11-841d-2a395f26756b,4
3377183a-3270-30dc-9169-43f4d800f069,4
754c99c9-dcc1-3e1d-8d38-f6010184cf0e,4
15c9f8bc-018d-362f-84ed-1dfd75774c60,4
93bfddb9-384a-3c0b-8642-7a4a3d826ba2,4
4b08c490-6f5a-30e6-bfaa-b5b8d705fa1d,4
99bf8501-7921-3180-826e-69ad71a49040,4
57939510-ecba-3892-9cda-78284b96a5e2,4
a7338af5-ea68-3fa5-b184-343fb9e9c008,4
e56608cd-feeb-3264-812c-0594e6772529,4
d75ec650-bf7d-3afa-b0a8-13811e5cbcea,4
b7af5f77-ec0b-30f1-b1c1-5717562f5789,4
858d41c7-2381-3b99-af50-fcb6130665f8,4
ec31e441-db9f-320e-a1a1-3dd3207411f6,4
3d1902df-8b9f-3e99-b8db-bbc5588f2ca0,4
5c4a0167-4709-3698-ab28-e027cbd5a025,4
8b26d934-d162-362f-8cf8-40482eb1014e,4
d65628f4-c5df-3b58-84b3-84a5c6ff7e1f,4
330de357-9765-3672-95d2-5b7b14766f64,4
798be220-ffb0-3b83-99a8-8deb36a22622,4
fbafc9e0-ba1d-3eaa-8ceb-6d682f38789b,4
7bc73cfd-ab5e-3dc7-b71c-45c29516c2e9,4
dc4f6a69-0748-3a31-b166-ab79a87cc40c,4
1a0e6e81-8d16-3da4-ae4e-0a7bec1e2723,4
982cae5e-04d4-37d8-a419-5683719bd831,4
154cf889-bf86-3c8d-beaa-b7a00c758708,4
6c0f8cc8-8287-34d4-a41e-a5cbab04022a,4
17cb01f1-63f6-3c83-95b3-d3dfab1edb40,4
c6671fce-f8d8-3f92-b33b-05112d7c463f,4
17db6f32-bf1a-3575-a9d0-a2fdfab21812,4
15edc74f-2831-36ab-8fd3-2a545b5d7e4d,4
84f840c9-0644-3110-9ede-793121737791,4
996f0323-7a29-39ca-87ac-8d44a424663b,4
7c67c533-5844-3f17-bee7-d90ebbb6b960,4
1b7e7e8b-bea4-3b84-8a2e-b1f738075fff,4
caea8b4f-d147-3f07-a8ba-8370e16928db,4
c15db376-3092-361c-ba6d-a2b8593aecfb,4
8601a8d3-3ee5-3fd7-819a-860f60c86a8a,4
ad891b1e-be55-3d2d-8638-9e9b6e2daed5,4
3afb076c-0ecd-359b-be4a-a0e1bfb293ee,4
199be506-74c1-37b7-9764-c988d861e1e0,4
5cca98c1-687d-3869-88eb-2b1d1d66baa2,4
399c0d33-593b-3655-aad5-1103ebf0396d,4
113f86cf-4911-3f87-9327-6f07240a629d,4
eb04b244-384a-3b30-a43a-584c3d63cd7e,4
b6d01347-ceb6-3679-90ef-b569389fef6d,4
27a47111-fd57-3016-99e5-39eb69347709,4
89c18448-8a91-3a0b-94e1-53b00f8130f1,4
07a4147c-7f4d-373b-8cb2-e765d48b0af2,4
3c269b4e-5f5c-380c-92ff-08b1fc1cafcb,4
10e27ecc-e9fd-3641-839e-dd25c9900893,4
e3f3204a-0aaa-35b9-8588-18e0f877a6be,4
866ea6cd-3724-30ec-94ff-2e4089486f6e,4
91662f5a-7047-3735-8333-4bec863a0d03,4
3bd767de-80ab-3c95-956e-f5911eaeb54e,4
d9526bb8-4319-3a1d-ad8a-da0530b62295,4
7e47c601-8e89-3b45-853a-c04043fbf127,4
05e9e69f-73de-37bc-b1dd-2b096f680057,4
ce10b2dc-b2ee-3b6f-95ea-7d968bea0622,4
5e39e549-e4d0-3c60-b021-fdbc6d242a61,4
6f4df2d8-4836-36a3-91aa-49daa1ae781d,4
1ea9fdbb-5c95-3076-8f7f-773982c1431d,4
11c8e7bd-1ba8-35e4-8b19-e6332904ba59,4
3ddbdc1e-2570-3812-af71-0ee89d9b2be4,4
72bc2186-9a9b-31fb-a5ac-a686a034618d,4
dc8d6b23-2d48-378a-831d-58cf524d0037,4
6442afbd-db6a-3f63-9dd5-7b17fb69f82a,4
bb83b138-6363-3b89-af9b-cece7c0359aa,4
fe418e41-fc9a-3daa-9570-8920db8abe45,4
c036f34d-dfcf-365b-b259-d75de922d782,4
073bba0c-4340-3aa0-9500-6aaf51c1d57f,4
9d0b02a2-89a3-39fe-9a6f-7b31c70e1be6,4
2c16d98e-0d64-36b7-a18d-7cf02c3d8a38,4
febaf06f-842a-3a28-98e0-1b225e590778,4
ab5bb27f-1ec6-3b26-9604-f843152eaf9d,4
b8f02e5f-33c5-3bdb-87de-09881aca4a62,4
fb748c52-907b-3303-a47b-766278a257cb,4
1f3b1268-6ed4-3ad6-9251-3da13292323c,4
05cb7014-2453-31dd-9a0b-81c3e80d978e,4
1ca81ee5-ee9c-3686-940f-c600c88a611e,4
07cf098c-46ae-3112-b0da-43ed1d71419b,4
1034e9e3-c248-3f47-a55f-8f1d8f8fef70,4
3d397594-6287-3b70-989d-78cf7aee15c3,4
9b718bb1-0b60-3042-b52d-897e51d39d09,4
aaac434a-92ce-3475-9aac-04eb593db3c1,4
706ec01a-31b2-3e0e-9ec3-614e27dee097,4
044de9ab-5919-38df-8fe2-593af735e828,4
52bb85ce-8099-3f4e-a0ff-274001289b3e,4
d122b7e5-5fac-30e9-93ee-1e2f9f9e1f1d,4
cc5d2d3e-cee1-3cb8-a6c2-4d1e54c1ebc4,4
f6486856-55b6-3145-b090-0af68f1505c7,4
1c413aee-fc37-35aa-b1b4-20a292cc1d9c,4
5731c398-34ab-34c2-835b-ba43761a6113,4
06ce4393-d2e8-343c-b23c-a0f7ede781a9,4
00d80e12-0071-3b9b-8058-1b926da683e6,4
55cdcf17-c2ca-3a24-81f6-6c212e2921f6,4
cf63834d-5bba-3453-bf20-2043d514f81f,4
43bb5b67-521e-3123-98bf-03a14b79a667,4
6ed90440-67a0-3154-a0c4-ce04cbde251c,4
b9106457-f085-3350-8022-7716d6e91234,4
3af641d0-8f0c-30b2-8b4b-a75e770ae026,4
53fd21ef-949b-3259-b4e7-024b915f88fa,4
20d04aa2-6991-35d5-b41c-320ec9808691,4
23574334-290f-3181-a68b-aa79e88d6040,4
a31bdff9-dfb7-3c7e-91d9-3a20def9ba90,4
33736a32-1b43-3c1f-872e-522d8d1c9945,4
43114a76-708a-32d0-9dba-363c45daabdf,4
6a804349-269c-332a-811c-66804f96ec78,4
eb639d41-765c-37c2-992f-4e055427d648,4
0d162b1e-62e8-359b-b242-0ea181845f3b,4
3daa9186-b188-33fc-add4-4c5ddc05cd34,4
3a0405f7-2cc7-31c7-806d-cb0037c04b08,4
9ed0f078-8517-37b0-80ad-9836d641bcce,4
47e03663-7e8e-3508-888d-fb532e4e57c0,4
12189746-c6c0-39e7-b513-700d323ba8aa,4
80187c75-c2b4-34db-a720-58bc78325337,4
864c43df-1cb4-37c2-9c88-1e47058d06f9,4
bfeea4ca-c7c6-3f1d-930b-9174775eb832,4
3abedcdc-57be-34ec-a00b-ff337589488d,4
666812d0-bf53-3c0c-bc39-cebd1ee6d8ee,4
0f4a2e95-1446-3110-abd4-28e3e65517c3,4
16dabdfb-afda-35ea-9391-0fe52e6ada92,4
07a60f37-a82c-3f42-815d-99effc47ed44,4
e7c6e9c8-2824-30f2-82f0-8f4b478d07eb,4
678ca706-33fb-3ca0-8c3a-f9d52d5e8054,4
f314aefd-bf37-33da-802e-0eed649717d2,4
4e828e61-468b-3705-8722-034b189029f1,4
692115eb-3c91-30d9-bb64-5d4674b297b8,4
7e559ae2-0343-3aae-b1ea-64f847219204,4
e29a4314-69b7-3e76-bd9f-bdaae58938ed,4
1b056330-d511-3cba-946c-d46d271815c4,4
43aa2f4e-5429-33bb-9b0b-a58c2bea147f,4
d3b52275-b0e5-35d2-8922-455723eb46bb,4
4fa6e6ee-cba8-3f1a-a29e-cbf6dff4785c,4
29c01b90-7424-386b-b762-c80342c56536,4
179b2a67-875c-3346-a07e-1df88c897d4b,4
e20288a0-0357-3ae7-a6cb-0a87a27b3491,4
0f911403-7f56-3f54-a63b-be5184f53ad7,4
fb029d46-4fae-3f0f-9ac6-ffc727e8ba1e,4
6dc488eb-8074-3b4f-bb9c-6f17062089fa,4
daccdcfe-8059-340e-991d-c1c54778412d,4
e8231d4a-2e58-3467-860e-9be434e9e9a3,4
f6ae83d7-a95f-3ae3-aea7-a830cfe79998,4
51d6c3a6-2d41-312a-9ef5-86acc3feb275,4
0b13bdad-a625-3929-9b0e-ecdd9d4fd799,4
8ee4b334-3185-352e-8ead-f9f2e71720ce,4
2e3a13bb-9ca7-3cb3-8c22-52b04f6cc059,4
763646f7-0c1e-3c08-9826-5d1e9b631800,4
1db5c4d1-a4b6-3049-a675-14b2e2e7ceaf,4
463e4627-8450-385d-8ca3-636359932337,4
65761fb1-6df1-3c8e-a98e-906be48470e2,4
972c4ea6-7f5c-3b31-99b8-c293b94e5467,4
74e44429-0ba6-3b11-a66e-6a636a5123e1,4
b7f97218-a8bb-36ff-859c-8aaa930dc8f8,4
c755edf4-0c93-3788-82dd-6e7aa8d2a7d9,4
9e061258-db69-34d7-81e8-a8b11ef0d748,4
22dd7f4c-4a46-3adb-ac13-a64f754e52a5,4
c790ee0e-48a1-34a5-945f-b81ae15a48d8,4
02225e14-0568-3666-a8ad-3a668bf22386,4
ba876c0f-01da-3954-b628-ef0fa9ded18d,4
63fa3689-cce2-3292-94e7-2367116f9de1,4
b9ff6e0f-c589-364e-8cfb-e2a7ac6cdda3,4
f0575224-b101-32b0-8fbf-6a308f83c391,4
60568d5b-6d04-391f-8969-f31c62e8569c,4
abe75e01-041b-3712-91ff-daf6e12ca3d0,4
d54bbfff-fc3e-3a47-96cf-95e071136eff,4
24db8fb6-0df8-3957-8960-4c3b4a7b402b,4
3d994b12-35a0-30fd-9b7b-d41b020afd40,4
d743fd89-e1d7-32e0-9125-335d7ed4225b,4
a8d0a7b9-1e46-3b59-969c-b566d3558a9a,4
1fb70bcd-77ba-30e5-ae78-22d6c3883c6f,4
75814231-37ca-36f6-9e7d-975156143c1d,4
c767d0cd-c5a7-3f8f-94c4-27ce96f30277,4
b090eeee-c511-3e21-b4e8-887e5a37fe72,4
b948b889-63fe-384e-bad5-e4f639a944f7,4
9e552db1-6afb-38ad-a6b2-a9be828eafeb,4
f286b21d-9c0f-37c5-905d-53cb8c2d149b,4
49047cb1-549d-363c-a2ab-ed45f851df4b,4
e6738bdf-a21d-31af-ab98-56c11a30ddef,4
bab89756-c8e8-39a3-9129-3762fcae4c43,4
95fc001d-a0a9-3f4d-90dc-fa504e8a36d0,4
42b86625-d018-3117-a8f5-df60b2a0504f,4
1915d1e1-fbfe-3ce7-9c7a-254fb04ce847,4
40232322-4250-39e2-8548-55c3616441d7,4
dbd0f843-ed73-3f20-a793-84245862a91b,4
8a557e2c-2595-3821-8dde-8137d3827706,4
79f547ca-6583-3e98-b4a3-82f86f978263,4
37b67a5f-746b-38ba-8fb0-3d5b296e9951,4
a4a2970c-c7f3-3387-aa78-55b9d0886232,4
2807a66a-3ae0-381b-98a2-9d172b787398,4
a84284af-3861-3c46-89f8-d2d920f394c8,4
607d8a5a-64af-31a3-8b97-5efc870f7bd8,4
eaea2d91-b2bd-3470-9232-83b9fd525d90,4
c479b5d1-4bc3-398a-a5db-36c6124b393c,4
98f9aee4-3d09-34a2-a6be-df0d634f12a8,4
909b41ed-bf2c-3ffa-92d9-643b2ca77957,4
996bb9c0-b329-362c-b4e0-8300ee447e34,4
3bd552dc-7029-386d-81d7-7f2a8fb43eed,4
c484a680-790b-354c-9e69-04042f1251f4,4
68cd5309-7525-3221-be6d-f2574649a819,4
205fab5d-f78b-3c6c-8344-983b9d71d270,4
8bb2d5d4-5c33-33bf-8165-4a3ee03ec095,4
83c3f215-d77e-3275-a92c-2eff8b16a0f2,4
0f032f86-2362-362f-82da-31d7fa14ad1b,4
ef15fc80-09ff-3ef9-8df9-2c4b699c3968,4
e6626800-8ded-32af-881c-1ed8ee912764,4
061ba491-2bcb-3d43-bef1-5bb44bd2b8ee,4
cb312b20-4695-398f-8c48-38e5488e4a12,4
ee378e8b-426e-3212-b26e-ab6b263b0f57,4
ec5c012b-85d1-301b-8909-4f8c0ce20841,4
6610fa5d-99f9-3a23-adb9-e13029c94d35,4
4b0c05a2-fe76-3482-b246-93f2020589fb,4
bcd34872-ac8e-349c-bb5c-0caaf83f1038,4
5e274f9c-9f63-3681-b8e3-8b397fed7ec9,4
60d58b59-bc9d-386f-90c4-04fae0d61849,4
fcc2ca90-c6de-3208-89c2-f6061a868037,4
46a95028-88b8-3e6a-947b-a7fd1a852737,4
72ba491b-5c49-362a-92dc-d359a46d9e42,4
253f9866-88cc-3c31-ab96-ac425f8bd004,4
98f6f8a2-4a38-369f-819b-370565d35c6b,4
9d32842b-a823-37d6-92d6-3dedc098491b,4
8cd13510-e7ea-32ef-851a-2e404480ad09,4
ba36aca1-2d2a-31b3-91df-f935477e13f4,4
dd46103f-07cc-3f08-aff6-2ee3ead9135c,4
0b6d7348-b0ff-3594-b286-53bb23bb1772,4
79532ab9-0348-33a0-bc6b-351e8ebb4879,4
e0f51f2b-cad2-3620-a22d-bd0d93b95fde,4
0a393324-8d1b-35e7-9b36-e8f62dd2b18c,4
cd170d68-5f59-36b2-9582-adde533a4cc1,4
b93fd53c-93c4-3dd1-a49d-3d850d8dff97,4
58fc229f-c14f-3828-b910-6e91ffa22963,4
48e1c714-2ba6-314b-b78c-c752d82a2644,4
d1f5aaac-65c2-33e8-8b4d-7d63fa5eedbe,4
b96822c8-204d-32d9-9022-0edea4279e11,4
313b4acd-764a-30cf-a42e-92410a8b291e,4
5166cd60-74b9-3f18-b49a-ec860e863d1d,4
8bbc6385-f1d3-3bce-93c7-683a051a6d88,4
d47a9258-248f-37ea-bb6d-d666c224a213,4
52775ffb-adc3-339e-a458-2339b328b87d,4
89c49890-88af-3ec9-808d-7ef73b3b315d,4
5009f6a4-f0a5-3bd2-9945-9e7ea5e85c40,4
3b657125-db71-3102-b966-656b5f731d2d,4
d722235b-4975-363b-88eb-bf74d9871bb4,4
6f118abe-9bc5-3e91-8149-b2e53b0de083,4
47bbabc8-b0db-3068-aaaf-597929215b22,4
a7ade9aa-aad9-3f38-b312-c208551e0344,4
73c5ba2a-ccf8-3f30-855e-87593bdb5374,4
898bc8d4-4f35-3508-9253-d30f736c7ed2,4
63b14bc5-0f54-3135-b317-4792b4589ac2,4
e08f3ff9-7a01-3e0c-a64d-dd2c4b37882e,4
f9a90ee4-c621-30d4-975c-217fba9368ed,4
a4cb8816-2890-3f60-a17e-ff00bf431298,4
71e3f2b9-858b-3c5f-a337-5c06945f2f95,4
36ebf20c-c076-3de2-a4ba-ab12d80a888d,4
d64aadc7-7ee5-3da4-95a5-d477afb9f4a1,4
290c7986-abcb-3239-b308-6a96e8e537a5,4
04156df2-47ea-36a5-8e2c-57c5e7d9b6ac,4
73685277-9b02-3b4a-b998-2ac8a0a3f0f4,4
96654aeb-a9b4-333a-bc80-6d01b4b80055,4
12bc477b-3da0-3ba8-9c03-b4f697363714,4
fbcbf3be-a9db-3872-b3ba-3cd14676fbc5,4
e3517440-3db7-3fc2-ae51-218eaae468b0,4
ca2b6a51-8824-3445-aed8-f59c15c488a4,4
e8e71fd7-bc40-3395-9d08-636eab8bd08f,4
2a424654-0c22-3e75-a1e9-19665fa61f3f,4
55bdc11d-69db-3e49-a2dc-261cbbd613fe,4
ea0745ce-dde2-3050-9f34-378dec92fbce,4
a38e03d4-9e6b-3470-9483-a27960619f69,4
b3e125c1-07db-3fc3-a27c-d45f4c3ca420,4
00bc3e7e-ffe9-335c-8f22-8d8b3677f73f,4
ff976448-10ec-34b5-b8d8-1855f13f45a8,4
6756868e-80c4-3441-8515-5dc09f62c9c5,4
c61e643f-e565-3e03-91c4-bd4d23f68b1d,4
dc51fab8-6719-3166-bcb0-5b87ffd59b0e,4
0fddfec3-0b86-3f7e-8a77-dfe7f3bf7eeb,4
4069671e-8d43-387d-aed4-f5d534969382,4
b9ace060-8790-34c0-9d7a-11dabc858dec,4
170e50f5-99e7-3fe1-b9f6-c6df74d49f71,4
475d8be5-d86b-36de-9898-fe8833d7ef87,4
191a2f5b-e2ff-30bc-a071-8f99cc558bd4,4
e6d1c9c9-7b9a-3383-94f5-314ade60a1a2,4
62d9b689-5061-3337-9754-be321b1ae2ad,4
e03d73d0-8fe2-355c-8f53-37ed2ce2ceaf,4
9f459498-55de-3b97-90fb-9fd23b2d7611,4
ceaed91a-61c1-392b-b1ee-6f9b4d820363,4
c76566c6-b600-30e2-bd8f-9f3c9b01886a,4
4fa0b098-caff-3ceb-a927-2d4087a357ab,4
21e3aab6-e776-3cb7-a595-5906a0093809,4
ab8875b0-b0dd-311b-acd3-ac91724541b8,4
23b980c3-d9a7-34be-92ef-a6cb13cfc907,4
6c23e72f-abe7-34b6-a813-3caf8574022b,4
ea6cfa17-b4c8-317e-9b8a-2791abd48d66,4
d899a28a-f48b-31c8-bd25-e6d7292bd942,4
c7dd570b-b997-3b95-a85f-a936eccef442,4
f8382e16-ea26-3573-9f06-56148da4ff83,4
87762559-39d1-3f21-8b97-053fd145f6b0,4
963ddb6a-62c3-3c39-ad9a-a3b919766b4d,4
ca37de6a-50d5-3e0e-be70-a5e36fe95342,4
8d4ba2ee-c0dc-35c3-b47e-dae65137737a,4
bf16afde-ab3a-3ca5-b0d7-75cb14925967,4
5c56de4f-0c23-3950-9bfd-cfa45a7694c2,4
7d1cae03-4404-33a5-bbfe-f72f0d538f7d,4
3171e60d-fc23-3ed0-93b3-d8ee55b27bd5,4
b4a7ec62-a0b5-39d0-a219-c1c5d8cfcd86,4
fce324bc-4914-35f1-92c5-cd90cdcfa03d,4
871967c8-36da-36cd-9af3-1b77a37899cc,4
e170aea5-086b-331e-9a80-9afaa945f8b8,4
23deff3b-ce99-3007-982d-6efce98f6ebf,4
0b3c33d0-0406-365b-ba93-2fd674532bf0,4
aca8b9f9-2047-3ce6-8a06-50130f0c15a2,4
1e460743-89e2-3476-91a3-0997ef2e36ac,4
bf340793-bf83-3ac6-ae65-1a4358549f7b,4
aa9a8eea-6764-3019-8ff7-19ebb6052d50,4
5fb89b02-96ae-3f0e-9c40-a09fe8cf774f,4
efa97ea6-a586-32d7-9705-f4e6a6d1b788,4
e81cf09c-026f-34f8-83ad-4fc007a2243b,4
aeed56e5-3e5c-3511-9b5b-c3add0c8f1c6,4
68123161-3aa5-3fa9-bb70-c44688d829af,4
a75a9cab-77aa-3e6e-9e2b-016c9abb994a,4
f770b119-65bb-338c-90ad-5be84d3a1b1c,4
501ab11b-5c8b-3cc9-bc65-8124807984a5,4
d15d3dd4-191a-31d4-adf7-3bde4d20e274,4
cc99bc0b-b814-3e28-a9cb-27a08cee0295,4
6159ef41-7010-3ec7-9572-14dc49378879,4
93bf359c-1b1e-3d33-bd48-773c760ce938,4
cd841512-e7ef-3d92-8d1c-8f0a17d8d748,4
27d2fe10-5e8b-3c22-9f26-f5c2bd48987a,4
93913781-cb05-3027-ac91-48b4aa99f114,4
1404960a-2dcd-34ac-acbb-fae6bfd3292c,4
b138b4e6-0c73-3157-a423-1aee118f0da2,4
059a7bac-3410-34b7-a63a-0a11a27048d3,4
61f2359c-6b8f-3b34-b8db-483225bd3301,4
7e15b652-92f2-3ae9-9c66-4da0b111a9cd,4
47326bde-a2e4-3a3b-b96d-74ccbaae85d4,4
ef953661-af9d-36c3-8c26-f5f19a664489,4
56bf3da9-cd45-336e-8bc5-c11839c70ada,4
0c4ba63b-72ad-3215-af0f-9a22f00c5193,4
acdcc637-89a1-3a78-a835-e2b71ed3f3d4,4
282a64ff-2972-379a-93b5-bdc669405835,4
ac636e56-4d81-33ec-824f-79e3072d03e7,4
7b325a04-845b-311b-905b-09772d1877a5,4
327ec64f-ea9d-3b6f-a093-70fbcde0b79e,4
def0f9c6-c32d-31e9-a212-0a961f3821bd,4
e02ae846-169c-3481-a6d5-ec5371edc364,4
b79709d8-e36d-355e-ad27-eca39ab58b61,4
0d40756b-daf5-38e9-9dd1-1471437818cb,4
c56bf877-ab92-3411-ac6c-2bfc7a74f46e,4
f999b98b-1f61-3b11-93c2-b9b5b55e0ebb,4
8b368a6f-477c-39bd-8936-625470b74831,4
444d5e95-e28f-3af2-be23-3fafb452a922,4
b84d52ec-997a-39bf-a632-b59c82b7b1f7,4
1824aa9d-96aa-3f04-a674-52853cbf89df,4
cfea6957-c754-3319-bfc1-7f3e65080c6f,4
891db332-55b7-32a3-a2ad-c6a9ef04d192,4
e8a80267-c8bc-3cc5-9e25-1452f172b478,4
cee09185-7fd1-330f-a2b5-e2f5f7b8349d,4
39fbd27e-4f61-3052-8b9f-992cc8138bc1,4
797bbe41-3dec-3820-885b-14c18b411e61,4
f5309687-ee29-3d7d-bf51-64579d30d48b,4
8b3d78d4-325e-3f5e-88ee-21d711dc2009,4
0e32ea1d-af58-36a2-9b9c-0a9bcdbc38fa,4
f2c1e8a0-b572-3319-b1df-f3af0f8b69a0,4
c3367309-3ea1-38a0-8c0f-9efd81a90ded,4
edafd187-c759-3265-808d-eb6012e8fa6f,4
416b2ffa-77dc-3ed9-ad24-901dfff01f82,4
19ba2b93-1379-39bb-bcf6-5af7400b1300,4
ed39436d-0df2-3936-b059-f7885b35cc23,4
a1bb3fcd-4256-354f-97ce-620b8d4e362f,4
bdbed41a-e178-31b9-98fe-2f8b04f59e04,4
768a28cd-1264-3886-93a6-e4c364cc3908,4
5f5ea272-cdfe-3bc1-82ef-833d77de2d6c,4
7f29e2ee-d889-347c-931c-646517277167,4
fc82ce5c-f40e-3a4a-a4e3-34592fabfd15,4
9efa7c8f-e60e-3b57-827a-9129937ce20f,4
6c754765-3c32-3e69-b6a7-ed13bfb12435,4
eaa62da9-f9d6-3b57-95e8-7718851dabdf,4
245d1357-9c28-3215-a383-09feda414c3a,4
79fa7e5e-c9e3-34fa-89c5-54252e7350de,4
042d8ef7-0757-35e6-9236-01a3bfb2248e,4
cd386d3a-82f7-3a1c-b5a8-2a3bd2a4a18b,4
efd462eb-435e-3c89-975d-2cca304c75a3,4
7890bc0d-836a-338b-9494-d604802e7aef,4
e61390f0-96f1-3d96-b25d-69afba383e71,4
7b60c388-ae58-3fd5-ab76-088dc0ad520c,4
0d2e61c0-0e24-3a26-8368-51fb1d023127,4
428b60e0-1123-3218-afce-4264bc0c8784,4
82e1ee82-d0f6-3a41-aaf7-e63e0a950213,4
cea45ae0-05ba-3f94-b12e-7038486a8402,4
e4027d12-d66a-3e0c-874e-43f7b9b72cde,4
fbd9eafa-f6b0-3981-b957-f473d46a99a9,4
125e798f-ec17-3af7-b725-3e34c8e957f7,4
a7fec12f-6300-3a59-8cc9-055fb2eb56cc,4
3f806290-851a-3fec-93fb-da152319f3ea,4
00fd2ad2-f8b7-32ac-b70d-443a9956a636,4
9f7358f0-d9f9-33a4-92fe-e753c27c4e7f,4
fb6f16d3-3e13-3ce0-bf63-7e64d57bf9a5,4
7498448d-ea9d-3baf-a95b-7aea352abb3b,4
6ec8f2f9-7ecd-339d-aa07-6d49f83abe74,4
389e740e-9ce3-330b-b731-2d748b3ecbc7,4
ec9bb9e6-2586-3ed2-bf0b-a58d8032fd16,4
ef1a8a0e-effe-3d97-900e-a1eacb283431,4
fa305bab-2550-35b1-bc5b-02d92f43d528,4
bec6981d-4aa7-36d1-b44c-7db62d7524ca,4
e075d0de-5cf7-363b-962e-3f36e1c47616,4
e1c56a9f-89ec-3432-9d25-0c10b43b3872,4
da370053-78d1-3f35-b373-3404e448f436,4
57f762e5-ad8a-3f5e-a2f2-49ef2072b932,4
ab882e03-83d9-346e-ae99-6919e3d53c5c,4
3ce7afe8-f0d4-35ff-ac0b-34962010eadc,4
70f60382-8b46-3aae-b9bb-2d34a3bc2f40,4
53cbafee-a2fe-34b2-8091-f01b1ac6b40d,4
b78d2bf8-e655-3dc1-a79e-92012520612b,4
7d9e5d51-2ff2-31c6-b1d9-23602a983884,4
eb8881a8-e277-3435-8354-b546c52bad98,4
26eef29d-3c62-3b4d-ab30-3e7123fa7c7b,4
ad687436-ddc5-3069-a561-f24dfacb9dbe,4
646bcd31-cd9e-3d2c-ad6a-bfe67091a5f8,4
1cfdab9b-eab4-3014-a467-45ee6fce05fc,4
8ff8e244-c0ed-3161-9284-debef227ceb2,4
1baad795-4cd4-3e76-b106-0f83a72d0877,4
11222a27-b7ba-32d1-a275-a016771bb576,4
922b4196-b661-322b-a465-82d30d372488,4
7c8a6132-b30c-33dc-b379-767f342394af,4
56193c91-4480-3eba-9aeb-bfbe0ce41f7b,4
ee9223e5-8b6c-348a-a1eb-744666c0e274,4
5505dcb6-99f2-3662-a0a5-2bc8e77e62de,4
ec39e9df-4f78-35e5-8d28-101b49253b7e,4
6f6cab97-de23-3c44-8fc9-bba43f0ab854,4
95fecfaa-3a51-36fe-baa5-ba7e750de717,4
ad7c8cc0-d62f-3dda-b264-8511be4a78e8,4
c16ca31f-33bf-352e-a101-083725ecb597,4
d829a977-b350-3dbb-8466-cbf9dce4d6b6,4
6576db67-7f20-3b23-833a-f3f5fe179c0e,4
bd0ce9c0-cf73-3572-813a-13a299d532e5,4
641f1d28-ef9d-31b2-a12b-4ff33856c313,4
5acc0384-3959-33f1-b788-6415645f7d45,4
3bb27e88-7320-3dc1-85d7-73b74eb44825,4
9a4e1978-1112-3b2f-9084-e7cbdf3f1b8e,4
7fada9e1-ca90-31a6-9266-50320914c047,4
62f10afc-218b-3fe6-8fa9-3af61ce635a9,4
5a6d3bfb-2089-3c57-9eb4-1903aaf08d1b,4
4b1f7c3f-c76e-31e1-ba1c-165855a25823,4
02ff0c82-691e-3f53-ae4d-fa77b0d13db3,4
33bb523d-620a-3a1d-99dc-2b8e87328b96,4
a3d59c7a-af82-3e7a-a9df-b40cb4628f7e,4
06ff784d-7132-3e5e-922d-485ca95cc52b,4
134bf9f0-fe66-3350-a21c-0a69f25e4c68,4
cda46911-4950-33ff-a2d5-22b755c8cdbb,4
c62c9f9a-146d-34ed-be0c-5846f1fac56d,4
a3737df4-368d-3d95-83f0-d0019f308ac7,4
b457e60e-73a0-3d87-af97-9d1a65e222a5,4
e3d1de6b-9dc9-3fc5-8181-c3c751e9d34d,4
12fa6e4d-0af4-369b-b62a-563627ec26d2,4
4d2b39be-df1c-3efd-84be-ee1eb646d306,4
62093eb0-888f-3af7-a0d7-0fe9d5b44f3e,4
ca636681-bc3c-3f05-b10c-bad397c69d5d,4
1547be92-11de-358a-8004-2a6dc3a19594,4
d1ea66b8-e22c-39e5-b4db-203d5e87a670,4
223d9673-52cd-376b-9751-c00a505dd8ba,4
f8e13733-4ec0-3b8e-a989-bf0312058ed2,4
96a73fcf-bb67-31b9-9337-e3e35a58190b,4
0d7adca7-d11f-3918-9e44-7ba3ce05bc7d,4
9d403cac-a0ca-32bd-92f5-42959c3ce658,4
e7c440f6-1fb3-386b-b3c3-63bbdf11a697,4
1993a23d-699f-33d8-947c-c1679d02858a,4
866fb2cc-47d1-3757-b6f0-9cdcd32eafd5,4
e784720c-6574-381b-9e18-7f54ecee1d8d,4
f38cd197-ebe6-310b-9d3f-af60cf445ee2,4
8ed83761-4c22-3c52-954c-3e5b435973c1,4
a60ed6e4-fe90-379c-a0d1-f6c1f3f7705f,4
76bc4f10-841a-3687-b061-00a80ae27c22,4
18d49449-01f2-383a-946c-f2f7d3006735,4
9b821d90-9510-3535-b136-73011f86a8db,4
f2bbbf7e-ff9c-33b2-9d77-f32134442d2b,4
48a97481-d36f-3c44-8cea-029c7922fb8e,4
b177eb7b-d5dc-32ed-99bd-a500e14ef4bb,4
5acbf04d-ddb0-309e-879c-a1e780e4280b,4
22dad0b0-207b-30d0-b408-0362f9f9481e,4
86fbd5e5-953c-3670-8e05-2c0fd6e85252,4
3f86f032-8e6d-34f4-8510-0f3b539648bd,4
94a917b2-eae9-3413-b696-3fa6f87363be,4
36520ef4-e289-3f14-aaf6-c2f2cef6ff37,4
ad4b664f-ae96-3f9a-a6c0-ad7bcc05aefb,4
dae7b1dd-887e-3033-b9f4-806e80f519b7,4
d748370f-4af6-3c45-808e-e10522527832,4
86217ba7-229f-3284-b74e-df54e2d86173,4
2cbbf47a-bc81-3ebd-b947-43686ccc9b08,4
a09d6969-14f6-3a51-9fec-51e71a852b2c,4
5f80393b-acd5-39c5-a6cc-69e671cea96b,4
cd128aa7-0afb-35d9-bc8d-ddf0f8ee63b1,4
002ea466-05da-31ab-943c-b728835f740a,4
13f6d073-9908-32e3-a52f-1932ac8c44d2,4
a9ac5c1e-cfcd-3580-82b4-a79e0e040c23,4
5cd61b33-53d9-31d6-bbb4-dfd686cd3476,4
631909ca-2466-3576-981a-908e400a9c89,4
57e82091-3844-3734-891a-7e673b5dee86,4
a050524d-c4b4-3b6e-9f24-d138302abe82,4
94dfca02-7515-312c-a4f4-808993c58cfd,4
9341305b-4bfa-332b-a126-83e2c7848086,4
8ff57413-e2f2-3057-8852-5ee9e2100648,4
46f452d1-89fb-3796-a4d7-062640521479,4
95d915b9-28ba-373c-86b2-976c99f96b9d,4
f3d7964d-b1c3-3697-bb44-a448ea661dc9,4
2c5f4322-1957-3378-b785-b44e3f5047fb,4
07587eaa-3e29-3735-84a4-54569ff19a08,4
72fc0072-87d4-3a54-80b6-ee875939e307,4
3345517e-a679-32fe-871d-8cef2ffceba2,4
e1dd75b6-5c8d-3580-9b11-b47174195b94,4
7042d070-bbca-31e3-a2fa-461d064e40b1,4
19086fe3-6456-32d3-b4aa-e141d5abb0d9,4
74744be3-e976-3e06-915e-b6790af95dce,4
657658e2-3395-3714-92ac-6cfe2019517a,4
6b914426-8da6-3222-b5fc-7a7ba2455549,4
df7bf60e-a377-31dd-930a-79a9d625372e,4
9cb9de0c-8091-3a98-af49-e58abe46fc42,4
ecf4d85e-5f3b-3fd9-a2ed-5984ffdf2429,4
91154f95-eb59-3174-bf8d-405c2d09b3da,4
374bee6b-173a-3e78-a0f7-4cdc35ed0bce,4
057f7c7f-310b-3143-b035-97f15a98b5b5,4
23fe1f9c-a429-3178-a3d0-d47a62548050,4
d833e97e-d7bc-3f63-856b-4550428be777,4
596a8aff-d559-31a7-ba7b-78271658d2df,4
a75c6c52-2f49-3d56-8e33-4922be995585,4
e5ef0ed7-429b-3b33-b1ed-fec059621666,4
e9d89f12-636f-3859-8382-c897d2de40c0,4
b6580a75-5e3d-3dab-9231-0ee150b24107,4
ad9115ee-ab3e-3669-ab8f-cedecb0181e7,4
2b75129c-bbe0-3c89-8362-579b2188c886,4
0bf7de56-a546-3769-bb26-1c30a1a42803,4
44c0f8a3-2393-337f-a435-b49e60ffd409,4
dddfabba-d420-3e64-97b7-bb525574a57d,4
3f20d4af-ba2d-31a3-a973-cfc631053ae7,4
b1cbc8dd-3624-3cab-b1f2-b5570c51cc5b,4
9285f53a-bcc3-3169-9d7f-9533b6a65bb8,4
33f136c7-6924-3387-8cb5-1c00b0b76467,4
b3b2ea2b-e0d1-3abf-b236-5f5b0fc520eb,4
731cb8d8-204a-3e11-911e-6bc91bbecee9,4
2f30bf2e-ab16-389b-8b77-304387c8fae6,4
7042b374-efe3-3835-a675-ea3bc9f54677,4
5eb3ce08-403a-3511-9179-54117a7f9961,4
53a150a3-49dd-3904-8a56-406538e1c822,4
7dce7890-56f7-35fc-9def-6b909dcba791,4
add0ef5b-c9fa-3916-a574-806afd4907d7,4
265322e2-f997-3943-9089-c2148e31b400,4
0f7f0cf2-488c-3045-bff9-f1e7be77bf09,4
e0f0aca6-6d6c-3685-bca4-ca26050c515d,4
ea9a1edc-3308-3554-a166-814fe41e85e2,4
672bce4f-e7ad-3dc8-94da-67b17516c06f,4
d17c2040-534d-3549-9745-fda3f67fb2c9,4
44007c2d-c0a7-39e2-bf60-855d1217525f,4
9ba98fcb-7ec8-3fae-b8a2-3d7c5cc2bdb0,4
ff0d7f80-47eb-3fce-aecf-eb8f462a00e1,4
5de923f0-b7d8-3dc1-9f24-7d380440279b,4
13b23d66-9673-32af-b87a-d8b6912efb5b,4
40cfbaba-7ff2-327a-a5e7-caffdf8c1898,4
bd62ae33-04f2-3ad9-817e-febc4f6cbaaf,4
75bad7d9-c298-38ee-b81e-9ab2bb10a094,4
0359a343-b1e6-3d8a-8d66-e3891fef69d0,4
9d4f26c9-aa89-3ead-aff5-9f3e4fb1b75a,4
92b8f795-fc1b-3050-8276-3b2afda92e3e,4
5faf6530-eed8-32b9-9f47-94ff39dc033f,4
67c16158-ba35-3aa5-ad0a-9b4e3ef8a7a8,4
95f53fcb-dae0-3567-bef2-d0df8dfcd697,4
c0e19c2f-32df-3627-8df0-ffe895d3ad49,4
fbb95f08-6636-3eb3-aed5-70b2ef4a5e8b,4
93fe58fd-b0d7-3e66-852a-4cf95751db87,4
1c8be399-10e6-30b8-bd53-03f77247dc30,4
267f1180-d509-362a-8249-9293721945a9,4
712fa437-0288-33ad-b1d8-bbebc8602119,4
1d5777ed-1dd3-3259-85ef-a73609e2ea48,4
56107b40-801f-355a-8cb9-1296e640095d,4
d94a4c10-ce11-38b8-9a1b-bce77071930e,4
ebbbf8e6-cea3-3443-8242-8da6c8e9fdcb,4
e44d2da1-5457-3a76-af05-511acde0edea,4
668dfd87-cc7d-3ba5-a99c-794de1fc11d5,4
fc25df1a-1969-3e95-aa4a-9cfb5cfb8685,4
6304439e-d89d-3baa-9a41-6c3c71ea8bc7,4
2cf1eb29-bd36-399c-b3b6-1b49e849f496,4
86303032-fd5e-3846-9e11-74de21690491,4
18cb9b7c-2b71-3d87-8a0b-8d96e0ba7545,4
2b45e302-449b-39a0-afc6-a132060b347f,4
30b2139a-5ee4-3b67-ab86-d908435d4e97,4
8165d7cd-bdfd-37cf-bce9-ef4df4c702a9,4
e7c04f1d-ddb0-3391-9e56-e767f71a857d,4
ee9c92cc-cfed-3478-91e7-cd58cbef47de,4
05d5c5dd-5e97-355b-95eb-e1bf75627f3e,4
0155dbff-5c56-34ab-a694-1a428ad7aca3,4
abc83436-c39b-389f-a915-e6f9b0953de0,4
a1f54433-095c-3495-bc13-51b54055c203,4
8a445f4c-4d7b-39a4-9a0b-fb46ffd9f492,4
e95dbe85-2f58-35f5-bb52-d6dc503479e0,4
6041e330-4961-359c-8c3e-fffce97ee15a,4
fbb7d84e-8140-3ce8-90c1-392f6e28b9a9,4
8b9802b2-0fdb-3f3a-9114-b85f2546f75f,4
d858b9d2-2347-33fa-a464-2a918327cee1,4
912b168c-81dd-34e9-b81d-254ff6fd2507,4
2aa81d68-a530-3280-9893-26426aad01c3,4
e9b6f3fc-cc26-3494-9512-c2d41a85be0d,4
f3810353-d848-3383-9582-1ddc5864242b,4
f6a568cb-cc34-39ec-85c6-349c310644de,4
9b1e62a6-344e-364f-8974-fc089d08b625,4
aeae000a-b935-3390-ba64-c0844f9c180d,4
f6d7bf09-e795-3952-acf6-e445d58f99de,4
dd731f94-092c-3d10-beb7-5b92aa0b2159,4
bdc16865-6ea8-3d1b-af0d-9e38afd51714,4
832f9cae-995f-3d90-b400-20edea17e370,4
34229438-5b1d-3406-9814-1773547f8530,4
3daaf240-be05-3b9f-a294-42c1a06ddbaa,4
b6796e56-fba2-38a6-bd4f-bca981cdf943,4
c64ac288-9579-305f-9c7c-da694170eb63,4
2972d00e-494d-3d1c-a222-eb2b1347979d,4
19cc2eb6-4462-3f94-9d04-12f3fe1b17ec,4
5395995b-cd75-30d2-acf9-ba5b9bad5427,4
214052bd-1130-3df4-b8db-ec9a44f44ee3,4
6b541129-bdbe-38a4-bc19-173a50970603,4
a88df773-6564-37ac-85a4-eead0e179ecf,4
7583a61b-db89-367a-be4d-dfabdfdfba1a,4
0c683ebb-0e9c-3ca8-a703-1666e7aae14f,4
8c4b73b3-f872-31cb-bf42-e34b4b39fe70,4
19541b74-220d-355f-866f-d8990b5b5bad,4
b49e5b33-8adc-3a1e-ac37-d983ff44406f,4
ff80af3e-108c-3c78-bce7-66a7f4586f67,4
ffb7c3e5-cde0-34f7-aeb9-f85b8005af70,4
1757a15f-6d92-3565-8618-5936e00c225d,4
08b2385b-d0f0-375c-82e8-025778a46323,4
11b6790d-0982-3d74-9e80-d51bfeb90902,4
22b6c123-5145-3871-bf87-89c97920ef50,4
7369875a-94de-356a-8548-45d527b2cb43,4
76f24b16-65ea-3135-99ec-941f2aed7fb1,4
a2a9e8e7-48fe-353b-bc5a-32ad7b021823,4
5311451a-1d14-37a6-bfdd-f604e18253b7,4
cf00a9d2-205a-3b42-9865-9b79414c893f,4
38f7abed-5bd4-32bf-ab40-24334f4261b3,4
90324520-c0e1-3cd4-8030-f57dfd899cb1,4
c8a77043-afe2-39cf-b4af-0a19f15d46ef,4
e1307189-8014-36b7-a96d-9e1a63fcbb56,4
26c06dfc-efa4-3ed4-bff8-ffb0165c6d06,4
674694aa-19e2-3b28-b0a4-a2f2a37a2953,4
61cf8599-5573-360b-8f86-00c4e9a95935,4
7e82a2f8-cfb7-33f0-9034-b976bf3bbb6b,4
c14b8583-5b64-3477-813f-8610e149042a,4
3b91c18e-9322-347f-8e84-25a9c0156198,4
0a501f8c-3f86-3651-93ac-658562b9d4ce,4
742aac9d-76f4-3206-a91d-a3a7e48501c5,4
1b3c6df5-5d03-344c-b849-dc91d4ef18db,4
a863d0a1-0f1e-3bdc-8b8b-aa66b83c1406,4
f054bfa4-60f5-3360-8356-d010416126a8,4
f4edb6fb-da06-3f14-8cf9-dfbc101aaa65,4
14a3220c-34eb-34d1-86ee-241c49172040,4
67b393bc-9d42-34a6-bc29-108f5478afe3,4
1fd55f30-07fb-3033-83d7-dbe5ee13ff2c,4
5df9666d-b71a-3f28-9666-59ad1d7cd74e,4
05c60ad3-0678-3bfd-ac4c-a58f5754a175,4
46d15772-7244-3b92-ab81-0fd02a2cee57,4
da0b8b6a-426c-3781-b2b7-5faeb954a412,4
a1fc4ee4-9d65-36bb-9302-ff7e5916f005,4
c13d52c1-44d8-312c-add0-a6bb383d1017,4
d6a412f3-fadb-3cb9-90e1-d5c4bbe6bb2c,4
614d0f9e-1d02-3156-bb62-f0966e328937,4
83ebef98-5929-3dba-84d6-2af5ec720e80,4
61dcb6c6-3954-32d1-9d3e-64e001bb7067,4
6a298b91-3aaf-31c1-84b2-ba853aae78e1,4
b963badf-8675-3a21-9fb8-489482c9df12,4
d480ba9f-7b27-336e-bbf6-fb512d90f98d,4
dc37ab75-b912-37d1-b8d1-9f4fde4d8ef6,4
4bb3b360-11f6-3b1e-a9b5-a00e540de485,4
91492597-5103-36a4-b3c4-f68ead6e5d6a,4
4a558e28-0eaf-3282-b9c6-7c5ad226fc34,4
c407d8a8-f829-3361-a1f3-78cd56e7acbb,4
a308e058-f3d3-3f20-9727-b54b1bc7f30b,4
5e2f090c-63be-3908-938c-ae1928240dc2,4
f410e44b-4258-3490-8735-6e035f2ab1ad,4
d4326cac-1692-3a13-8b58-5d057a9e7218,4
43ba730d-ec38-3f3b-b0ae-656cc491cd2a,4
4c29c248-6234-3ed4-b32a-90a41dbd3a05,4
e83bf696-37fc-3cb5-a3f7-1ca80487e41e,4
6fb61739-2b30-3b44-ad67-e92f8835d9e4,4
2b5bb2b6-491f-3b1a-852f-57acfe3d4908,4
9eb4a50e-9bef-3afd-bdb7-def4091a97c4,4
6256ee9c-e123-3e25-9f31-974a1ee6d31a,4
a8973f83-b450-3274-92a2-c629249fcd86,4
47a888c4-2cf9-314b-955d-ff55eabd70ac,4
a5354594-db1b-3e9d-b543-5644c9867e68,4
0f48955c-e1b8-372b-8285-68a09a6b16bb,4
3bccbfc2-5b9d-33ab-b564-da2dc32d6f78,4
fdc50c43-f19c-38bf-be01-edb76e10da1c,4
c980935b-4034-3403-89e4-d179d84e25fe,4
40f345b9-59c2-339a-9d08-da6c7202a5cc,4
f7c872e2-2170-340b-9096-f6c7183adf5c,4
501e9aa1-0d19-3567-ae57-754e215517ce,4
f50482d5-c78c-38ab-8fad-d614ab52a26d,4
015dbcdd-cd6c-396b-b584-4f6e1ca317ee,4
8129ebae-a2d7-38ce-b022-0e6cf10f3f5d,4
720f1167-f1c7-300c-a21f-5cfcf18005ea,4
1afba7b5-93b0-33d3-979b-7e8663ccb465,4
adda9c96-8078-305e-9a78-ae873684ff0c,4
a3299be3-6763-3d8d-baca-2ee6289fc8a0,4
67af9a0b-b975-3d88-8200-890afe87d940,4
98948b1f-adf2-392b-bf91-4f6d90ca4f90,4
4dddf582-0e24-3546-84e5-ca7824b83a75,4
795b358c-ab38-3f5d-b162-e4fc1fe1e265,4
c2f264b1-0474-3b34-a861-bf86be5d8923,4
798e707c-c686-3357-872d-b5585942b8d6,4
733fe026-4108-3b36-b133-16feb5b075ff,4
4fc31a25-957c-3f9f-9d9e-0635566344a8,4
22b23c15-4138-39b5-90ba-edc68c092f20,4
927b4384-0be7-3394-916a-5d5d93fb8ab7,4
991ecd3d-d488-3a1b-ac41-1b6474627c40,4
19cfac98-faf3-35a4-8cc9-3cac2398eedc,4
2204b0bb-fdc5-317d-b93b-6adc9ba80930,4
4866243a-b4a5-394c-83d1-790341368e25,4
34aa7889-bdee-3a45-910d-9f451cd7a1bb,4
eb6b5711-bfdb-3966-b2a6-d791506e74dd,4
970b58b5-be6e-3833-a844-d2fb61ad2228,4
662d630d-94b7-3c7a-9f3e-50b9930a5157,4
92e2b10a-885e-38f1-b4ac-a8e8cd0780c0,4
6cd70a00-937e-3178-b14b-c4d714db69aa,4
7f2545a0-03e2-35ea-9351-d5cf633ee07c,4
3d9ea9d2-a4a9-353c-96a8-385c9bb252d8,4
2b506405-7cbc-35ef-abbc-956582a59860,4
aa16bb2a-5aa0-3630-a16b-549d8185cac7,4
1d214686-70e5-3844-9022-9f3380e2b191,4
da3992a7-15f0-306c-907e-5951f1c337b1,4
e4c44674-00a0-3546-b466-2ca074afa90f,4
28535d66-9b92-3784-b917-5885f5b05bee,4
1f29de52-7388-3109-a2b2-5cb5bcdf9613,4
e0f63d46-7ab3-3a3b-be4b-9994c3c0633e,4
b402d737-cadb-30c9-8f9d-4eea87b3f504,4
81d10ec6-de4e-3ba0-8d6b-efba225fae88,4
b99c6d0c-4ff4-34f6-92cd-9318219ade59,4
4c9aa833-8b4f-3c5a-98ba-2b73b46edbc6,4
e7397a93-bb9e-3d27-a1a9-8674335215a3,4
7a5ec181-a109-366c-843a-371dc99be2d0,4
e2b65691-1a39-3de8-8d16-fbdaeefc35d2,4
8c4d9cda-d674-3f6e-b369-e413c7996bb9,4
e3810f69-a538-3e29-b45f-6902b0cb8604,4
21b1124c-72bf-3376-ae5b-27b475e3ff31,4
f42483c7-6d3e-3bbc-8c84-0c4ee3313142,4
9230de06-6e96-3631-8704-718ff3ae6289,4
a88092ff-9d2a-351b-95e3-07f7843d2b3d,4
34ad8b2b-bc22-34ef-b71a-2932dbc6d877,4
9ee11ea4-37c9-35c8-9dd8-b63d13206f02,4
87074e67-2330-3b7e-8fc6-f13d5c006ae0,4
f7303eb3-4200-3f7b-925c-ad66d846b810,4
c957587f-e8f8-3af2-8074-bd76a3d554c5,4
dbb460a7-8458-3566-8122-e442f23df674,4
5205ebbc-24ac-38af-9e8e-332e281dd07f,4
309c46a7-bf88-3b0b-9223-7ba8e98993e7,4
01ae532e-fcda-3e11-bb35-749221df10e0,4
85002aa7-dd90-3616-b5e2-9977f2a7b06c,4
b5d70404-7ad0-31d9-af6f-7a622a8fbb22,4
7385bbc7-9045-3c32-863d-5ec94bec3d61,4
5c7a37e0-ec05-3f1e-aea8-6afecf45c2b3,4
ddebbe42-d3ee-3080-9121-a82c7b1a188c,4
87ee7c88-615e-38f0-a049-a7e3dab7f153,4
c5f28974-bef8-3626-85ce-4a887c9cd3ad,4
f172d0bf-eb0e-3319-91d4-b03815d40d8d,4
9e38d52a-20e0-3362-b563-8d4b2eb425fd,4
67286ecb-e140-336f-bb91-709038002e44,4
94978c86-fea9-3791-a5fa-e2786d49074d,4
39c0ba66-7ad2-3735-bdbf-492303c65521,4
875beb31-e21d-32ec-b1c4-10498716309c,4
ca4fd712-d0aa-3e57-980c-006f052fe2b4,4
e74e5ac5-d4d2-38ee-8efa-a63357cd6a55,4
48a84434-a427-3781-a444-b3b5c64bf66e,4
afea2fb6-e941-34c4-907d-d679a0e88af3,4
38794637-2e8b-37c9-b4bf-b2b09a03439b,4
c31859ed-550a-399d-ba3d-3ce141a3e499,4
fc88eb29-d0a8-3d08-b698-6b4c91106807,4
1bba37f3-ed2a-3e3f-804b-3454ab7aca5a,4
a7659192-ab0f-3af0-9d11-f9a0cd432873,4
39597fc4-bfcc-32f0-abc2-1cc2b2932f95,4
b7d0d29d-918e-328b-abcc-86f4aacff736,4
b2653e51-cc1e-3a42-9c09-37002acad567,4
0c7e6b5c-511e-3678-a5ba-f21dfcd6f351,4
1df79402-de03-3d4b-a9b6-10aae18c774a,4
ac5e4f11-bbfd-3a67-a6e2-d908674492b2,4
c9eeb7c0-19f0-3a49-a40a-e7a3c450d74f,4
0374ce53-4ef7-3282-a434-583e166da48a,4
1cda043e-7862-3737-9e78-7034dc3074b4,4
b9e5e53c-6cd5-3b67-bf84-056139e13ad2,4
cb252146-76e6-3c39-8686-2882a4adca6c,4
9c1b5e13-a2d2-3c5b-a216-7451ac82229b,4
76109524-532f-3496-ac0f-817aa00c8b0b,4
cbc03195-d54f-3326-bb0b-2cdf726f2f64,4
6ab38e48-965c-3683-b4be-ca64db3e52a2,4
ef490577-48d3-3a3f-b1b0-0dfd5c710448,4
a9f1d64a-5276-3f58-acc4-eceef4b60925,4
b748e8d9-e51d-379d-ba3d-287665ed3d2a,4
3f5cc985-052b-323f-861f-2be841c33802,4
01b89ea6-516a-3935-9fe9-46c4cdd4533c,4
3f072a4e-b958-3b60-b07b-15a3af78e1fe,4
0718b623-eb20-31a3-a030-6ae5687081a2,4
34103ca8-da5f-3994-811a-b2152c793d36,4
3039c319-1181-3efe-b5f0-ba8e4f853d2f,4
9f46345c-9ea4-3056-9f82-25151c650151,4
adf79fa1-7c1e-3ef4-85c3-c95af4d18355,4
d1d6da70-cb9f-3eb3-87d0-6b336d207840,4
6a83b2ab-41ad-386c-b674-e4ae5fe1962c,4
c3184bd4-7e71-3c25-9a4f-e60843675e49,4
245e737a-2385-3d18-abdd-1589f0ccaec6,4
2963e14f-fed9-33c8-9d22-c16400814c98,4
a54736ef-235f-3eec-85ca-64f549b7749b,4
ded8d927-a5b5-30f5-933b-d44292346d52,4
36ce6d21-8eef-3a2a-a8fb-321bdd8283c6,4
f3fc293d-4733-391b-8926-221d553b2fb7,4
27d7c079-3303-3efe-9c72-2e47384c0fca,4
0529e78a-f9e6-3462-a234-68bb7940d9ab,4
bbaef8a8-e270-332a-8831-bd9779dfba93,4
82ec2d06-4073-3689-8d2a-b5cc1d40bba1,4
a02ef89a-daab-3242-bad5-d44a781ca161,4
825a686e-bbc9-34a4-ac8b-c58ba22cd5dd,4
915487e7-3f9a-3403-aa29-f3291fb2c172,4
354d179d-0bd9-3363-81a9-8e339606e03f,4
0b5ac537-09ae-3bb9-ac48-ac6f37014bd1,4
a6b86b62-6dfb-309e-a9ab-aab71cca8544,4
1b766cd1-63ea-34ee-a934-b8f4735fc4d8,4
73c7bdb8-56c4-353b-8de7-e4bcf3af3e2a,4
113b601c-fecb-3cf1-8b1a-1b9f1361cb59,4
ebc960d3-5c4f-35c6-b466-e32733de1bbb,4
8e65119d-cea0-3d23-8e65-78b4bc1fbdf2,4
e6a23b0e-248c-33ea-b8d2-1addcd54f1ee,4
43ee8e6c-ac12-3556-83ea-fd8ef43df0f1,4
5219386f-9b62-347d-bec7-24a5f900de03,4
ceac8060-29a8-3791-9540-0d9a8cc64b6e,4
91d9bcfa-2fa6-3a2c-9228-70a18730b53b,4
f15b0ccc-5f07-3087-a148-749144bbbb52,4
43dcb4a7-f08a-3688-9585-4fb21359ea20,4
1ba57f1e-b5d3-3509-9c96-728459a89af8,4
3be6d7a2-afd4-3a3c-8cdc-c37a945ac98a,4
ef795352-9095-324f-9e0f-3729d7f744ce,4
5b59031f-2fb1-3a06-b3fb-39d14bc9b0b1,4
1d0e600d-e298-34bd-af95-5a094bb906b2,4
fd2ae665-3fae-33c4-8b46-36347db6bd3e,4
44ac4b01-32ef-3cf3-b270-6d56db941a0e,4
721b771a-76b4-3402-8967-c56b0c51f2f8,4
9b2c36dd-b4da-3e85-84cb-d4f77cfeaf17,4
f2ecade6-0482-3b81-9ab5-98719586289c,4
28f0e6e7-abfb-38f2-9b6e-657c47b0dc0a,4
1e2e84fd-052e-309c-bbbb-1265a5cb7ab0,4
0cfbbe77-7bbe-3429-9cfb-6bee9444ccf4,4
89a00ea2-3565-384c-bf62-276a09ce25b0,4
7710da26-3f0a-32c7-8dca-6ea61ee34eca,4
2ba1b2c1-64ff-348a-8917-bbccda0277bf,4
ae048e66-fa85-3f76-a3e7-7661ec61825f,4
b4a52813-849e-3aee-a658-26e7dc9297a4,4
a052aa9f-7810-36b4-a1f0-ed1e80eeb6aa,4
0f0f64c2-a8cd-3c15-936b-861c2d5d5fff,4
8015fa1a-7bc1-385a-9bbf-dd7b27d6f12d,4
ae6e2f93-c407-3d64-856a-879cc6ba7c1f,4
bdcadb7a-9f51-374f-aa9e-c98225e5a587,4
140e258a-2d48-36d3-8ad2-e10615ae15a2,4
8fa2b924-c767-35f3-a1b7-ef22a0d35cf2,4
902ce186-4120-34e5-8211-55bf7540b338,4
d1406dd7-3d2b-351d-b041-086a133d4468,4
3f6ba87d-cb04-3d3a-afb0-5b478cb03f43,4
e1bc3980-3f91-3b00-9b66-35b7b04218a5,4
ef0c71b9-b17a-3ffa-b9f4-52fdb8adfc98,4
31687c9a-ad18-347d-9efc-cfc637f9212d,4
2d93d7c3-4637-330b-a4d2-2966e390a549,4
befd7143-a774-3f65-b091-e11292104226,4
bb822e9a-134b-3af8-b8cd-0feae35a54cd,4
4cdf3175-4659-333b-a155-fc32d9ac3c4d,4
4729ea3a-0d0e-3dec-904d-e342d0efcf19,4
08ed5693-94cc-3f15-8fe1-f9f6880799b6,4
d3e6789f-aab2-3d79-b370-1033b6c9aac5,4
8e51bba0-2139-32e4-b2d0-4e6c61f56ec8,4
76369d11-64f5-34a6-b411-ba0942421f41,4
8d0d77ea-fcb7-36b9-b08a-2706337011a8,4
b5ae0473-7ec2-310d-828a-5efe02a3c847,4
68162bb1-aeb2-31ef-bf72-36fec3c7e7b9,4
40a2a150-87bf-3c51-be78-40af06ccd379,4
e116157d-e9ea-344f-aafe-ec98e5c5da2c,4
b2561baa-4767-34ae-9488-16a24d9b0390,4
9712ac84-e0f2-31c4-84f8-e4924aca9576,4
e8843682-d148-3ad2-930a-3da5e4d6ea5c,4
9183e2c9-4a27-3f2b-b678-c02cc4353b8f,4
29937687-d609-30e2-857d-e52c2bab36fc,4
177387ef-25a0-32e2-8966-37e60ec3d3f2,4
069959cb-ca0d-3750-ad87-b4faecb33b09,4
20811450-c287-3807-8304-632142cc3dba,4
64aea098-b901-38f4-aff8-6f980c790703,4
9132e41a-97b3-3ec1-998d-d86a0f9ead13,4
0383a020-79b5-3bfb-a0ff-ffc896891491,4
e5675f52-24c3-31d7-8016-e71c5198541b,4
f2a007c0-4903-3c5c-926c-e91210a9af84,4
b37c7ebd-0f4c-3397-900c-8ef6019f8530,4
21ee0c2a-a627-3c00-928a-7f6cad64a5d4,4
93f10fdc-2213-346d-8abc-55277f4a2164,4
02294dde-8d67-399c-8934-b31e67a2864e,4
8d1ffe41-01f5-3db8-bb1b-c492a2a59849,4
0f460389-7107-315a-bd5e-b5d8ee6b0696,4
ab684499-c953-34bc-a23d-c695963bf539,4
bbcdf953-6b63-3ee9-907b-82b437e3ed7b,4
11ba689e-470e-37e9-8bbb-50fb4eff6a40,4
c9f9b68c-e9ca-3121-9cf5-3d1cd88fb652,4
0b8c63d3-a9b7-3dca-8c0d-14a099a85d25,4
3b34ddd8-7514-31e5-a48a-62ac93d1c91a,4
e68ceebf-39c7-3c2f-a4d2-55f9e93a8982,4
727cc20e-7ac1-3d75-8962-f26c2301282f,4
7c45bc0a-5a67-3b55-b7ee-2ff06fa22192,4
a55bd3ec-0b5e-3c91-9889-8d553212168d,4
b026bf80-ad64-37ce-b95d-546cd9148b54,4
a613c4bc-e14f-3b36-ab61-47818905b1ed,4
ee30321f-df4c-35c6-8532-b575e22ca992,4
7a5c61f7-8ab4-365e-acfb-ce43949bbc61,4
e8c4876b-74a6-3f74-936a-e5275e161bc5,4
0445761f-2441-3734-ae53-5af43af583d5,4
12a36025-4d74-31c6-ac27-af226294b3de,4
0d40a669-b594-3c90-a717-bf41d5cfca61,4
87dc926b-db95-3524-9b92-c2dd6babf338,4
21ee97fc-3971-31ff-87b9-b967cbb53e3d,4
faa544d9-2114-37da-9d56-ec0b58ebbd6b,4
dc0e02e4-b41b-323c-9b5d-36fcfd0254b7,4
df32a389-f9f2-350a-b9b3-15a0aaf9e97f,4
51964c61-7eeb-3247-9749-2424891714ec,4
de5682c0-4709-3329-acd7-76dc4e4af509,4
cf322bd9-abc2-3d9c-aa60-f5a3bda666af,4
0772e40e-f168-3e8f-974d-1e5a4a9742bb,4
cfe80d38-0417-38ea-8a7b-21e3a346bba9,4
581fc009-cbc9-3b4e-9664-fa7bb4e3f1a7,4
f55b6261-17ad-31a6-ac8a-eb28d397818c,4
4495ecdc-bff0-3051-ae31-3f8c6d031f40,4
9e0e17eb-b253-3021-aa1c-c45485798c6f,4
4d230537-7ecf-3a75-a6bd-fbf2ee486ae1,4
343b5391-839b-3b0d-826b-bae2fd3923a8,4
aec001a0-2cd6-38aa-a18e-e66c18c3abd6,4
b8c54cfc-b503-362c-95d4-eca6ec8a0192,4
ec4cb784-eab8-3301-8999-e89d59789ed4,4
c0bb95be-f23e-3270-9be7-ac55cc228da8,4
17996b90-c8dc-34bc-9caf-2557ab6dee42,4
f37b6f6e-6027-38c6-aaf3-12dd5e719beb,4
fa4dd699-7355-31aa-aea1-c75730438e48,4
1d1ae450-8968-3bfc-98c0-09dcb3acf419,4
e0bac260-63fd-3ec9-bf48-0dc913b80c80,4
4984e77c-926b-370c-adb5-30d6c50881e4,4
3620d88a-2269-3250-bc4f-ed92b8219519,4
658b28b4-dd52-389d-9ea7-575085bef4b4,4
8ca4510d-599a-369b-928c-c179a78f79fc,4
66c9f7c4-4524-3534-a343-e8e3c5d3ce92,4
b45f5954-7a47-338a-9556-95c481fb7874,4
38cceacd-6822-352a-9766-8dd961b5fd57,4
82be7c17-f48d-3ff2-abe8-3343b71d5804,4
c0d9f5bd-7e75-3608-bc40-194064e2a39b,4
0975b9fd-8621-3dd9-9548-f387b6a7058f,4
475cfea2-d9ee-364b-9e1f-929f8bda9bf3,4
b7906fa4-abef-39ce-bc45-a9bb0c2c8f91,4
c9d9642a-077b-3b5f-8bcf-254643622bc8,4
334a8908-e95b-364d-a82e-91ce6f42551b,4
8a9700dc-f923-3b6a-a3eb-437b58a64951,4
d60d45e6-f9f6-37cc-b03b-6f9a57fce869,4
8d23cab2-f7b0-37f6-afd8-9f0451f2478f,4
37ff6df0-00a1-3a21-8513-98009ca6d5e8,4
481f158e-7ee5-374e-8530-ec9aaf0cf87c,4
1b52379c-6128-34bd-a654-8531ac860839,4
1bf77e54-4044-36e3-bc10-dfb8bbcb006f,4
c20d6d11-12a2-3457-906f-c986ba22bed3,4
21f4d43f-05bd-3a72-ac2c-5f122ab3e0da,4
b985947d-97c0-3dff-aa78-6db9b47eee62,4
ebdea812-13cf-3367-a208-4d756a251502,4
23225910-7b23-31a7-a6b0-edd5ea9bcfe6,4
ea578f4c-b8fa-3b93-8ccb-c0c9ca16c103,4
d860a4fb-508c-3c6b-99fe-43273abc6de4,4
42152a83-5cb6-3f7b-ab09-a2f747612e7d,4
74bb88bb-3563-3dd2-b410-304a3f289072,4
6e210d87-6734-3c6e-b3b0-e8a86bcb668d,4
c5dd5d5b-8d9d-3c88-b0a0-4f7296e2287c,4
774fe1a4-3a10-330d-a1fc-d6b0638f3796,4
1b555cb5-0cba-3af7-8da0-eda7f395f913,4
c5a27acb-6f15-383a-b27f-02d4e87eec25,4
8431484e-5709-3052-9be4-4bb0ef9acbdc,4
00869891-ceba-3b5c-aa00-6f549628311b,4
de62b437-204b-3141-a867-dd31769ba67b,4
78e643c0-b01b-37e2-a6be-3efc460a05f1,4
58962a6c-929a-3327-a57f-f5ad7a47afa4,4
b33ebef2-f48e-3533-abf1-b8b0c98b5e78,4
27cec0fc-48e6-34d4-a347-f509ef184236,4
15806298-3c1e-3fc3-97a5-5f8a92caba90,4
1283ddb7-89db-3e39-9bff-7d9b36245aa3,4
85502d8d-8b5d-3ea1-966d-d95188b3647a,4
c4fbd189-8329-3663-8a70-c57ffa9acc80,4
184dfa28-d513-3998-8c28-9d26963be4aa,4
0dc14ad7-d9da-3385-ac88-a70c8550352f,4
fe84fd01-7a43-35eb-af65-a4da8ebd2969,4
4cb92a3c-cdf6-3089-9598-f528001203df,4
07a4a4f3-d1fd-3785-b006-f6a8d776493d,4
a55dbdc1-411f-36bf-bd31-7dce919b06b9,4
82619013-767c-3b8f-ac46-3b2fc17f57d8,4
751d5a1e-b50b-3734-aa76-0496cce8221c,4
424f6a39-e014-35f3-91f9-4207c87c9c95,4
bdc63b6c-928f-380f-8de3-4c387bbac8c1,4
8e0719cd-7e43-3103-8c96-0c3f30646670,4
16020277-df8a-3c29-a5ca-51f3cc174dcd,4
a64d64af-2735-3ec2-9ed0-2405493ed03a,4
7b3add96-0481-3f78-91d3-14e39ccde182,4
c6f39a42-047e-34a7-82b5-17f8afbc06fb,4
3bd40ffa-d9e9-3835-86c5-5a13200786f8,4
09238a8d-3967-341b-95f5-29ab485b677b,4
856c01c4-439e-38ea-ba68-e125247fc4bb,4
8efb754e-bc60-3997-9044-74c0e295c3d8,4
d19deeb7-c342-3682-89ca-4f82c1649d94,4
72076d39-2ebb-324c-91f8-6427a90949d3,4
048974bc-91be-3fd9-b2e2-73a1532825ba,4
61009254-5813-3095-b2b8-4b14761b7fad,4
1fef63a7-8209-322e-a962-c82f1d8d77de,4
754ec75e-89c4-3c0a-9af3-420444dbd222,4
c5a4f2d3-eb54-3243-8378-789efdfd17f7,4
f7ebdba2-0b4c-3fa3-bb79-32bceab5f532,4
9b912c65-65a4-36e3-ab4e-e6a21d8c0006,4
aecd93d7-c525-3bae-ba6b-e41ad9e72a22,4
4745b8b6-6984-3f7b-be5f-b295fba6cf92,4
24fc7f10-b45a-365d-9b89-bff074152474,4
ffe67c86-cfc8-3f3d-8526-6af503313716,4
c3b01dc0-df6b-32c5-87ff-46bb47f0ea5b,4
11564d19-ad53-3393-9ec9-afdbf0a52f6f,4
2e4d36a7-1c1d-3d61-b21d-828633c102c6,4
953480d9-3495-3ecd-a79a-d4162177ba64,4
8268864e-7993-3239-a324-3abf1dfcd41b,4
6c79d12f-dbb8-3402-abfc-21221e2ebb9c,4
8df012d6-327d-3712-9fef-6b6b0bf3913f,4
88bd4b6e-8da7-3eef-8fff-3010023f28a1,4
67192770-be5e-359b-9bb0-62a9b3a7befe,4
e8250c0d-5079-3c1a-ba34-e71fd74d1df8,4
c211de18-353b-34cd-8f4e-c2a12b39b01a,4
d4fdde3d-51ab-363b-a02c-5986c75f911b,4
9bc24dee-dd49-3d75-bf0e-4210e6f3b148,4
c695c320-b962-3898-9fb2-e253673cd840,4
b981fa8f-b542-3598-872d-b786f2e4b7b9,4
ccfb5004-4dfd-388b-9756-9e6553838111,4
f76347bf-a7e7-311d-a0cd-1d205619ab23,4
db2834ee-fbeb-36fe-8c46-337f64b4310c,4
b03310c9-a359-3599-96dc-9b99fbf3e4d5,4
64317bec-c710-3d2d-ab0f-ca0729bc8cf5,4
fb92045a-233a-33d4-8792-5b53408698eb,4
034b63a5-74cc-36ab-b94f-2133fd0ba816,4
9c225b1f-103f-38cf-b422-f74de48bcdf6,4
b4cc6d2b-f1bc-3b82-ba67-91f809f58598,4
94028171-4815-3490-a7b4-ce970789f425,4
f8110c17-9aa4-3507-9bc1-1a7da9fa34f6,4
ed08c37a-93d9-3db1-852d-19c2dacffbe7,4
03c400ed-171f-30f4-93d0-f065c4e9ef5a,4
8654475c-daf4-3dab-a7ac-d9f5ef0ca578,4
7da8ff9f-0aa0-379a-b839-c77f92a695df,4
c1d24605-5aec-3874-8fe0-879725301a1f,4
665f8d98-ed54-351a-8be7-3deede0231af,4
751f8cdd-8ae9-3604-9c29-62e1730e39c2,4
49b2757d-4577-317c-81d3-96744f7d4213,4
a3fd09c8-b72a-377c-80df-17ce938b526f,4
47ded343-a57a-3646-a0c1-a1975b4e74a4,4
e7243ec5-8e27-31e7-95c8-12d35afb5808,4
80df750d-4459-340f-82de-936e1dd78e5f,4
99bd9afe-2fa3-35ab-9568-73b9546fb6bc,4
228ba66e-e457-3d69-b5dd-f31ace2ee9d3,4
0d5ac01d-e27a-3ab2-a97d-e455b199ea66,4
c1fdea3b-fd37-3d0d-9fd5-fbdaf0ad71b5,4
8059b6f8-6d5d-3f60-9aa0-0c2ce8c29f6a,4
de60ead4-faec-3e0f-8b42-cdbb3992a823,4
4d26997d-e526-3948-a303-8dbcefae2b10,4
80b30be1-1e4e-3da3-b62f-1ea419978c66,4
45e99cec-d3a2-38c8-9cb3-7acf5737afa0,4
404c2740-ec0e-3987-b5ca-f27ec101d630,4
f9c3f52f-5fc8-3071-99d0-0282f5b9f456,4
82a04195-2687-3633-93fe-35eaa2931cd2,4
85f59c1e-f851-3f23-b1d2-46f12a2b35eb,4
e34412db-869f-3131-9f5b-1fdf8628dded,4
f042b7d3-3788-36e9-a9ef-f85601aa4491,4
36dfa472-f959-3bc7-bb5b-4827f1f60cb3,4
81f27ac6-ea67-3cbd-9f86-e1833bc15b92,4
eeb6399c-a8bd-3700-a189-9e9291dcce83,4
504822f6-e427-3cb2-b0a9-11a83bc9583f,4
3626bcfa-2b15-3d34-a864-399df05564ac,4
7f44688e-9da8-3dd0-bf0f-f5979f3b07ad,4
02d5be7b-07a3-3105-8f94-dbcbbae042d7,4
51320331-6aa2-398e-82c1-4048824b0e2a,4
68e1eeb2-ae2a-305d-a07a-b3560a862109,4
316b29e4-74d0-3c93-bb9e-a35bf077b7a0,4
a1f56756-dafa-3c44-879b-ba385efcf0c1,4
ce5599bd-e6ab-3247-ad0e-fe23baf11bbc,4
4e324b00-0a2a-3bae-b206-c78042f4f751,4
5eadf28f-9d59-3841-b3c3-3ea81d55e696,4
cc937402-957e-3c90-8b0e-b9cb1b4fe097,4
3e0413fe-0acc-35c2-a69a-7662b95f69d3,4
d9b1bbcf-53ff-37a1-a7dd-3f980cddba10,4
3e870cce-e2e0-3f5e-86b6-6015269f26b2,4
6b9db84f-7b42-3934-8ac2-dd1f529317b5,4
592e2486-7593-3b65-b7d6-e2c0d143c5e7,4
78cdbdb9-45be-37f3-ac76-7a944f7458f9,4
10d1b45d-e45e-3972-abf4-c6a0365a228d,4
9dbe20bf-962d-3d0d-8e72-dfdf3db72649,4
6bf14ea2-0b62-315c-a697-abdf397fbe24,4
b8a33dca-ce58-3074-b0e9-8773bb571b14,4
4783efe6-7103-3ca7-a6d6-54487a6ccebd,4
43c5148b-9b04-37c4-a0fd-b59dba78e5e7,4
54c56c51-3147-3346-8863-ff75746d13ef,4
2e77a8a0-8c68-324d-8343-1b4e801d5e10,4
b0b8e9e4-eeeb-3c3c-98dd-ab1df3f9bf40,4
f1bdc937-ea57-3473-85cf-b27fd42de082,4
bfb4230f-c8d6-3fe8-aaa9-ccc0097eaf76,4
4af96e25-e054-3a21-8b6d-0622e3cf30cb,4
dc8e23d2-ca7a-311c-bc57-3a0e79ca1c81,4
b34f9520-789a-3f08-a6b3-60e8f66c58fb,4
6fb713b6-8c69-345f-ad20-aa4402edb011,4
7887d033-1f52-3a3e-b9f6-7bc3699be938,4
f1d90b01-01aa-3977-ad23-195295cf6f81,4
ae801360-21c0-3062-b990-d0a2a2ee25cf,4
5e0e931d-6c6f-380e-8ad0-fa970736ad20,4
dd31aef5-6931-3292-826e-05aaec00526c,4
ecc9e51b-9fb8-3c97-a098-a4e6cccc45e0,4
e58535f3-649f-3ea2-a60e-486aed07a9f8,4
b5194463-4cf9-3846-90d2-5f0439b1e1f8,4
6fcdfc29-db49-3b55-bd37-f1869ad79e1e,4
6d827e5a-741c-364e-b02b-774e624eda04,4
ad5a6ec7-edb1-3b68-9c03-6e9305394c06,4
847b674d-454b-3a08-8e82-a7a583cc5adc,4
00175736-b3a8-35ac-aafd-e1f695817057,4
c3674da3-cad1-37f3-89ed-e31efc458cc8,4
b3f67ca3-0660-39e5-8e34-777f63081f2a,4
d1d714cd-a2fe-3d84-98f7-3f738d2e1023,4
69184cd5-907f-3dc3-924f-332e610b87f5,4
21981880-db3f-36ea-beee-15bc1bb5edcd,4
3a46a616-5b40-328c-b2d8-e2ae8d3e416a,4
2ceec43e-2a9b-36a1-b036-babbed4e8fce,4
d46503af-6b48-317b-808c-30a3e30e3eff,4
bcea6f57-ef7e-377d-a8f3-49fdca33b634,4
f9de3029-58d1-3c6b-961d-727f20f5bc57,4
fa05826c-f352-35a4-9101-bc88942ab772,4
4f587ada-eb38-3f5e-a741-f583529e40eb,4
17865cab-c15c-3d92-b79c-22cde2a3e0a1,4
0c42a2b0-41a4-3736-8e16-317c2f896144,4
1b6519f2-56fd-3174-a191-e3e32cad3613,4
1542da58-8cec-3e8a-9dc5-ab8e04740623,4
2670d1e8-3629-3cc1-b250-fef9cacd1243,4
46a734ea-3a38-338c-8fa2-afdb72baee73,4
fd8d86cb-54f5-35e1-9405-b0a329228f64,4
004596ec-4c26-3b49-b13f-1d8596001e3a,4
12c66f0f-d17b-3198-ae4b-d3d366503f73,4
5beeafb1-b4f6-32c8-9d0e-bc95de97319d,4
77c8e575-abc3-3327-a988-b870de7c15ad,4
e5809e54-b79a-3c8f-8000-f093a85e2998,4
a3ba5156-8e5a-3dab-9157-080d4629b921,4
a8a06bed-f8e6-3959-bede-6f406772af62,4
d87b2340-df6c-3f7d-8356-30c59950466b,4
252dc5ff-b8c3-3d62-9f20-b3f71b4ee314,4
2ed1c572-25be-3a10-a07a-ce205c1302f0,4
fc4b482f-431a-3e69-a79a-5f38eb418012,4
10e389ae-5ba8-3e85-9075-fc2ff410a897,4
275fa360-640d-3738-8d2b-0ec59ecc4fd4,4
c78fcd35-0d7d-343b-90e5-a0ca3004eede,4
a1967ba6-6e72-3311-a0ae-4df2b10a57a2,4
7a948b60-cb7a-3c0d-9559-65ecaf0b990c,4
63c57246-e33c-35d3-b476-f26390c8c5ef,4
fbb8393f-49b7-327f-8c32-067778f1933a,4
75770dad-8c63-3418-8a74-4d71364fdf17,4
8d7f56e7-3307-3d43-8171-40a7f05fd3a3,4
ad2b655f-7a11-3ca3-ae2e-5ab9e908c14d,4
a6e007e2-9079-3966-941f-7eef33edb41b,4
12550eac-642a-3819-87d6-e2c893ef9073,4
7f1c38e5-96ff-3d8b-b92c-1c37d055b859,4
a5d80571-e04e-3538-83ba-41a10f8ba9df,4
d84df11b-0a83-380e-8c05-42ff187a51ff,4
64a78c7b-6b17-340c-ac80-a1af074d6ebc,4
be8c940b-7d76-38b6-8bae-fc65c27c59e5,4
c7656095-57b3-3bbf-aa2f-dd3422ed607d,4
663e3f67-ad36-3923-b86a-47815017ef32,4
70b0f1d7-e055-3e3e-9177-4c6d6be6bb7b,4
7216aa6c-33cd-378d-b72f-2bd20337eb16,4
cd30f323-238b-326c-8c7f-95a70dd5926c,4
9c8f6627-ab48-3d5f-922d-da85d6c042ea,4
0c6f6b76-c07a-3df7-808c-b221bdf5b88d,4
2bed3755-3bb5-37d1-b835-1a08c7559a9e,4
3039a79b-93dc-35d0-827f-1ef59252d845,4
47420b98-62d1-3e96-93b1-555537ac1be7,4
74a166ad-f493-309e-a829-282e15c7eee6,4
74280eae-9d04-3817-9510-af85e4da5609,4
3abd2a5a-3214-33cc-9152-922b7aa6b957,4
ca658fc5-aae3-3161-9d7f-060d83f1752e,4
2465975e-5b62-386a-a891-9ef88597486e,4
1781b907-8732-3d4d-88c8-734e7b03b758,4
9ea839d1-d146-3ba5-bf6a-aed845fb594f,4
2965ec1d-dd44-3f10-9b1e-f1c37d94fcbd,4
c04ce469-4e2a-3e97-a76f-ae9379d0d14a,4
1b09c9c7-b0a5-3e59-a642-bc3525831809,4
0d51ab01-ff92-38fd-9868-b6ff714c56ad,4
e2559546-c6b7-3df7-a3cd-d82b61ecc8e0,4
eb8dd2ce-4b20-3d00-9d5a-53204e7dfe5a,4
78c456ac-dd61-3ff3-8e88-eb1f2651ebbe,4
653cbebb-aaaf-3783-ae0c-8620528490ad,4
9a2f5438-c2b1-3ded-8c90-bc8510bbae7e,4
19b0624b-0bb3-315c-a1c0-e52265b4f8bb,4
1d6856d0-cb6a-3880-9212-5c1ad108b2e6,4
6fae29db-3f33-38d9-adf7-b4f131a88822,4
22192fd9-bc5e-367f-98bd-723153c1d3ac,4
6b072409-7c23-33d5-aa5d-2a21faaa4d80,4
730627df-2edd-3a8e-9004-8e53689ade5f,4
4d5aaf5e-0b0f-3af2-8281-5773719a191b,4
5494437b-9709-3521-b58f-42e7b3d6c1ef,4
0a5833e8-2b48-359e-ad2b-46f3273c20b3,4
c28bbf3c-5eca-3e17-b6ea-7300eeb7e599,4
d7c0a60f-25d2-3b9b-b8c7-d6fd35a17e0f,4
e57b7bc7-a7db-3051-b869-6fca4661254b,4
9c596a7a-fc5f-3f48-a390-7152bfe31e21,4
3ea844d9-3435-3665-ae69-53341a5d7967,4
3fcc68cc-0ff3-338c-8dcd-e9ef1710da37,4
343a218a-d664-391c-93c8-8f5966b4ec9f,4
3da64679-da98-3675-b440-26887f71b35f,4
fc66f455-6c48-3677-8b7e-6e0e289ddeec,4
bfa0aecf-1146-36bb-af38-c6993c4035f7,4
e8950cc1-2473-3bd9-805e-0c0fed12df7f,4
9b7200ad-4286-3373-9946-d5d6a5e94b65,4
71df7609-2433-3e38-a77e-b3921d03f09e,4
60693cc3-600c-3d5a-94dc-b1bbf9967724,4
13fb4ee8-57bd-3786-9c4f-0371921e41bb,4
4b664e22-c774-3c8b-bacd-0e78a271388d,4
3c7b0505-e55d-31d8-801c-2b4fcf80ef6b,4
898930d9-b314-31b2-9f6f-967b74dcb60d,4
19f58156-dc5b-310d-9387-730c7c6264fb,4
2f36a967-0538-3fb0-ae71-294a1eec26a8,4
e3d51c13-2a8e-3f75-9065-1dc00db581d1,4
bb35a9c3-2466-3df5-8378-ec272b359601,4
9138f244-9bc5-3e69-8556-58a1b65391a3,4
1f511120-c906-32f7-bfcd-53ed8704d202,4
c870a4c3-cb1c-3dc9-933b-9e9d88a5a768,4
037f0435-6032-30e1-a64f-da25b0ae7287,4
25cda57a-cd5b-3922-a90d-d7bacdcbf57e,4
5173acfa-91c2-3c27-82d6-92d14f7f5cc6,4
a4dd27e3-2b74-39ac-9086-395f16f47304,4
800d9971-6d6a-3193-b4de-5069481d01c9,4
f12ff6f2-cd7d-3576-aa5c-084d454940a3,4
651caad7-c441-3159-b541-ecf234871e15,4
78c46685-6647-380e-9512-2c700896a7e2,4
40caa325-5f80-3ac8-9e10-422ff827e062,4
9284ee24-4b75-3715-84a1-a3b111c1e1f7,4
bf95558b-9392-3a03-925d-4c9ab2cae103,4
2c1d0ab0-5aba-35f0-86ee-7a565b17951a,4
8caa838c-94c1-3990-b79c-5680045d74c4,4
97b3cb2e-99eb-3d82-b03f-1b714fe742e0,4
8b0098ae-01fa-31e1-9a52-f3658979d147,4
166f207f-fe05-3921-bfe6-7f54f76a6953,4
ab913bb7-950e-3ba1-bc66-6c2779e8556d,4
5f6e3722-c3a3-37f2-b834-ac82d805c060,4
cd8564c7-9abd-3ad5-bbc4-e848658eeb9f,4
9ae7e017-b6a5-3f38-b008-7faeaa79b921,4
e26b2d56-def0-399a-9660-7621d4b95379,4
e17c555c-3122-3e8b-8375-cec29257a413,4
afbe31b3-87ff-3496-aecf-d73e6207bf74,4
77ff2c0e-5197-3a0a-9444-523d68f75f1f,4
81664e40-b147-3a67-b068-877e0df476c4,4
56ddbdd0-c3a6-3a46-8c6c-999c9dccfeaf,4
f0b1bbe6-59d3-364b-93e5-f11bc8691fd7,4
e7da8fa8-6723-3a68-977f-7a934b7ac754,4
c53fc50d-f2a1-32ce-9bbc-a2d735b761b9,4
d7995c5d-d6a4-306d-b2cf-f74b5e2715cc,4
0911c096-8a4a-3252-b416-0d008c5c741a,4
ea5b974d-80b6-3e8b-81ce-eacb0df930ff,4
269086af-f3ac-3d51-9256-6eceac419576,4
2a5ebbb7-5a50-3857-acd9-10f60110c6ce,4
92b17b26-81a4-356b-9c35-7cc4566d7291,4
c268f07d-72e7-31ef-916f-2b5605327f29,4
3d877af1-6cad-3ab7-a999-69623b5fd9f0,4
23d05aa1-5c18-35e8-89e9-fc49b13914e3,4
0257df0d-3a60-34b3-b252-896d2244f7c4,4
6a25a7c4-ac7a-34eb-bb19-6a2ed88e303a,4
b66049af-6c1b-3776-8e2e-0b4538941995,4
b20431f9-a41d-3240-b28b-c9771816783f,4
a7c45ae0-dd8f-3997-ba59-363c4de57b38,4
93caad7c-73f4-3ca2-b222-07390493c700,4
e7e2677f-3931-35d9-a4b9-3d72b6262fb4,4
17ee1093-2ae3-3b1f-8f04-70e237f408e9,4
3fd388ad-bd6e-3734-88d8-fbafcff29243,4
b77f78a4-c3d5-3006-a784-096415cce2f1,4
9ae6ebbb-f8a4-3f66-864f-d30a50c566c9,4
3a5493c1-de42-320b-bafa-5c63b12204a5,4
db1ec718-e752-31c0-9be3-6e7dce0ecbb9,4
2c982d24-ddf8-3751-958b-bca92a74628e,4
ca523fb3-866c-3a65-aac1-d454a1bc3133,4
d5170fb8-b62d-386f-91e4-72ceca2113da,4
474207c8-3a1f-35ed-9e58-46270ee972ca,4
3cc12c03-b59a-35ad-92d9-30d2ca18f695,4
69dfd620-0787-3bca-b21c-bb9d3eb718a2,4
cfa32081-6a33-308e-bd65-4dcd5f528299,4
1b3f70f3-9ae5-3689-ba43-b378d28f4ce0,4
c65906fd-147d-3bd6-9538-0fdd08803d66,4
5f5643ca-2341-3661-97b8-8e1cb5f87faa,4
48b8ea5c-afff-316b-a223-823fdcef713a,4
fe8c11fc-5c9a-3370-b3f2-f91b61ff18b2,4
fd012576-d57e-3c35-8bb5-39ac78f8b27f,4
9631ef84-0d5e-31cd-b4e2-ba485ec0e35f,4
fc6edaf5-3900-3bbc-9e32-c0e95121e8a3,4
03f8bb3d-6d31-3519-97ea-d8dbf689a085,4
6fc6fab9-205f-31e3-84d3-6406012e7ce1,4
498fc2d1-01f1-34c2-9dec-03115cd307dd,4
2f476605-6e6f-3adb-b765-497cf0540959,4
1369fb40-b341-325f-94ef-0c98adccb066,4
cc44125b-ca2c-3712-aa8a-ae92e47f102c,4
4c9a5122-6ad3-367b-b4ec-ad76d18b7a0a,4
8c006b2c-7895-35e6-ab4a-132dc195cf02,4
b60ec7ce-cc22-3f5e-83c1-c8621ffd7334,4
922424cb-d6d2-367d-a8f8-2edd4852326e,4
6d0350bd-121f-3176-bf1b-e82d24be1046,4
36235504-59a5-3922-a011-ebe041d142e6,4
1e664300-78c6-31ef-be30-1a0c18c97880,4
d40a94e5-683b-311a-b4f1-c738c7eadbc0,4
7cc5c6f7-d27c-3e99-907f-3ba05e996ff1,4
51883944-8a1b-3a91-8e9a-8452c7b17e68,4
3e3b407d-65c6-3353-b24e-5c50167be056,4
a4db46c7-a13e-3d8d-b201-997832e93747,4
51a7a98d-326d-3c6b-aff9-567d1794ccc1,4
4c9cc400-d763-3462-837b-2cd02b485314,4
1f43aec3-83ae-3b66-9fd1-acb1ba73a9d2,4
c9391a22-869f-3bdb-b71a-047230a504a6,4
75ee4b19-d9a7-3304-9bdd-bc55a951b559,4
cb89d609-1400-35a8-b147-f5354b9cc97d,4
2142e1e8-f9ec-3b47-82e2-f3e530b0f2d1,4
122bc50e-e587-3e17-8f9c-cda80d2eea49,4
85390798-395d-38b0-af34-54d14a2422df,4
57bdffb5-5b57-3821-843f-6408cd151767,4
5ec0e42e-ae69-317c-b5d7-718e046776f9,4
94bf5fbf-88b6-3168-929f-88a7c60546a2,4
5cee7e76-3b5e-3213-98a0-b42aaf89622c,4
f4b85209-3f39-38a2-a8a4-9b577c4f9a6c,4
79cdb1be-8581-3efe-9828-fad18c497e75,4
052c33a3-c06a-39f9-9821-915d2b89a70c,4
37d73900-5f9e-3675-a50c-b92d11f6add8,4
54ea98a9-078b-310a-8c4a-d8ac26ae30f8,4
124cd471-ad11-3779-9652-74c81758a0b5,4
ec389ea5-9ec2-3f38-ba98-2d25432c91aa,4
e7dfd416-77c2-3260-a25c-16eff95b0d4e,4
dc45f347-41d9-3551-b8a3-341f14239374,4
29cd76f9-3e63-3b53-bc9b-506ace0ff2e9,4
b091911f-e36b-3907-b200-967c94d279d5,4
23906384-f16d-334f-aca9-0971796ea68b,4
afa3affa-f262-3926-b884-c535bde2cfc0,4
749eb733-6d41-33a5-80f4-eaf84d59a454,4
699d6f79-8cad-3b8c-b0bc-a88555ae3f60,4
6b7f548b-0a1f-3c9c-9bd0-e20cea2c55d8,4
671bd512-637b-36b4-a36a-52448151b316,4
b20f97f3-8944-3e0f-8e27-2012b185f787,4
661b23ef-bae6-3468-af36-e92a18b99601,4
98e34e1b-5ed4-3fbf-864c-4860d39f04a7,4
ad85844c-9972-3335-8a1d-9cd39c3c0109,4
1716ece3-ad06-3455-9bc4-ccfd6b6d6e1d,4
6d9c7201-1c64-353e-8b86-689bf7a20851,4
032498e3-d197-3885-87de-b47b9c691e11,4
fa4e9af6-2b9c-3159-8825-8d08edf5cdf8,4
40049216-340c-3721-b06b-44fe42b39696,4
7add37a1-6b59-356f-ac7e-b80ea0bb03b3,4
90abf9f9-4d96-387f-979c-be6b9727c0ed,4
cae64043-8cfb-3970-b3dc-4827434d3aa0,4
1bd13839-7af4-33b0-8463-af103c4d811d,4
688259ac-5035-3ce4-9911-e83550d6b27d,4
f1c050bd-2f6f-3764-b528-b0d3a810aaf4,4
bf360aa2-ddf0-3a94-a501-5419038e801b,4
a934046a-cae1-3975-8629-5caeb8f429c9,4
2a9a7ed1-90ed-383a-a846-a9a0d08cb7f2,4
d4ae529d-0b1a-33ed-9517-2deeae0317f5,4
0f518b28-9390-34b2-b885-d5af21a1fad2,4
6ffa68e5-0b3c-3839-afdd-05af0dd18161,4
a1eaaa46-08ad-3c6f-9bbe-207e74fef9d5,4
473b5b7f-b33c-3717-9cde-1bb1295b7aee,4
79ecf277-a34c-3f85-9fb6-647e3bc11b62,4
1ee5bbfd-c6dc-3f00-9f3b-2f529342b63d,4
737eb0d4-b34a-3ef5-b7c6-35f6f52a8cc9,4
4b7b7e0e-b032-307c-837a-237d92978ae3,4
378bbad6-ae36-33e5-a186-ecb12b3efaca,4
bf570d19-4af2-3cc8-ac76-46332c87f209,4
a058ca7b-9e5b-3238-92c4-9e09fc314c20,4
034ef7a3-beea-321e-b592-582b580223ed,4
13f094d8-2330-39e2-b3e4-b149747d0840,4
a977fe64-a7b1-3ddd-add6-bf2d39f0551d,4
e712fc10-221f-3a10-bca8-37714595ccf8,4
9747c104-f999-3a51-9b63-624b11744ed3,4
fcb4d2cd-5ca0-3395-985d-4f337a945ab3,4
5741e1ab-db10-31ca-afac-f3154ee7fa6c,4
52b8a823-8951-3f8a-9a7c-3c82896bbbcc,4
2f10441f-82b7-37cf-84a2-7a4a27dafebb,4
dd4332a5-1bb1-3b10-a08b-b97de78fa676,4
ae561cf9-cb63-32c4-ab5b-eb0b86251171,4
ce262305-0ad5-3cc1-95aa-a11344ca6cf5,4
e6d6da72-f685-3fc4-9a8b-49b5b92c7707,4
7a4bed08-b9a4-314e-9f98-2131e6293e43,4
ac6cb3e7-184b-325a-855f-6a537edd3222,4
2fc01fb9-8244-3275-97a6-1d2d720ae9ef,4
12885828-0c59-3935-9047-0566f959c0e8,4
445ba358-d899-31c2-82c0-c88e4068c5a3,4
4e534233-dfda-3b76-8888-d402f18a2a97,4
fa6a7f22-0dbc-3907-a647-2498b8d6c560,4
ccf696ef-e537-31b7-8afd-e49301246ad9,4
7cd89b77-9f20-3336-a5fd-312d4e8083a2,4
bc4dc931-9e3e-3b88-b5c3-5ba5dda7f955,4
68ac4ab0-f126-392d-9497-f2b0f698ef8a,4
00c33d9a-cfe5-3c38-b8b1-2cfc307a7a6e,4
e0055d1e-1897-321f-b000-663fe069fc73,4
7deef584-aeee-33bd-af97-591743740c18,4
95dd9374-37d2-3a86-b969-0976662be7ef,4
8e45c6a7-33ef-34c6-a758-8762573f983f,4
b005ceff-684b-3de8-bcc3-d691802ec551,4
ced4d98e-ec81-32df-810e-f1c7c3d4a45d,4
d04a409a-97f2-3c2e-ad19-6daba28f3a20,4
d4fc10d2-48d4-37bb-b4bc-f5045684261c,4
52a7573f-c899-3b4e-9535-bb7b48817287,4
01c1a9c0-4ee5-3d0c-97ef-8dd8a0f7c53a,4
482b37a7-68c6-3764-beec-f5963b54e119,4
44566e9e-47b1-37d6-aacb-a1956482fa87,4
e8e8e541-7828-373b-87d1-ff08d7ebb8aa,4
668d7560-baaa-3029-894b-38ee00652f97,4
8d874ffd-d9ad-3910-b9b7-78653b93b93d,4
dc9c2957-10c5-3bd1-8c1f-d0ee5d358f8d,4
b8aba429-1aa1-322e-b16d-f7f3be084c2f,4
bc19b1ec-582d-3f36-8795-a23da2cee0b3,4
572f9bf5-5c36-35f2-99d4-415eb8387afe,4
bf02d04c-a41a-3719-9c4d-fae5d5c19d48,4
4ade37f6-6bc1-3151-87c2-43a35001ded6,4
16b8451f-5e93-3787-abe2-e9373c582284,4
df10cf6b-3878-360a-ad07-42bfe0bd666c,4
715dcbab-5375-3280-a9d4-6d1730d9764a,4
a1cd64a3-2444-3665-9400-4e9e6adf97e7,4
164d6424-567b-38cb-a8fe-d0b3ad63e968,4
ec66ecf6-73bf-3f8f-bf64-826d268a121f,4
2204608d-cb8c-3a51-b390-777c3f421fff,4
b871cc4d-7dfa-35a8-9a9b-e883726cbebc,4
b1934f55-ef3f-3f54-b51b-d44de72bdacb,4
11afeb66-dbbc-3df0-b066-f394f89cb864,4
66c78a35-1e53-3c8e-b8a5-3d18a79ae569,4
f6ecaf0c-b832-399c-bfcf-a2aac754e932,4
b685f3a6-8506-36fe-b18b-05a39e4e8421,4
612f7ebc-b04f-3792-8cfe-6693ddc2131e,4
78d75de5-f756-348f-8b50-1923f23d3ba7,4
6392c04c-b174-3572-997b-f9e101f97767,4
419286d2-9ecc-326a-9207-2b44ab7fa936,4
326a3ddd-c015-3bc9-a1c7-7f835ef9d0af,4
82fe9030-c42e-3d02-80ba-3eaa03f9277d,4
342d584a-4e10-365d-8bbe-c2b71c35e21a,4
857811d1-c352-3442-b977-76678bba5823,4
22a8d980-fb6f-36aa-b42a-547f87598e4f,4
b9321db0-8bb0-3a1c-8381-c83cafdddbe0,4
55544c76-e679-3e2c-b3f6-727214fed714,4
0ffe40e9-2fd2-3690-acbe-7e979166ce47,4
b715dce9-d51f-36fb-93cc-1043d6b29676,4
1afa92ae-6bf3-3927-83e1-7dd8114d3763,4
cf7293db-080b-3bcd-b030-38b04178a3cb,4
18c0e362-d0a5-3c81-9c39-757be928a905,4
ab73fd5c-4ed6-3d7f-8b8f-3385def5ebe0,4
cc0ea20e-b31c-37c5-994c-2907a1a1a4d5,4
8729b34b-be82-3113-8f16-ed9ee161097b,4
5ecb597e-9d46-3669-b45d-588a2c50f5f5,4
d1c73b1d-2b76-3b6d-a4f2-b3f891a121c4,4
e0611574-1668-392b-8321-45a8b5eea5ff,4
b64d9a2e-2f44-34dc-8376-cfa1e5c9f3a4,4
1ac0b85e-92fb-344e-98d9-6bd2c0b06368,4
1bfbd1b8-a26f-38cd-9538-14f615f75643,4
150a1f68-369d-3ae3-a998-c47e71ed44d4,4
3464b828-d85d-3ef8-af4e-ad7d6921fdf2,4
637cb404-1e90-3e62-8eae-719daf52be43,4
db42b64b-75c0-3682-8e61-a6e3c129f275,4
4aa0acbb-f52b-3e94-a8a9-aea6298a743b,4
0caef07f-2983-3412-b3c0-75bbf547a38e,4
8dba975a-63a8-38bd-9330-e3cbd8fea071,4
23684406-d280-376b-bf07-e14a5f8a4db1,4
916e4383-edde-37ca-8efc-29e0c15ea2b9,4
44a99478-d806-3fe4-b6a8-a697dbf0ea28,4
00f53302-68fc-3fb4-af16-a7d08458f5a0,4
51733ff6-b157-3829-aa4c-79ddc2da81c4,4
6cbbb364-b7ab-3d83-80d5-6c46a86584f1,4
6bbb23e4-b6e3-345f-bf13-faeb5ebad408,4
ad3426f3-b912-34ba-9ca0-3f171c811ca3,4
71990202-3ccc-3282-ae69-6ec3da1cbfa1,4
af23f1e7-69ef-33f1-b307-71d5e56166c6,4
8ff3bcd9-ad23-38b9-b563-8d0a5f3447d9,4
202d14bd-d1b9-3c11-829a-ee46ffada593,4
cdf0acb6-a72f-33c3-9058-f6b40c57ebfe,4
b1893d40-eb5b-343e-be40-ee5777ca564c,4
77ac2b59-f12a-3b93-8e90-711c7f0647d2,4
1c0a0aa6-9b69-3984-98a9-183e4d3fecda,4
f68d8bb5-1493-3a11-9e2a-0c45f9f6fd92,4
8866c93c-f124-310a-b89e-5b5bdebdf90b,4
18756866-f919-3347-b6a6-3e48640bd35e,4
1e741057-4b19-3725-998c-4d76ad86f165,4
98e94037-375a-330b-8499-5988df25ff97,4
ebca4b8d-b763-3bf6-bca2-03478dc1baae,4
c24de56c-7906-30f7-a5ef-35febd89636f,4
22ae8df3-b9ef-3c47-a427-79b1aac43778,4
4ac0682d-3b7f-3b02-a77e-2becb2012652,4
e840a0b5-64ba-33f0-9de0-508c3712e059,4
1455cf09-960a-39ac-b7f8-5bf0e9797f6f,4
94a9498c-bab5-3449-b122-2c390775c607,4
7944af59-fb98-376d-b0ce-946da34b8620,4
b5c3ed52-4fa0-3164-b64b-cf7d7f73e8e1,4
214e0bb3-fbdb-37e7-add4-8969e5e0c610,4
9bd6d4ee-c8a5-3432-a65e-af1d26634095,4
eb5d4d4b-f635-3dc2-bcc4-e4e7e7f3af7a,4
ea916178-9554-3186-846c-5fa2305c1078,4
6610d319-eb04-3ffe-ba4c-f0a27e01647b,4
a1f87fdb-e50b-3233-92a0-1b2dafb6fd43,4
082a2c1d-3089-3500-88fc-8fb0bb0dcb25,4
84e24d5e-4a55-3737-bb5f-f7905da9e831,4
7b88b767-f2e3-3f5a-b10c-51c3ca76f094,4
21e530f2-545d-362f-9178-1225a9d386a6,4
237b7d13-ff37-34e7-aacf-aea645877c16,4
c5ed9e89-067e-3626-8e77-543192646a75,4
4c748024-0f0c-3b69-a99c-11a2db0bd00d,4
3c34f5cf-c377-305c-9f7f-1933aa529b6a,4
706f9975-3dfc-3540-90f7-8b7b5a6c18b4,4
269d89b8-8572-3cc5-915a-a897ed88d047,4
c7853d0e-405f-3736-956c-a756a400677f,4
e4587685-8227-3f19-9492-dc3199b9e82b,4
afb37e1c-9529-3ec6-877a-a21441f96c91,4
794d48ce-2de9-3e59-a8f7-9d2c2075c1c9,4
966f2f97-5741-3857-b044-6bfcb24a0a28,4
d1770f7e-9986-3bc6-9033-61b0a01383ee,4
8d19f238-e002-3de2-98a8-ddd72499c3fc,4
5a304eb6-6f5e-3cfd-8d2d-5b4b2573c5d9,4
26d4e497-861f-36ad-bab8-ac8a3e597417,4
da6fd71f-f587-3043-ab4d-0d0662e1eb20,4
4a2733f2-2854-3800-bad9-5d66427092ed,4
96e5a13b-70cf-3042-b5a6-53addb385daa,4
03c0c84b-3f88-3deb-a155-3946a86f50ef,4
70b54265-b156-38e0-bfb1-9aa33782c188,4
d86be1b0-ea22-368e-9514-52fcf5437052,4
14a242f9-0c1b-3b5b-8656-b6b8be0e6d1d,4
40bffc2a-e971-32fd-b702-b1f1acf2e70e,4
f96205ef-1c3a-332c-ba10-6eccf8cc5f37,4
bb7e9420-2c0a-395d-a6c7-f01d545c87ab,4
f72f9f8d-4cad-3b1c-941a-e6001d128f0a,4
631d5fb0-254e-3708-981b-b236882cf6b1,4
dd958647-ca98-30f7-8a2a-3cb0dba3a051,4
e07449d7-00fe-39fa-92dc-ba950be835fd,4
cabbf6da-98eb-340b-91e6-beef05110d2c,4
d0ab35c6-9599-37f5-9475-38c5c36f5329,4
b86f7266-649d-3322-8716-14a798a0f75a,4
db540973-d361-3fc4-907f-d59a6b215b44,4
29f8f83d-e3a8-34e5-9d9f-a28977854eed,4
99ff4a86-e2e7-3895-aebe-93b1c58b9ed7,4
1695389e-e758-3bf1-8cbe-1c35762ed26a,4
fa0cf2af-5147-3603-9e12-8bb4585a31be,4
06d674f8-4332-31e6-9da3-228b124794ff,4
507eefac-048e-3b2b-a5d1-add5ab9f7e30,4
4b567693-c73d-35b3-83af-ae8de1f22529,4
3229e355-184e-3431-a4e3-fba947e40027,4
314ea277-f9c2-3843-81e7-86f0e0ff9fa2,4
2bc2a1fe-57aa-3b5b-8522-8d483f5f5789,4
60c75a52-ae41-3736-b2f7-8500bb8f6580,4
ccf2ed32-a801-3d55-a314-a75f9209c885,4
36bfcb52-64d0-3fdb-8773-852a57340529,4
6eb3d5b1-e3f7-31bf-97c6-58a8e60dc5ff,4
8b25335c-3d0f-32e0-bd1e-94d16ab5afc0,4
8f294ce8-3ecd-3517-971c-3d50ef28d138,4
04230a72-2787-3e1d-b13e-1a5999730e09,4
fadfd1af-512f-3ceb-8ad0-a2822934237f,4
aa4d40c7-e462-3855-a737-268559a51308,4
c0f952d5-460b-365a-a6e1-91b4f6b5eb51,4
d6b4f2a1-a1d0-39de-906a-5586fd67f73e,4
73248058-c610-354f-a672-2240d4410eb8,4
96385c55-4876-32b3-a990-cb8428bf9640,4
e47f9a07-4525-33ca-bfec-2cc892b42c62,4
8afa983b-6cc5-3d93-9ef0-f93985485b30,4
5d8dd755-a07d-38ac-b3bd-6c7057f72a1f,4
04291aa3-ed44-3ee0-843a-1d2498fc5118,4
883aab86-719c-3afc-a2fc-102d5d8fd899,4
6613f31f-ca55-33f7-88a3-7c09f8da77f0,4
52832dc0-1f96-3e22-b4c5-018575941a45,4
49778c7c-cd71-3c26-a298-25fadfdbf38b,4
8d792cdf-23e9-3af5-8425-0fa2e16976af,4
db73a464-9cf1-3ad1-b32a-1ddb5f9ac672,4
320b7fc6-30d7-3feb-b562-8668b631d2bf,4
14a5d4a1-a5e6-3537-a6ae-fef790915419,4
4b346d7f-3406-357a-a7fd-d490247f5a9d,4
70c01dad-86c6-3d53-94b8-37bc418f2cb2,4
dfa4f4d2-e82e-3013-ae95-d9f52bd46385,4
ac6e3f5c-4b7e-3c4f-914c-e88f9bc40e94,4
0ba16318-618b-34e8-964d-073b87ec336c,4
cd702326-83ff-3b25-9555-759320f0e19b,4
4c7feac2-9565-376e-ba8d-de455e05d902,4
4a9ada42-6b25-3a55-990d-a1f024c14e3d,4
6af1bb5a-8db3-37bf-848e-235fd8c21b63,4
6af4f5a5-7c70-34a3-bb93-ef236fb457eb,4
0c9c2c21-403a-3a56-b19a-c51673e26e97,4
97b42f90-2e3e-3bfb-b8e6-6a70bd7f4840,4
edb26a1f-9247-3de9-99b5-146718d84a7f,4
1f40d99d-2a49-3497-b2f5-84c7db8c0019,4
48a1e9da-8f15-3e87-8040-56bf609c1b38,4
d3c3f780-125a-39bc-bfaf-2d86583566b5,4
e327e72d-6a7f-3d14-b025-804c14a4e514,4
5c292fc2-784b-3a88-95a0-0027ee599d82,4
07bb0b29-cbff-3a76-bdae-dce556c4c779,4
36e1d916-2f13-31b2-8d3d-a4599e41afc2,4
15d61957-8824-3d42-886f-737d804e01d6,4
f5858af7-00ef-348d-ae6d-5dae6397f6ce,4
49356e93-f913-37dc-b430-720f1d37f049,4
45ca3dff-7221-398b-ac7e-719eb4a9fd5f,4
9ea6b2b5-8b7b-39eb-b8ca-529e92706e16,4
5a1c8e2d-3612-3a61-a19e-5609e2a3a731,4
61a1c6a8-ea45-36f2-bd82-d10e3418bff1,4
d359427b-1a7f-3b9e-a4db-63f71eb63549,4
39b198dd-2dee-31f0-9e06-dbc9f344ccf5,4
c963b062-1689-3b69-b20a-c080349eb9c9,4
1c0ffedc-80db-3076-8478-d8e7a0211ef5,4
1b4e70e4-4314-38b0-aa38-3a2cf5697b5c,4
dabc6d17-ba7c-32e5-b572-31072f2090ef,4
d993aeba-641c-342c-aacd-8000f1e18edc,4
68d3f756-4051-374c-8d64-fe5d4359b3a9,4
da3b4d77-ebb8-3740-9ee2-1201c76e1271,4
06b7b5ca-da35-3a7e-ba13-70e65da916da,4
7799b7f7-39a7-3f25-9840-cc4c86f93db7,4
3c849283-114c-386b-acc2-c68bae660b32,4
5e239f02-0ed7-3db6-986d-8fb4855c4dc0,4
39763146-d072-3049-8367-02b8010e293e,4
050afe05-a12a-38c8-b938-aa09a8f467ac,4
d5fc8056-349c-3e03-8533-6c3a86d2a26e,4
4dbc5ccd-3775-389b-b845-6e1b30a88ce0,4
1c16fc0c-eae1-3cc5-8465-298eca3f5cd6,4
7c41c42a-36a6-3b49-9240-feb12035ecaf,4
ac1a8176-2d41-3380-a79a-8f21898683c6,4
92da05f0-a928-3d81-97d1-439e68881c64,4
7972e9d5-1c71-37db-be0f-125302a7d618,4
8223b080-a870-3e50-8c4f-52629138af66,4
49531665-beb9-39f3-b814-fd84980d05d8,4
f76c5a06-669a-32d7-b5bd-26847f2101b1,4
5124eabb-8b17-36d4-8497-3b0302d2ce9b,4
08bb71f2-5f50-3aa0-9f10-3bd4e2bde2bb,4
eb8cc8f7-0d6a-3d9c-8c80-b9beda00d21b,4
1e6ebcb8-6167-3d85-a5b6-3f96d7528537,4
2a99d3c2-133d-355d-a4d1-77881660173f,4
1f94f1e1-a19e-3859-84d6-dde9c1443aeb,4
58feedac-a5f9-3aae-bbe7-291123aa96f4,4
4917d31a-b54f-3d20-a671-129a673741cd,4
29d4ba9d-26ac-3c3f-8c41-e5ebdb3172d2,4
dd48564b-8b62-3bd8-929e-cb6f42497f1a,4
f7a993d8-f277-3941-b899-e0dc005d9192,4
dbfddb7f-dd60-3cd5-92e6-0daa5a5a1181,4
4114c14a-5eed-369f-adfb-5ed67d1fabe7,4
4c808600-eeb2-3783-b124-138c382f9861,4
c300ff0d-e703-39a9-800b-e4448af31737,4
09bdb946-951d-3ce3-8499-e329088ba1fa,4
400706d5-c134-3510-98ae-c0058320029c,4
88ca9477-9675-3643-95b6-1ee998e3af19,4
249f335d-5e4a-3e71-8c81-6bd3433ad0fa,4
9c742349-457b-330e-a649-554ee5fe26f0,4
e5fdba94-b0a6-3df9-b95d-1cf7357d40c6,4
2c7f8dbd-8561-38a8-bb91-97dda24677e2,4
7495affc-938e-38f8-9d7f-a1c548ad3821,4
7a3f6398-8176-3fab-9152-a4a8763cbc3b,4
a21746b4-5dfd-3c8e-9861-f03da321a9bc,4
665afe74-3f2c-3ed5-8e81-050f87a4153a,4
8408cac6-4d60-3718-a0f1-0d9f9af61c6f,4
44bfcacf-0e84-368a-8874-88986e1b54df,4
f85ae37d-1153-3666-b51d-b1913efdd2b7,4
506f6337-c8d5-36c9-9cce-c94551c99483,4
565cbac7-5474-374a-9094-23fcf1717ba6,4
df790d42-8902-3be4-9b37-8b405f253f54,4
e82ffc62-af81-365e-90a4-b8f01c8bdb37,4
e8426236-b506-350a-ae96-7b56af1d7f5f,4
265a23d3-1e9b-3648-ab46-4fe3af778e86,4
368f7b0d-e15f-3785-9cd8-3f4a78d0ce4f,4
d23599ad-d1a7-3b10-9995-272a27a211e7,4
e74043ad-512d-33c5-a6a2-5ddef3730a97,4
ddc24921-3325-3bc7-99e1-eac230e1d38d,4
05be49f7-3ce0-39ad-a516-d3cdda8ad9cf,4
bea31e89-cc1f-35ae-ba33-1ff8507c3bfc,4
dfe95f0b-97b6-304e-85c3-7678efe68261,4
1cdd8f8c-b473-3479-ba68-ab8970b657f6,4
8b859a06-f223-335b-b73b-cddb5bcee01c,4
ead874c7-b854-31cb-b86e-d7fab6a07a6b,4
1258e93a-0e04-3f40-98b3-71e604146b33,4
ae4adefe-e4ed-3860-8a6f-463aa9c33493,4
e691a0c1-32e8-37d2-840b-168ceaff3504,4
afd450b5-3526-3276-a283-1f9080df6ac0,4
e8181e41-a619-3b18-bbc3-71d186b23f02,4
e1ccbfbd-922d-3a51-9e2d-9600c3dad502,4
1d99e1bf-f69c-3f18-a109-8866aa196981,4
f2b2a7f6-a078-3190-8bf8-23fed3de3ca5,4
1d2c273f-32c4-3dea-9d51-b38a110a24f7,4
b9696514-5e12-3ff5-a5a1-18a351f89528,4
5be3ce58-f2ba-3ae0-919e-c80671faf7be,4
cf06cc6c-0203-3977-b0ac-78867260aa8c,4
5eb5fda7-7001-31e1-af26-013b9e74a6c5,4
4244dfd9-93ae-3f8e-bb46-1a57f25a7173,4
158b2c98-1ad3-3ee2-b555-12c38167e6f7,4
743efa9c-c357-32d4-a76a-8f52f67e8f85,4
bd7999b7-2958-3b45-9085-bd3c223e4108,4
199e5616-2861-38a5-a945-3fe5c5500456,4
fe996b82-492c-3d76-b5af-7d26541de059,4
9a827898-221e-31e9-b0e8-47d05c60c125,4
ae92adfc-fa95-3a62-acc7-1ef7f76c70e6,4
fc3b3a29-f5af-332a-85ac-56bd0a0effc7,4
2b1de6a3-c9e7-39b5-896f-4c2df2fd0e9b,4
9eaf1963-b36b-3006-bb3d-51631d718bf6,4
53406966-f443-392f-abd7-646669770587,4
d38c7f30-b8c3-3e9d-898d-8671ebbf636d,4
caa31804-24d4-3a68-8f36-ed82c1b8c4e7,4
3ff1cda5-881c-3801-901e-0afdff832020,4
f922a4dc-6e4e-3d16-87af-63b1798f3337,4
ba437afd-0618-3c8c-9cff-93f4b3bb217c,4
dcce3f1d-db59-3d2d-8355-f955e6ef13d0,4
1947113d-d174-3c03-ac5c-da00e8da15fb,4
c53de01f-819a-3b8e-aa46-60b2d391b6d3,4
0ae71ee8-cab6-32fc-8168-bb8d040b488b,4
6b9526a3-4627-343b-9af3-8fa21b6f10e7,4
e36e7b62-f44f-3446-b5c7-0fdeb5e7a70b,4
4211b0cb-1a79-320e-94af-701e4d011c44,4
a7f084bb-18c7-3bc4-ba72-55c3524816b5,4
28c3ef3b-0448-3df3-8d1d-af648b92c76a,4
06853deb-1efe-347a-a451-0d4da7f5d8ce,4
ec3c58f9-4c96-360f-9a71-63f147604c5c,4
d9bdfe43-3eec-37fd-9b36-f59be12b52ec,4
2842988e-8d9f-33bb-83fd-984f46abc35a,4
03236373-1d4d-33cf-abc6-47018eaeb505,4
b1f4914d-6c65-3a3f-a932-ec269594a122,4
7e6768b3-a0f7-329d-a5d3-d7eb0c646658,4
e6fa35b4-54ca-3852-9fc2-504976a5dba4,4
8bf9ec2d-83ef-3a98-a3a5-9f771438dc46,4
3b9637f3-5406-3c0a-8045-481aa06f2275,4
eab75dee-d61c-3824-b0f8-196da3bf82dd,4
0d3ca3d1-59ce-35b6-87ea-8663fcbbc7b1,4
e2bbc7c5-9619-3fd0-a6df-3f5a75da3403,4
10a98431-c4c1-31f9-b04a-681b0be2af43,4
89613989-78e6-319d-b884-bd4fd132d760,4
08812506-44e2-3b1f-a179-1a036e42c0d1,4
037e8242-ae3b-3866-89b4-dfbe52f90d41,4
308d08bf-81d8-31a5-880f-2beb72f9664b,4
3b0c47fa-ec52-3dc7-b7b1-dde200653d4a,4
5c2be2b1-6c34-3697-83d4-82392ac8e45b,4
5b96bb6d-7490-39e3-b762-ba8a5bed4226,4
ed88fb6e-6109-3da9-9c6b-62f9b9fb1437,4
8ebfafc3-3707-341e-bc35-c96b805dd50f,4
325f7363-91d9-3fb3-85f1-97ad3236b4be,4
f8c85b49-52d2-35ec-a1bf-0d10427fc430,4
b564f04a-69b2-3ed1-8313-7d1a8ddebf85,4
020dd7c6-86d8-3587-baa7-0e154b0efded,4
4b303140-9b60-3602-82dc-105c3389aa2d,4
c76f69ae-82a0-3de0-b68e-1a728119f4e2,4
91ff2eca-1931-3232-b966-0cf3348d0fca,4
3f75cac2-b610-3486-a2c1-d12986f37b1a,4
ceae41c2-b76d-3360-bee1-f3a279de60dd,4
376f2bc4-949f-3efd-b769-6b5e21ed2f65,4
50e4f7b9-f972-3d09-b5b1-eb381c94fb8b,4
43fad3a7-6d82-3d46-8c6c-82cd0c86ea3a,4
163fb84f-260c-34da-a3e6-765c22a8a834,4
0f7e8d56-188b-3403-9134-8e5ce34728da,4
98a47783-c3b5-3fac-a04e-4f9f173bc479,4
b6d34b05-6533-364f-a71b-ef3f3e7096ca,4
71357b60-df35-3650-963f-7f9e6dd64f6b,4
b37b3a0b-4c71-3f96-a4a4-ca8f67291521,4
1a557e89-8829-3b64-a1f5-09f4a667dad2,4
b47271bf-5f3a-378c-8b25-39c0abb606f2,4
5819fd76-5fa8-3b43-8824-c164d71b3c9e,4
1aa76a21-af3a-3a2e-b5bb-bdea5b32201b,4
2036ea7e-1720-3f96-b51f-f1a9bdc0674c,4
efb9986f-806f-3e16-ab38-7eb1e9c6851a,4
1807cf2d-3814-3a30-ad5b-ad80dee680eb,4
3e169169-6909-37c5-9840-994a9dde71f7,4
14439035-7976-3de2-a5b1-91fc2c371296,4
7a86418e-f257-3042-9def-ab02aaa3762d,4
71387e17-4eea-380c-b170-5efbc116e12a,4
3a9d7db5-44fc-3b86-a676-7740e8204f58,4
5270ad78-3ddc-376f-a198-6a0d899a1d7f,4
7860b777-a69b-337f-a358-7841c026135e,4
9a7397ea-fac0-3675-a13f-18188b1fd523,4
9176e0f9-de10-38ac-b29e-125e7f58d848,4
0f467aa3-cf86-356b-97d1-c27a7ab37dcc,4
d9e26a6d-f4da-3ec4-9657-bed6cd8975c6,4
24682a5c-71b2-39a5-8f93-bf7dc4424203,4
0a5077d0-62e2-3c56-b7c4-071e4e9f43f8,4
52bdc8fa-b138-33ed-996d-b6171d322a1e,4
8d270a59-9f5e-30eb-be9b-713da740945e,4
4a5aebd2-0c62-3ada-8de8-c96fe0f1a6b5,4
ea4fab62-3db6-38cd-abd3-130f8fe9b221,4
6002661c-05e8-388b-89ac-b58859ec4cb2,4
ea44ad92-ba05-3a43-a010-27b3b0b54389,4
1e1e85fe-d24f-3acd-a4be-406e9704a90d,4
0c4d189b-af2d-3f64-8505-47c798a7f6fc,4
002fb845-8239-307f-b62c-f7545c728ccf,4
cae1933f-ca4d-3745-b077-4e5cc57125a9,4
71a66c6e-035a-32fa-a5a0-2ff62e2b4ce7,4
44b6afa8-952f-3b68-adee-f5b801e20835,4
4611b1e8-5a88-3a2e-b1de-4f2b11a2db32,4
0e31b85a-f5ab-39df-ad8e-ca1d0105ceef,4
34812d1c-cb02-3fd1-a531-439ad018747d,4
8708b51f-fa24-331a-908a-e69b8109a263,4
bcb6feea-bb88-3969-9cee-b7c684a4ca4d,4
836ae36e-8207-386f-b543-585a5cead306,4
012770c1-4cdc-3699-96aa-994a42c96302,4
0cde4840-57f4-3b80-9f5d-2e62b2685375,4
d47363d9-510d-39be-be6b-c563f02cf36f,4
dc0eec2c-cd0b-31f7-9516-b05e503ea329,4
d8e900dd-25ec-30cb-9c1e-b009f7964784,4
1d1b9695-b664-3e13-a8bc-18a12726cc8e,4
bfe6028c-deba-3916-8ce2-00f177df7323,4
8e608150-a6fd-3cf1-9671-c940f39d7497,4
3e87fcef-160f-3b87-af33-05413a1740b7,4
c11541b9-59d7-3c31-98ed-36c73e561afd,4
400a3139-bd5d-3640-82da-81c516b25660,4
41696f47-7625-3793-be03-86aab67234dc,4
d4a355ae-b1fb-3b59-8f3f-528c0c0f9470,4
d6771891-12cb-361b-b611-f8c911733e26,4
b46b3d77-4a6b-31b2-b88d-f94309e41bf1,4
877a3240-b2a6-3c69-9beb-cb79e4af94e9,4
b58c10bb-512b-33c5-ab38-bbbd1b8f5687,4
634e07c9-7a66-33f7-8a83-f7cf3d8e4304,4
c2e328e6-8555-306e-af39-d211ef370e8c,4
c77041c9-5378-3f60-bf99-304ecf076014,4
8eda3c00-c74a-375d-b310-6914605dfe77,4
dbb722e4-b1ca-3b20-9da8-895ce4640f98,4
6f385c54-7984-328f-afbd-7c0c93f08b91,4
fd8c6110-42ff-3f01-b9cc-05590d412f08,4
4278948b-0a70-3523-825b-d8921f5b0f27,4
a2fd2d77-861a-3caf-9db7-4ad49043e767,4
27c6f5c0-0a08-3ead-96bb-70cc3359e4c5,4
5a329c6a-aae6-3e88-a35a-c8dbfd96e5cd,4
eb821958-aa56-39fb-b7e9-f60b7fed7e18,4
7ce42553-528f-3eed-bcd9-b9ac56e7e3b0,4
7340e741-92d9-374c-84e3-bb71c488dea4,4
75e8c2e4-e073-384c-a85b-1ee1129c1764,4
e442177a-4095-3f84-b508-c44523ed3a6c,4
916537c4-96ea-3121-9b0f-45bbf0bbb606,4
471560ea-058d-3081-b8d8-9feaf07abb14,4
acf651d3-a9ba-3e01-bb69-eeff2469ad68,4
0ca39105-dfd1-32e5-919d-5b95b6e07386,4
735a2046-31c2-3a68-ab75-1b391122e056,4
eaab3a6e-e530-3fc9-9ebf-29b668e8b9da,4
4dcdaf56-8065-33aa-a854-a052e6570785,4
3e22263c-1859-36dd-9e40-fe0e076188c0,4
90790696-f083-36f4-a5ab-54b9effa0ba0,4
e5bfefe8-019c-3e27-b0b5-7ff6507e8c45,4
fbb90b54-f8a9-3ac7-8485-c49f4224151b,4
16cd3fc6-078d-3844-9c1c-52f0b1c0a36b,4
688c65c0-4c71-382c-95db-14802c341d38,4
fe11dd55-75fa-3a36-b68e-249ff4993597,4
820dc999-b705-3126-89c5-c37be3afeba0,4
d82174de-8fa3-3336-85e2-02450733b5a8,4
871dd464-95b0-3667-9d4e-b4cfdb7c6f31,4
32fd08a9-e22c-3004-aca3-2df9d371318b,4
3b35d031-8d31-3924-89e6-2af82f5fd2c3,4
ec27e82a-29db-3e4c-93ca-7dd6f526c85c,4
6bcff4cb-fa2e-3d22-a7b9-997a87e933f8,4
24957d34-a55e-3946-9006-112fadc62062,4
74d92a5b-a9fa-3cf7-a749-75485d6be8e6,4
f96ee51f-50fd-3fc0-b101-626470474d92,4
1f640867-9b1b-3de6-bd2d-efd79322d001,4
9591f610-be30-3c94-8b12-8df04f19b1d8,4
c234a47a-72e4-3874-a422-32a66d0553f9,4
786a94fe-6794-3952-8967-b026fdcbcf2d,4
7ebddef2-6e68-3939-84e0-d604a2d30f99,4
13901490-73a3-38c2-8052-8be8fadc85d9,4
d562425e-300e-3e8d-9d2d-a1ea82ba1038,4
154eaa64-b063-3eb0-8ef6-0ac0a108c644,4
93c03fce-b8d8-3e9d-b4d5-04f1da4a82c6,4
f8a47921-440e-30be-8dc0-eace5643a0c5,4
e79c11c4-9d63-3fa5-aae3-ddc4604937c9,4
c92820cc-58d8-3de3-b7ef-284d1b24c6f9,4
8b2c673d-4377-32e6-937d-b31e6bf65350,4
9846b2a6-cf3a-3af4-8a5a-bd576f82522f,4
6d82243d-256f-3777-9a4e-26f48b10175b,4
1fa85837-276d-35aa-80ec-e5442676f48c,4
33406c86-4157-3633-8d6f-db16b761f07f,4
01e636c7-79df-3115-bb55-524246b12f75,4
de5da5a8-19bf-39dd-ab01-6519e78ffac0,4
b3713e9a-ce7f-33a3-8f06-ee427a7d1009,4
09d771a3-9c72-32c7-83e0-2a8a2c2a7f93,4
8bb74213-5697-3731-88af-2c635809994f,4
30e5cc8e-7cdb-35cd-98a3-25288a1ddedf,4
347e4d99-5675-3b85-a57f-9e7a95ba1499,4
7efab6b0-5a89-3ee7-89ac-5af665094bcb,4
b1d1462c-28a1-3fc1-bff6-5bb41d383e91,4
cb03fc73-7871-31e7-8a4a-88c51467d819,4
9750271e-7392-3c0f-9db2-1c8fc31332c5,4
33aeee9e-92c0-35d2-a77a-1e74c1ee2335,4
751573b9-da9f-3977-a946-d98dae298a87,4
dd7ef62b-f55c-3988-b6d7-f353dc5dd8de,4
c196d263-db29-3f09-9980-c20e12599c26,4
976d3c66-15a6-3762-9f17-e1d9888558d6,4
b1de46f2-cfab-3839-8cd9-da9f6e169259,4
0891adab-7732-3cdd-b1b5-ca773a21485f,4
cc1419fb-dd06-3741-acde-3995c826d539,4
58c495e6-a506-3e39-ae81-e6bb28d665d4,4
2d5dbcbf-44d5-35ca-b499-5546f7341c18,4
5bc97281-5ce2-39bf-a547-10afdb4b1717,4
b2faeaaa-67ea-33c9-b830-f70b640414a1,4
4cf40b18-fc4f-329f-9608-e150b7aacea6,4
1393161c-2d6a-3ae8-a47c-63d5d243d0d6,4
7e906050-4024-310d-abf9-6b180270524b,4
0a6c54db-9131-3ab7-bcd5-78e5e2b84194,4
81b2f1ed-b786-3cd9-b82d-ca149b48322c,4
3804202a-1e74-3f3b-97c6-1923f396d167,4
ab3f0f5a-c8fb-3dbe-ac00-04f74a6fdde3,4
987574c7-65d7-344e-a2cd-986f420583e4,4
f6e07fe7-ae05-31ac-90ed-e6c00cc8fe1a,4
36f2eb18-d14a-396d-919a-c9c4cb070c33,4
e9f90a6d-6c67-38d4-9c4a-89984af4ecb1,4
9658e33f-a789-3fa5-b4ab-fd8d872baf6d,4
58e94013-eb68-33d8-a749-f27f52eebdf5,4
c928c6d5-725d-3cbc-b785-dcefdfee2c4b,4
f4b3f904-4aee-3e02-881a-d0d2c467fa40,4
b0700fb6-b829-3f8c-b8c1-694bf8f81296,4
6c5e77bd-a0b8-30ff-a9fb-3129f0f66cae,4
c2742c44-3a5f-300b-a505-7bb0b85f4500,4
d98c7561-8135-3e6c-9d6b-039ab270861b,4
d30544cb-c6e0-30e7-a007-7c494091b6f9,4
7c53f268-7815-3d7e-8c8a-23169830cd6e,4
159c14a3-0ac0-3456-9b81-b58b3aa06f36,4
2f8f8758-3d83-35e7-a87a-5dcf1321875c,4
e5e2d638-df46-331c-8926-4452f41dab5f,4
037a19ff-4144-3a3b-bd22-5c613aff6fd6,4
0cb1447d-e63a-388d-85a8-d4363929cf0a,4
81926e03-71f9-3390-8186-f39b81e629a0,4
dd8c0ec7-25a9-3a94-8151-c0615fed3b77,4
030950a9-482f-39e7-90fe-33e9b3cb2ffe,4
3677423d-c4c3-30ae-bfd3-d169873dba1c,4
5c3e6efd-9362-3e93-b855-5d9ecec9a3da,4
80d9d586-bf95-3186-a473-831b8cab9e13,4
f1ba2868-4002-3152-9d76-0651e1d0735d,4
163f80f6-11f8-3deb-9faf-2c081c450190,4
c2dba6bb-49d8-38ae-9658-4a9e0414c784,4
033468f9-b17a-3dd5-9c63-9f40cadcf939,4
d8c95786-2bdb-31b3-b495-f4827286a5cd,4
de34a52a-b9d3-3300-ba08-d735a872d9b5,4
1c9c83ca-6a70-37f2-adc2-107c2138f3bc,4
b0ad0120-9032-3bd8-b861-f3f9eeb1f12d,4
2dd3dde7-3dcd-3667-9ad5-fcdec424916d,4
901dcf67-000b-3f93-a395-5dd35b7d3e83,4
88fa4839-80c0-360b-bdd3-10974ac25a5a,4
c85cd397-d4e1-32ed-9338-ba28ec6ec398,4
6fb81ade-c8e6-3d3d-a44e-55411578dda7,4
bfb73d9c-f848-3703-a085-2ac117857e6d,4
34357c99-d520-32b7-8b43-cf957ff54924,4
de4fb024-6353-36ce-a98d-49b23b923a54,4
d7383a4a-5df0-301f-9c8a-3bfcd779bcf6,4
5697b55c-d1dd-3611-9013-a7ead98831fe,4
2629f614-b147-33fb-bfd0-a69307a1cd25,4
13a28f16-d092-301d-b68b-c5bc3c13c4dc,4
d472eed2-b7a0-3c01-aa8e-4d9382289e4a,4
217f47e1-5cb2-3449-9418-da050fcc50ec,4
293f02e1-4842-30e2-9e65-683f4c671e8d,4
27068881-a53c-396f-8774-4688f7afaaad,4
22a6f8f6-5a28-3b39-ba0a-313e34af1786,4
019cfa6d-5edc-39da-b2e4-1a20d2d16f8a,4
5c018374-8192-3700-b10f-673427e73a16,4
c8cc2aca-5aeb-37a5-9260-95ea1da24092,4
abd8c6eb-0ffc-36ff-ac2b-8d215e557837,4
f32ee1e0-8e93-390e-8954-8ed97d9e16bd,4
33df6cbe-6f8b-3275-bd43-477da7ca6297,4
51f2b98a-7ce9-3df1-af6e-85ca15496aed,4
0e510aeb-0751-32d9-86da-41153102c3d1,4
12a4c659-b228-3875-924c-41c0e40f9b6d,4
32f9e9a1-0294-38b9-a104-d22b2c67049e,4
87a47dda-8706-320e-a9c7-b2ab5bf85fb9,4
fb472c50-46db-3b6b-8edd-58809a73360c,4
0a6be90a-94f8-3772-8b1e-0023dbaf0d0f,4
304a865c-6f8f-3507-ade2-6123ef4e32a0,4
406f7b98-00b6-3e12-999d-efc6ca5ca02f,4
621d3906-0663-3d3c-afe7-1486b88139b8,4
e772dc89-04bf-33cb-b8a6-8d1ec572f6c2,4
27f302b3-03a0-3255-a242-c92e9c18ca4c,4
82a9e704-7040-36c4-aab1-3a17ec02f115,4
d837ac66-73d2-37e2-9a9e-cf1d86754e8f,4
acb661b2-8139-3add-9e0b-df59cbd129aa,4
bebe2318-7564-3a2a-a22c-892329955c90,4
7b371ecd-890b-3501-868a-52871543eb58,4
5910b116-64fb-306b-9d8b-d1a644b6f807,4
e0acc697-37a9-32a7-8681-6a14b003d4f8,4
5a8d82ed-f107-3c08-bb91-43abf03eef19,4
50555605-c205-366d-b4fb-eab0b3e05be7,4
4ecf4bd3-17fc-31d0-8d28-01ca4c9e6a8f,4
8dbf6658-c3c9-3488-893f-1dae5bf0b191,4
e9ee5f7e-617c-3d01-9a25-f2a96c0a4e3b,4
11a455ed-4929-3cfe-8180-8faa939570e2,4
86cdbbcc-1077-3b00-abe1-22e85fc0d4aa,4
f68d25d0-2705-3166-a054-df2d7feb5127,4
d821a9e5-530e-3a32-aa64-9ec2397b335b,4
7dc38a69-84ea-36ac-934d-15e770cd4efc,4
9e3632bb-574e-3492-a376-28508383a149,4
b41face1-ef42-324e-9df0-438cd31ec221,4
0b72aa5b-32e3-38fd-b169-325ff83797f4,4
f82ac69e-6590-314c-879f-a447cb8ab6b2,4
3ad4f91f-cf3c-3e2d-bc3b-3bd345debc6e,4
b1a2bbac-dc1b-3e4f-b13d-66e2461a4b99,4
a79cdb1b-dc68-33f5-a6a8-80dc5948427f,4
7b8096d4-5c28-3742-9902-6531570bdce5,4
903f9341-2317-3150-9093-20270ee590d2,4
3dfe5414-cf51-3c2a-a039-bf9fcffcc373,4
7357fffb-111d-3348-86d1-fdf2de011fdb,4
a242099b-51f5-3239-beec-77512d6d1e31,4
937beacd-6d7b-3b1c-ae2b-7a473b802f11,4
a057aa82-6c64-36e8-856c-0075b1239df2,4
63cffc13-411c-36f0-8ba2-b6ad6399b536,4
dc15aee5-305e-35c9-a97b-9563c63b67f0,4
5c1345fa-00df-3dcc-80af-f74cd0e0c41a,4
33d3d8bd-d51f-3343-9555-ae0a4f3353cb,4
cd3288aa-bafe-31ed-b384-a36a82e99369,4
9d56a7b7-7449-36a3-87dd-30d246203311,4
c8e56670-c42d-3cd2-b028-566cb7643bd6,4
db849da7-1544-3859-8ee6-1aee8467b104,4
d538a310-8024-3929-9527-baa8928ad8e9,4
e55c87b6-364e-3efe-8b60-acdacc110c06,4
53d74d97-3590-385c-9382-08a1a1837871,4
ad711572-d6ef-3bf0-ad12-ad759676185d,4
c6077fe8-3409-3892-9c93-4258815c2b6c,4
88a90ea8-1bd4-36f4-9d14-ae01a20da404,4
d6553b78-c922-3e3c-9aba-80a81ed22684,4
af09a5a1-fa23-3622-95d3-592c572603cd,4
aa5eb795-6038-3087-aa63-26aee338f923,4
bf71598e-3f73-3a47-aa69-21bd3b5f20f8,4
1a29bdce-1429-39a9-ace0-b46fde8ca44c,4
81ce1143-65ec-339f-9b3b-bbadbf9be96d,4
703f6ea7-2640-3b4e-af37-ae67f81657d9,4
dccb4481-1d64-3049-8787-c413a1d3afcb,4
c6afb780-c14d-3d80-b770-fedc6793909d,4
2e5016e7-3030-323f-bced-6a5abd135147,4
4c538dfc-bb8a-3fbb-b7b2-2786a9f27bdb,4
c498e6c2-f743-3add-a591-9069703e6298,4
0326f70a-1b41-3e3d-80e1-633a017380c4,4
5ad1f596-af8b-3fba-abac-50e8d0dd7807,4
da271a70-3942-3e1f-b7a4-ca3ebb800d80,4
0d138f39-d4a9-3c89-91d2-3982f237c6ab,4
e5e2b2ab-033b-375c-b2c4-f1ecb63a2de3,4
75ec0ebc-6962-3735-a994-a6d317f43156,4
549682d5-fe93-39ab-a06b-49f8583b0bab,4
7804dd19-c55e-34c9-8827-99ac982b0754,4
53f4746d-885c-3d6a-bb6a-9d56f4358771,4
6e2895f9-febd-38ea-b4b4-cc3e2b0ca04e,4
40d45477-5cbe-32d9-b62e-375b2fde0863,4
430d196b-0cce-325f-a9ed-b7890614d728,4
bc5455b7-20e0-34dc-8677-526f0932e078,4
75708085-1da8-3c1b-8e73-4e6703c8a871,4
9d1bb10c-6fb4-3def-852d-40e6676720c5,4
09376bf3-dda9-3353-86db-77a81a6f2910,4
7b2986af-1a7b-310e-b864-2e5272d70e5f,4
4ed013ff-7916-3e3b-a412-eb9068737b28,4
af432e6d-b373-341f-888f-89b47d00adf4,4
2a2c9d68-315e-39a8-a0d9-ca646ea90e3d,4
d0a8231c-53ca-391d-ad79-3e77acb1a013,4
3e4d8979-9965-3a9d-8bc4-768acb369f02,4
947acf39-cd46-3bfe-b187-d92459dacbfa,4
7dace7bb-789a-398a-aa82-3e9fcfa5dbea,4
16d6878a-b917-3752-b55e-5a7ec85115f4,4
e5cd24f9-939e-3673-99c1-9aef792b63cb,4
f7b9eaa6-9c4d-3b7e-b786-58dd20ebecea,4
9d0ee01c-4810-3673-a05c-78814f25e30c,4
39708be4-d1f5-3c94-a76f-ad1722fe5c79,4
d58db636-4ed3-3fad-bb44-ee9dd4b53180,4
5d8a1b9c-0068-305b-b64a-6c9452313739,4
427c648f-305f-3d97-90b5-803fb1389af1,4
1ef2745e-f0fd-3051-afa5-0b923bb5457c,4
63693ba5-c219-3a8a-aaeb-4130594ac154,4
69187a21-32e5-3140-aa79-47349fe88561,4
eca3afd9-9950-3951-bae2-3887b2852b24,4
0e1158a5-dc74-33ce-9298-eb906da92c35,4
c8f01ef9-7dfd-319f-adce-3c05b108555c,4
12278276-01f4-36c3-b3b0-dce669dee5ab,4
1bbc5293-b72a-31bd-8616-d7592fa75156,4
7b2eb1fa-57d2-3ee5-8cc6-64fd53eec659,4
5aa922a2-f98c-3801-8041-42b8b320096b,4
87ec5923-5c71-3c1b-b88d-e097a4a782b3,4
b450d772-399a-3762-96b0-77b1aa4a74dd,4
cab567ad-d8fb-38fa-bdbd-62b08c29f225,4
f8e9cf63-ee19-3c18-b8fb-98a4b96cf5ec,4
038e9e91-174f-37fe-90bd-251eb9ebc6b7,4
5a9d0cc9-9d59-3025-add8-d6e19c10d065,4
8b599e23-7680-3cdf-aad0-74c5c5ea5f8c,4
afbaf381-1e81-3ae7-954b-e974dc82f124,4
ab090a4c-4799-3c1e-8bbc-c995b7459777,4
7c761dae-81f1-3cc7-a0d6-585ca1d92bd6,4
3c018a4d-2dc9-34b8-97b8-cdd4fc2b2eaf,4
42c6943b-e6f6-3a7e-bfe6-7b6656f7b624,4
7bbb9813-8885-396d-a234-f30892274cea,4
48dd4035-0b65-3e9e-878a-e171a3f30fa8,4
8562b93b-4edf-3344-9a45-1211c5a8b147,4
a71a8cd9-33a4-307a-93fe-5c94f4c76feb,4
05c81492-2e83-3d5d-9f2a-eeb4d0d7dfc6,4
6aa1ac9e-76e0-3822-be47-d930a8670ced,4
73363758-b103-3a82-9449-f0ff770cb051,4
a3f7da15-cafc-3ab9-9d06-135c0f8efd4b,4
d786b44b-c69b-3986-a5a5-99cc2882a224,4
2a0a6a15-b793-3f4d-b80c-543871147f9f,4
20cdfd83-f9e6-3fc7-8e5a-c20666a9ac28,4
2b1dcf95-0da3-31c8-9cae-03a8afba0983,4
62b3d795-57bc-3674-90ae-4bec574abbe3,4
0dbdd2c8-6767-305b-af86-e2850c056683,4
d80aa390-a83b-3979-90fe-8f828d1c0c0e,4
1c49fe88-f955-3966-998a-1c031bf7b863,4
24a959b7-02f2-3429-bca1-2e09ac75f7d1,4
f876a133-0681-323b-b8cf-76c0205e0f29,4
30e6b48f-a147-3872-875b-52611d9fd731,4
8325fc7c-5710-30ed-b9fd-f71572c8be15,4
3e5ceb51-6a2f-3cea-9d41-5a4593ea2233,4
79a1d4e1-9fd3-3a03-9007-34622e8dbbae,4
04f724c3-fe6b-3efb-a618-a112242605bc,4
c67ef04f-4fad-31d1-89ed-3c9b6c55813d,4
4bb38cb3-9080-3c86-8b46-e3528008e07a,4
fd14d760-cc55-3428-9346-f10f313494f5,4
7757f552-e7f8-35e1-80fd-caa455fa7a4e,4
4a9203bb-a9eb-35b6-b3b2-54b28bcc3d8e,4
d644f0c2-cc46-38be-a07e-2e69a6cc7a8b,4
905ebf1b-8945-35c6-a8fd-b42503ef223c,4
ead2277c-e2b2-338a-82ed-2de109e73074,4
b0135758-1a6c-307a-bc78-14646d28153e,4
c3e43664-cfe1-3954-bc95-c48d7fb9f826,4
ae8061c3-bcf4-313c-9601-fde3d6d165d6,4
9c97a7fb-09c5-32db-b43a-d77065310ea7,4
f7aeee27-6d67-32a5-9e78-d73b628dd255,4
c100842e-5e6e-3a4e-ac7f-cc4bc01d9851,4
3582a253-8987-3751-8c3e-0481dd076c69,4
77b27f65-4f93-35db-a438-b3596fb773f2,4
3a5c0dc4-f3c6-37e4-bec0-451abbe1e4c4,4
325780f6-2b69-38ef-9ffa-7c9ec6ef7f68,4
ee6e862b-c524-3caa-b00e-351fa205230c,4
d0deccb6-0bc2-36b1-884b-e8637bca9739,4
98ad6e27-dfba-3190-a3b1-8b03348fa82c,4
49c55b82-dbe0-3a4a-b7d6-e0376cd3a9ec,4
71d37b40-1d42-3009-b6fb-72e6c7805690,4
0cf6b4b8-23b2-370a-8a9a-e1220dcce6a4,4
47cbb4e1-93f8-32a3-a470-78596f3d430b,4
8514a710-9dd1-35c7-890c-c1e628bcf456,4
64b6d40a-ef88-3878-b54d-0fdae7c917ad,4
42b0642b-19cd-3ebe-8508-c780bbf1bea6,4
5acddca6-be54-3468-9053-609aa9614a82,4
a1c89635-6f36-3438-9c4d-7c075d7d2693,4
bb3d70e2-4f94-30f1-80ee-6ce3462be20a,4
d444d131-6d2c-3183-a635-558c75df79fb,4
bab77d32-8e92-3313-a50e-cd57c67640df,4
364bc3d4-27f0-3e0c-b573-f3d8e72fd125,4
0bb05fe6-93fc-38e1-903a-b93accd205c9,4
bd41755e-ecbe-3e38-8f62-5f9686b6c9e3,4
65839fae-4417-399c-a868-6026b01ec5b5,4
c2837934-35cf-3617-83ce-65bd38e1586e,4
464455ac-b9c0-35e2-9894-262820833d3d,4
87cfa8d5-2ad1-3394-810b-e542ee711b6b,4
d1f9c4ef-b243-3e0c-b7fb-58ad252473ec,4
327023a3-59e1-312e-8e30-ca3c81cde063,4
ffc44e74-6ea9-30a1-8726-70ac381bcc11,4
a459573c-f12f-3575-bf7e-dff9d726d2ce,4
19daf213-1813-3279-93e5-3827a9277cf6,4
7c3fcce7-4758-3de3-ab2b-06ef3a0b5de8,4
c28ca5e1-ff3b-3b88-8066-6131f5c45d00,4
32ee23e1-bc81-30a4-ac45-a72597c10017,4
b29aaa43-2949-37d2-b671-77a20ea554dc,4
3604fb7d-fff3-30ed-9bca-86ed9dedf37e,4
a01cc3c4-943c-3a2d-b95c-9c337ddf3934,4
37cee8b9-27ff-320b-839f-4fa53bfeb329,4
4b715465-e6dd-307a-8c41-046d8b58cc72,4
a9d97070-2151-3ab9-a5e4-7aff053c9701,4
68bd9116-928d-3840-b1a0-fd4b0ac3e2f0,4
739d24bd-a966-3865-af75-05110654c8c9,4
8b0d5c66-2126-3f4a-9b90-a16c01024b5f,4
76b9583a-64ff-33d7-823a-dff03a30b4d0,4
81858eda-fd5d-36ee-84a3-9da84b79a3a0,4
3f3fffa9-db79-3c71-ab0f-568f1d2c6813,4
2df28d7b-57a3-3488-ba79-f7efa3af8463,4
6b62d4d8-52f0-3902-a9b1-682e1a511480,4
80c1084f-0e89-3edb-a020-353ef947de97,4
47d93246-5b71-3714-a634-d3ab346ee346,4
cdd07727-7945-36ed-bacd-dd23991fde90,4
48c421b2-91f8-3de7-9b1d-c7f305d5ed77,4
2b9d6ab2-1eaa-379a-8ee6-212263f42a32,4
c2c6c045-cd75-33a1-bd48-95a57ef73d20,4
71a88de6-96e2-35e3-8595-764799fb2837,4
10088f65-6bc3-3ec5-8ea8-a50ab2f13315,4
9b4eae69-00a8-3c2e-98cb-cd3c3a3ea9d4,4
0aff5d42-389a-3576-a200-41eabbe68243,4
dbcc02fc-88d3-338d-98b6-70dc3d431b67,4
3598b0f8-d354-38a2-bc96-ffcbc4a7861e,4
d620476b-7b75-36c1-bed8-c4e0fe91e2be,4
e7d9ce70-918f-3cdb-ae8b-fbe34bb873b6,4
8c70f1a5-3dfe-3a6e-8544-0386cfbbc595,4
b1ffb313-4b19-3610-af94-2b6f503b01d5,4
e10ad2f8-beb8-3058-b192-d20f7ff7b2dd,4
d4aa8ed0-0303-317e-bd2a-aac7e9924f0c,4
8ca7d3b9-772e-3dfe-8e32-00b7ab68877c,4
2c65a504-91d9-3146-8f13-d8e89b6274de,4
ab7a0ca6-81d9-32cb-8a7b-c6f9954638b1,4
006aa43b-011a-3ab1-bf66-d0b5bde0b2ef,4
fac68368-32fc-389a-9da5-b5568fafcebf,4
f97916a1-2d9d-3060-8081-bf559d265dd1,4
0a47e2dc-2ace-3fd4-92d9-b998d7872316,4
58a2e858-f567-3986-b49c-a99ba1118ffb,4
133ff327-3df3-39c6-8c29-ca05220135c1,4
6b783626-71c9-3fea-b896-6c522d7824ac,4
c9740a09-1a90-317b-9794-f1ac92f4d3e1,4
058346f7-7d6b-31d4-a541-9dac02f1aa1b,4
241b668d-219a-3b10-9e0b-851c1bf3ca3c,4
ebeee5da-d0bf-3376-bb06-015fb96d1620,4
db79f96e-3e3f-31dd-adbf-0fcb280717aa,4
15d697ca-0e55-3b03-917a-40f093e53310,4
3e6d52a4-92ea-3503-9182-520682502486,4
bcd03f90-6966-3c78-9230-ce29be3f7030,4
b6106806-449e-35eb-9c20-d3d0a638ad54,4
5d8f9e95-5102-3239-81ee-f1c9a61c9afa,4
8d9c3a2f-21a8-3428-a0af-51e1c38816ff,4
68911c0f-9381-3e2b-8a5b-921b2e0b33bc,4
9aaa7eb4-b5a8-313d-b88e-fe66d27d22c3,4
7652f7f0-86da-3c1e-bcc3-8d670e9914e7,4
e7856777-4dc2-35ac-94af-1988f6d2ee4b,4
d8389ece-14ce-35a2-9f02-8fe8c17e0f56,4
f9c3e64d-4bdb-3bec-9dbd-61763e7b110c,4
9b06e16f-c30b-3845-98dd-d6ec89cf5e45,4
4248adc5-f0c7-33d9-8366-6be4b74dd5d4,4
9bcdea14-d5cb-30b0-9190-857c9799b262,4
cce37f98-ebf3-3511-a06c-f4bda626c70f,4
d56dd7c6-57d1-34b6-af73-ac2afe2a5bd4,4
d76fdd03-12cb-372b-a767-eda756728e3d,4
bb094f42-3a31-3722-a50e-f0a21e873f36,4
12f5ad11-e10f-38fe-914c-7f6de8b2ae08,4
99a3bfe3-25e6-372f-98ad-7e87562a4ab5,4
5a43d44f-1939-327f-bb33-c57271c09f55,4
81809667-6799-30f7-8c66-827c2dc32b6d,4
1fe20ab6-e6ad-3ab1-81fd-b749a7a5ef46,4
cdfb4396-d11d-3d0a-92d9-98da5ac4bd44,4
0890b9c3-5032-399c-a6a2-48391b78c9c5,4
1725a684-404a-3a25-815b-8a4012bd2e7b,4
d0aa1900-ec43-38fb-b75b-19930c1994da,4
157458f0-94fc-3d9e-837b-70c7e7428bbb,4
beeaad2b-0caa-3720-a7a3-74978f0b2180,4
d3a0013a-65ea-3fa1-8ba0-a6947a7a48b2,4
b75041a5-0ebd-36f8-b73e-c5f829ba35e6,4
7e40ffd0-1de1-3b8c-b2f6-4a2efeba37c2,4
29d766be-e45a-3bc4-9157-7b6ddcd89a69,4
7d0240dc-eb0f-3a24-9f91-27bc64c1f035,4
50eead09-9625-34f1-a10f-64e43b82b825,4
d1330e23-2d96-316a-84a2-5700f8ff21c5,4
5a2f0891-77d4-32ac-9987-c8a2b520d0fe,4
cdde9a9e-b0a0-36fb-a561-db2af5e3c7ad,4
10cdce4b-46ac-3551-8f9c-3b41b1ab9482,4
94a593e3-ed8b-3e0b-b5fa-f19b70f50fcb,4
16a0ea29-ebb6-3356-bb93-c4b0fdb0d820,4
8ac67fac-f8c1-30a6-8d1f-e4a7d9aee27d,4
c5d112c5-0ea6-36d5-8254-2ee34f049056,4
47c84185-a62c-3989-94e4-2c5abf147037,4
574211c4-8856-3195-8a5f-b4b3e90bc23f,4
f9f46b62-c832-3143-9ecf-c7c9c40ca429,4
e143585e-e1c3-3170-8035-9c4cf0d4e64e,4
d18c275e-4017-3baa-af50-8d50bfe1adae,4
ad2d2031-6d65-3eb9-b51c-4ddbd6ac42ce,4
6ccbdc23-36e3-34e6-8567-cdc07bc1afbe,4
012d2ba2-cae5-3b48-b6ec-c8847c74ca77,4
27aee894-0c3c-3ba5-9f15-8ced6e9ecb51,4
684908fb-2b85-3f2a-94ac-7fb84b20ce4c,4
e96d3352-9016-3a43-8341-f7184251e43a,4
be2dca5f-082d-3896-b9e9-8c03f0bd7b89,4
cde5dd4a-ddb3-3da6-8b27-fca2433ed441,4
c07a9379-5825-3faf-bd46-68abc63e66e2,4
3997472e-81ee-3ff2-b642-f4987dced033,4
583672b7-2030-3ca5-a24b-7d6f45076c09,4
d4bd8df0-83c7-323b-a221-014c66411e88,4
ec91307b-620a-3391-a529-a11a2d80cfae,4
d1a522d7-4e75-3eda-99da-b42f783102d4,4
c66d0cc8-fb69-372d-ac48-37ec8b627a26,4
973dbaaf-db6c-377c-b89e-10c6037b9214,4
78bb4640-824a-34b6-9056-9083f465a175,4
9bbed66c-b604-3f53-bc81-7cbc0f4ef6d7,4
b84d14bd-564c-3b05-a92a-6be688182740,4
483486ca-a366-3406-801c-80712562d59f,4
739ea1c2-d441-30b9-a0c2-9a5203464e61,4
74b0a91c-bd60-3dba-992a-f9e21aaa325e,4
4450dbd3-f897-31aa-af7b-1bb85af86435,4
d1da6c08-1013-33fb-9e3f-6c7e707060db,4
99d784b4-530a-3ff7-864a-7497d357afdc,4
d5691034-4658-3134-9a1e-8d8a7a15ac8b,4
bc61057d-bba4-3615-ad13-c1bd0b6c9b46,4
10638765-01b4-308c-abb5-65bb8304dae9,4
00e6948d-18df-3820-aa2e-741db6821dc0,4
e936eae4-f88e-3e4b-aabf-edd76d926448,4
5d0a6a9e-c8a8-3338-a10c-6dd228e103da,4
3907b487-efe6-3642-9232-ad9e019c379a,4
a5552bca-fe8d-3869-912c-b48ad1934ae1,4
a83dc90d-20e4-3c93-aeea-0838ec58ca4f,4
c07790fb-7f9d-33fe-a377-32cff3db7def,4
199bf86d-3022-353a-958f-b7f509c509dd,4
f109e4e3-7003-38d9-b3f3-ded572603d3a,4
329e68ed-8e7a-3cfc-87a8-1c47058073e5,4
6d7fca44-26bf-32ad-b2d5-f12bd7f0f78c,4
01465bcb-9c92-3b60-be36-62a008022e9b,4
8b0bd2f8-6683-3660-8d82-d233d7ab9cd6,4
d9d60b4d-5607-3886-b3a7-5082fa28a6fc,4
415d2bbe-2027-39c2-82e4-532f966ab53c,4
eb644d73-26b5-304c-be59-942d544da680,4
3cdc4457-247c-341a-b861-615a43b8d8cc,4
d24365b0-6c0d-3462-b045-905238d1c17c,4
304012bf-9169-37ac-bbcf-d915a27acd39,4
a98b7cff-f887-34b3-a7a0-71afbac2f8fd,4
d32e852a-c0bf-30f3-9751-ab7b3f1e97ab,4
b0c48389-42b5-327e-9e66-b5e408995c05,4
57443dc4-a987-3718-8f88-f62f902a1770,4
8941a164-5b68-3c22-bd22-836a1181fc08,4
cbe45f52-2a69-3b39-bedd-878448c9b31c,4
45472293-d9b5-3c4c-b09f-e95f88ac6a22,4
53deb15f-76f2-3410-b487-31283acb8e24,4
f458c089-4641-3ddb-8971-2d36073211d6,4
79d1a710-a77d-3d3f-912c-59dfdba03102,4
6c881491-bf40-3b6d-9a6c-3978b484760d,4
a4d626ac-b8ff-376a-b71c-4879b9c34b68,4
698d7952-7bc7-3f2f-9c79-d5fbb4f15a4e,4
92680df5-7c3f-3d2c-a07d-e0aded156f13,4
4ea13890-ac57-32db-9640-7c4a45fc996f,4
1c3bce9f-2a2e-3f29-bf9f-ade1cb096ba8,4
766b8a5e-c332-3ff2-93b6-8be1a515d5fc,4
fd779659-4d54-39ae-9df5-930a1fc1bede,4
7bb32c0b-d18e-39bb-87d6-31e337046f69,4
60b10657-6405-390e-9e52-84a85e195f40,4
70d4353e-dc51-35ba-8d7c-aab85aa07e5f,4
cd38a04b-ad48-3eea-90d2-3f5a8adafbb0,4
0a58d754-ba4f-3c88-a665-ff268d0ed0a6,4
1eff2b68-0dc9-3ef0-a8c2-130550f04c98,4
86eef980-5d9d-3b4d-8224-dc4e35a629e4,4
a1efb8a5-197d-353b-b1ce-6c6c1bdefefb,4
79ebecec-0a5d-33ed-a145-17b7f23053ad,4
81c57aeb-15c9-31e3-8f85-386574badb0c,4
4d2f77e3-183a-30de-889a-f9b612df7b50,4
e779e0d3-6f2a-326c-ab44-15ca8afcdff0,4
ba633a36-8976-34e1-98b7-5105a1eace99,4
7454af79-ef34-3a3d-8ca8-b7bc46f991dc,4
114f721c-2721-31c8-9163-c2236a8a0e17,4
076a4e98-d422-302c-88ab-58ded844e75a,4
b24a8066-df62-34c1-a91b-ca76c8872030,4
4c10f404-b29e-31af-93ae-727bf985eb9f,4
3b2307e2-2459-367e-99f6-114aad51df9a,4
1528fe91-1d0d-3109-acc3-770ce8725ae6,4
bcbd3046-b42b-321f-bd8a-87ca0a0431aa,4
39fec1df-3f6a-34b1-a28a-aea86646e476,4
b502736e-a238-3c9a-86d7-a0a25573192c,4
b89a14c2-f7eb-3bbc-abf0-cb88bf606c46,4
d9a32da5-258b-31d3-8d28-c44f018d3ca0,4
0721aa7c-a75b-302f-8035-f49ca4a2199d,4
2a31380a-c2a0-3168-ade5-c87339a32124,4
36b82e45-64ab-3576-9330-caa77a1b260e,4
01f2a80a-b958-31cf-b461-ae4966a25441,4
19320456-5192-342b-915a-7c6b2cd28d97,4
ebec49b6-c236-3964-990e-2b67d53734e5,4
7f95b85a-70b2-3e83-8aac-787abb6c1375,4
c482178d-ef3b-3de2-82ce-9afd5a14d300,4
bf7c9a63-07cf-3f96-9510-14bc67d02985,4
2515feb1-b68a-3553-ac85-1f6378f1bba0,4
f99a75ac-fc8a-3dbc-a3c9-d30fec18d68c,4
677af2f7-d1ce-32df-b443-d8f35a56319b,4
132b56c1-62d3-3d0e-800c-d7eb55920f23,4
8f291ed2-808f-3362-b205-714a2181f407,4
5d29afc1-c0a7-33c0-baba-0705abc23ba2,4
00c1f716-b5b5-3528-84e5-5c63905244e0,4
20c931c9-e2c2-3186-93dd-a82c31a8ee17,4
ca8dede0-c766-32e7-a1f3-9609839b8a56,4
a8d66853-9250-3c38-9c9f-b31aee698ecb,4
85dfa699-40ee-371f-b03a-6a1f711bf9fc,4
e213b7d4-35ad-3025-822a-963ea00e0617,4
3fcca8ef-8ed8-36bc-b471-2f7c9e9dd7ae,4
938d254f-6da5-3b17-ab56-ee07ec7c2948,4
9e737ca5-6386-3e2b-9a5d-884908f52518,4
cdf8b8c3-0655-35ab-831b-b2ee5266d8aa,4
a4e8ec54-b179-38ac-937c-1c3cd84d79d5,4
8c457fbc-18fb-32c0-854c-2e296be4f4e0,4
28cce4a8-83f6-3f8a-b6ee-989cf24df492,4
894b18a7-a85a-3337-9188-8fccbdf722cb,4
026e7466-785e-37f1-a185-8d44d8ab6898,4
151858b7-3a05-3860-86de-8b0623d29e65,4
a8225675-e2b7-330f-bfd8-69481c7d4c49,4
cfcbbe05-6805-3ab8-b2be-039215d0ccc6,4
fb4a14cd-1446-3e0f-afc3-680fa60178b2,4
057e93a8-8ae9-3f8a-8543-047b3021e56f,4
15ead975-b9a3-3c12-9121-a955753eb2af,4
7c9888dd-2bd6-3633-b41d-204b7a27db39,4
c8f8578b-ba3d-3320-a11f-c149c09bbd7a,4
9ccee139-5f8d-3135-9c62-297f01716f5a,4
c8000278-183c-3883-8053-24d345c63023,4
0520fc9d-40ec-3c3c-8369-835bdb1d61cc,4
f2cd5c35-a8fc-3c67-b7d1-fb19526cb38d,4
835130d4-6bee-34f8-9bcd-cec13f81585b,4
2224fdb4-e703-3fe8-b8fb-4b10c96c60a0,4
e2db0896-1ef6-3795-8b94-4eef98e11682,4
4153f24d-580d-3b2a-b54b-bdbe0c286268,4
f67496de-7b46-39a0-9ac5-ae1733824e99,4
64d30001-2310-3d42-975d-34597ea35fc0,4
33d9be03-78bb-3578-a844-bf5b50e681e4,4
b762ae0c-54d9-3702-a9ac-94f00ee8bfea,4
a91be2bc-59e2-34e2-a9b0-d33450407fde,4
d7322174-fe46-3b6f-bcbc-134df5045b0e,4
dfd26727-cf64-395c-bfdb-961ecff5db67,4
146b92b5-e741-3494-a643-7cdc7a434567,4
be4e697c-f5cd-3d1f-8f26-0e6bd070e6ec,4
ed38d745-49f6-3706-a4b8-64e6af2bc044,4
6ec9baf9-7808-33e1-ac36-6d2e474d1157,4
9e7dfcab-5def-3626-b368-ee3b98af018a,4
bf6b5726-60ca-3168-a191-e5f6750fc838,4
72b7005b-d5b4-3b8b-b0de-759fed7a7582,4
c3d6b270-c9b3-37fa-a2fc-4a5c76bc08c5,4
d0d311ae-e4b1-3efc-8970-70170ce1b4dc,4
af91282a-da8b-33b0-a72f-87e71cb4ecc7,4
802331fa-0555-3a78-978b-c553942a2a7c,4
74435b7e-b23f-3af4-939f-ba99897c0510,4
1683a155-a6d0-3b7f-aeda-8f91c5064c39,4
d45a3688-5d69-30b6-ace3-eabf3c7c658b,4
098be0e4-550a-3d5d-90d5-cb79d7d55b84,4
4b0a70a5-d153-374b-924e-7434beab95e5,4
f6e297b8-b21c-3251-a711-2f986275d4ae,4
c0154be2-bb3a-3cf8-8c4f-30229cc76a8e,4
1732091a-4062-3956-b9dc-d314900469bd,4
f8f7c4ce-bfdc-34e4-99c8-36c03bc8da24,4
a490db3f-1001-3ab9-b3f3-c7218f595cdd,4
3bba2dc0-67b3-35de-88e5-f94b90c460b2,4
5a0ca01a-58a3-331c-a371-db2371c3b030,4
68d4e204-2679-3eb4-9663-4eadc4002770,4
66aca1c7-3c1d-3da2-9848-a1e0f19554af,4
42ea3a21-d57c-363c-abfa-dce92b8ee5ab,4
68bc8e7c-89f5-3651-9f0c-b167b7f8935f,4
726cf2ad-e79b-3601-9dd4-9947ba75f06d,4
d224d471-d8ea-35c7-b84f-dddb627293ed,4
71757cca-ffc3-33b8-a536-19977dbbad3c,4
54426286-621e-3f29-a703-1c422cc674e8,4
98f0f698-f2fa-3094-85b5-210dcb9b5fb5,4
cfb27604-1c7c-3ff5-b533-9e8584e938af,4
fa249458-ae42-387f-8007-c6ddd1f8903b,4
2e4656a8-94b6-36a9-9186-9e25b111c9fd,4
baa15818-3e73-3b03-82bd-81bbf1279530,4
ccb0a485-1a14-3d65-bdb0-e0f0e9acee10,4
49a33169-c935-353a-96ce-00d8e165da76,4
8acca9dc-20cb-3635-9d46-8680114069b0,4
6829aeeb-6e50-321c-923c-1707e5f0546b,4
362595a1-18af-33f0-83a5-1a61be1cacce,4
1f330763-3606-3080-8470-0c71c07a23fd,4
214a0e44-a10e-3d7b-9d8e-e4acb38ca54f,4
449b1592-297d-3736-940c-6e786ca85c55,4
a9af20cd-1ed4-3f8d-8ea3-714e421f55f6,4
39b07d4a-0a8a-329b-904b-ff3902164982,4
46f26e1f-86db-3670-a2c6-25e5a1d19f59,4
b470ebf4-b39e-3659-ab12-c91c35d151d6,4
47a0993f-7250-3c4a-895b-55a32ea14dbf,4
deb4c87d-f1e8-380f-ab9a-32ee059b7e72,4
26988b3b-4da0-37ce-ad12-5a5e9c74ef13,4
dae1839c-d53f-3cc9-9d1b-853b5443abfb,4
1f61ca92-853d-3308-86b6-f11b686907b4,4
d99b1946-fb06-3949-b4de-3562bab021dc,4
1a202e84-50a5-35b5-b11a-b63857519006,4
c3f5d4ae-7dca-308d-a62d-5b12292d34f1,4
9d585062-3115-341e-8595-5b1046ce3e63,4
26514a0d-08e3-3b6e-a9a5-ba46ed7e65f5,4
6257b1ac-62f1-3c24-8db7-90ca94188fd7,4
c6b78e60-128b-3020-8cd7-b5ec521fef09,4
e43b0d29-803e-366a-aa0d-ce2af5fde6ff,4
6c3b066f-d16a-3a73-b20b-5def03fc35a7,4
f0f89e86-b114-3dc1-a9e5-3b621146b1c0,4
5762c897-1be4-3088-9bc2-61ad7777fb15,4
0703962e-10f7-3002-8aea-9951c3c2c0df,4
e0596cac-2900-38c1-8a83-2f651d9654c0,4
ce2194eb-2ab8-3955-984e-7a89048ba130,4
0f212b56-2b3a-3067-8fdc-d69847d916ab,4
2de3f90b-7a67-38bd-8efa-477d9211847b,4
01dc4ba9-3f47-3ea2-a544-d212dd92e9fc,4
9dac1727-c7ba-3e53-b4e1-d7e5c91a4066,4
bf6aa908-421e-3249-baf3-e9fcfc36f17a,4
aac7f607-2b19-37c5-b9fc-bb4b2a010229,4
a9c480fb-857d-39ee-aaf7-6dc3b828ecb3,4
a4db6dc9-f4ce-3fd9-8f72-cc29270e5905,4
f783090b-257e-37aa-9f8b-8061e75f3bf9,4
94521ae4-a698-3753-973e-2db6cd41be37,4
a4b08dd3-4df0-3156-b723-5f3dfcbcc966,4
97df50c1-5170-3833-a19c-bce7e1aba472,4
a2cf2cd4-c1d6-38f7-9545-7817c004aa4f,4
2b9d8ef9-b86b-386f-948f-354a15083494,4
cc23c3a6-347b-318e-9cf3-16d06ae3c5cf,4
cb0804d7-f4db-3a1a-af60-28eac1b398a6,4
5166dbab-04c5-3f81-9786-b90cfd9c2837,4
6a97ef04-3920-3a1f-bf5f-ffdcb9e38b1f,4
15883b08-d6e9-3f1c-a8f2-593d73029b98,4
4dd73b85-5798-3984-9380-5b62e9409c5d,4
dd5e27aa-b6ba-3285-a46c-6a93c76f94c3,4
5567803e-443a-346c-99e8-b5871b2a6508,4
f541bd02-da78-3f81-933f-7e65f246fa64,4
5ff00799-55cf-3f60-a0a1-847c786d0577,4
d0d7a1a1-5ee7-3413-bd8e-523ab59a5aa7,4
c7abc820-defb-3f47-b7c0-117458705704,4
e581ab23-c1f1-36a8-bc18-c2ac4137f157,4
e23677b5-4372-3061-a7e4-4ea804c03e4f,4
4d87c130-1dc9-31be-84bb-c1ca22a20cbf,4
b8832c97-d0d8-39aa-9b4d-dad92159e782,4
2ab7e762-ad18-35bc-912f-2391bcef8e1e,4
ce06712d-f172-3487-8383-5112869359aa,4
e5685bca-2356-3a80-b0a8-41f299785aa4,4
f56bc1bd-6ebc-30a8-a89b-ae0e3ca21b59,4
9fcc83bd-df2d-390d-8341-b149fd1f9a48,4
a78fd707-9240-372b-96c3-edbaa7813898,4
f6fb53cc-bec8-37c0-a745-c3b5cde3bbee,4
b35dbe23-7a47-3f49-b9a0-3b88b8cb4c74,4
32783617-d269-3c6d-be04-6a27f7c28c09,4
dc2f4f28-e81d-3747-8f2a-c66b1114f818,4
aff57523-0f22-36f9-aba6-238bde5e0d59,4
0625ffb9-2fa4-3382-bb51-acf1a13df5b3,4
41bb34dd-c8aa-35f4-9a2f-738e856d05fd,4
7f756105-958a-3ba0-9c30-7bfdbb401c7c,4
f3ed3f5b-f16b-3dac-8cd3-89f6aeed54df,4
70c8702a-2fcc-3569-9955-b3290ba1f317,4
487b397b-f496-34c9-ae48-eadf6bb37e69,4
c76db75d-ac01-3caf-96b9-419a3d87d07d,4
663bcf7a-3ae4-357c-b6a3-dfffcbe24e75,4
71c9b0ac-6dfe-3791-a568-3485b4d9e351,4
dba1ff74-6b53-3759-92e1-cbc0e89525fb,4
e2b22d7f-fa2f-3a55-a505-87605cc34f42,4
195743cf-a66c-3ab6-83eb-0923b6fea985,4
6852b4d1-721a-3a32-8363-85a666e22921,4
f5286aac-8549-3228-9c0e-539264e444af,4
35f701b6-4b29-323d-985e-92272d1841a4,4
39b43e34-bf26-3de9-ac20-59668fa71e8d,4
95a126dc-5633-3bc3-aae4-7efc77ec3bb6,4
8f210df8-4060-352a-ac2b-7bf0576fd544,4
8a28f7df-ee10-3aad-98bd-b18cefa26390,4
dbeab36e-55b7-3f18-b2f4-a3af654e5ca9,4
999bb7b5-5f92-3c22-968e-f76faafd6290,4
2df7ca8f-236e-3c26-b0a9-461e311f0b6c,4
6f490cce-923b-3670-b9c6-6c17089fdf96,4
cd6121ea-b0cc-331f-bd28-2fe93c80e96d,4
29309d60-04e0-381f-8e2c-db1178438a24,4
44473f56-3eb2-3a1e-b766-c3f24708adaf,4
0e48bbf1-d095-31a0-8cc0-cc95cc590dcd,4
c0973db9-fa12-38d1-81aa-b25363903c7c,4
60164218-c4a0-3a00-866f-d0bb04014715,4
a98f6109-fc43-396e-a2e6-94943b06a614,4
30ada5c2-1024-3952-b636-07a7d79176f0,4
fb6ef84c-c60f-3fdf-ad34-4ed6cc33213c,4
d2889888-e916-3143-862c-eb219000469a,4
d674336a-7ced-3d0f-95f2-49d7ee77dc4d,4
4554fdd5-7890-3f6e-80c9-a73dad516ac0,4
38bfaca1-f6dc-3f1b-be2a-efbb51b09f1b,4
24914bd6-88ae-322e-a746-fde2ea09adb7,4
ad80dc26-bfbe-38b6-a22f-6e54382f1f8e,4
b7fd4fc3-ac5a-3677-a08a-3575423c3cbc,4
a58158ba-b7a2-360f-9755-2085f1d28b50,4
65d1cd42-144a-3e97-bb67-499fa5915ecb,4
dcf496c8-053f-30fb-9ebe-eef3d2860b56,4
fc2aec31-9aa3-3536-bec3-9d41690a5072,4
97fcf804-6e56-375a-80f1-049ae7ecce20,4
61869c12-40d1-3b38-b33a-7a5b8eb29f23,4
5c4afea3-1084-3ea5-83ba-c33f27fde17a,4
09191253-6ecc-3d95-af83-9d71d712baac,4
49c5e9a7-5865-3293-8663-e4acd5158234,4
cde02c18-8df8-3aa9-a16a-c3390e3e751d,4
b8027f13-7734-30ef-ad11-6d4e787aea7b,4
ffe15198-4bc5-328c-be86-75c60103caf5,4
bdfd3828-1c3b-37ee-845f-9667dca2101c,4
e5a314ff-a48a-3286-a9e8-1ca6f3177645,4
e008bd33-8ee0-3524-9e1b-5709040eefbc,4
67604c76-6d95-3fa9-968e-1ad74dff28a5,4
b5f2b9e7-fe9f-33e8-b5c3-49036e7feb71,4
71f9cff0-dc49-389d-b051-7474a477af97,4
b0affddc-65c1-3149-b424-5690641b1d8f,4
25c9a180-3a2e-30c1-a5b6-0b25df3a5cd4,4
c66339c9-66f8-3b67-8595-9604f5e70732,4
5ba19225-b214-3936-866e-75fbf297c883,4
b5e5eb05-ad4d-3d41-ba71-775928d16f04,4
9ca8b73f-5e3c-3525-ad43-e266b71d6e17,4
da6758b0-f0cf-35fc-bc52-8e83db073119,4
d77ac383-216e-3cc3-984a-d16975a24895,4
66842009-d33f-3b0b-a8e6-be4d6c53292a,4
e2cf6743-e024-3ebb-a551-039d20495cba,4
fab00913-f091-3401-89de-3172146497e8,4
5116f53d-015e-331f-9c27-aad2d7263d92,4
82788e68-bcdc-3e86-bd9d-3cf60cdc32fe,4
3bdc9a37-037b-367a-89d8-35d7b20d7895,4
3e6a1132-9852-35a5-961c-f6021d69d6a3,4
66e8054d-43c3-3430-aaa2-602a8f5a814c,4
042cf984-1138-3091-8b0e-f12203b34adf,4
a9abcb76-5e58-3b5b-a4d4-db3c84e44c4e,4
e2b8b3ee-b368-38d1-9f53-482426d740cd,4
e4713477-33d7-3c35-ae2e-89e3e4d0748d,4
fb66753f-d7c9-315f-8e94-e615425f4bb0,4
0f434a9b-3958-355a-a5de-667aca533c62,4
7be44e72-5b5b-3bce-8f4a-fb073f3d3e1f,4
16d6fba5-f7ac-35ca-abd8-ec675bf80c7b,4
9d5574da-839a-3c19-9309-5dcfa7e831c1,4
4407c69b-a8da-33ed-8641-998abf6f02f4,4
33fc966b-5dc2-318a-a828-887c7f7d752b,4
27d66f83-98d9-37bd-a548-b47b346e8499,4
c44c227b-13d6-3a89-a50b-ded49d450af8,4
e1f36edc-a001-357c-8a6b-251b5ff5e718,4
c01b5735-f084-3a87-8cbd-b5cf991cab5f,4
52fcbd36-bd0e-39bd-89fa-22ccb49fbd5e,4
3e1dd88a-6f47-3392-b1a4-e72847d0c4b8,4
82b33896-b25c-3fc4-9dac-c92c271b8d8e,4
f86785ce-3f5f-34e1-b55a-9d6f40749b0c,4
2248c4d0-2e47-3c0d-ad21-d774c15d7303,4
8cc5a7b1-4f94-3b7b-8c11-61b4c0874b00,4
3c83e55f-a837-37aa-b3c3-1579e0003cf5,4
8870c6eb-9b3c-3c25-b5f9-c16bfa139886,4
ff3c8f78-c350-3ddf-a4a8-261fb4bdf44e,4
0069e435-d91f-330f-824b-9c471b6759e1,4
01c987a5-1d3e-3380-85b3-7ae4820bea2d,4
320b0144-9324-3dd2-96c0-3efd96fe28ac,4
9a6ac20f-ea2a-319b-8cc8-d24b794aaaa3,4
974c7da2-a0a3-38b4-958c-352c6b9b03ac,4
d799789b-1187-33b7-a802-508d9ff30208,4
97cf925e-97b0-3433-8aec-01e62a06f8b1,4
5a4db08f-5172-3a55-8867-866e42f6ad5b,4
7324d1fa-2dda-338c-a1ad-ec82d35c15ac,4
ace47614-965a-3cd1-a8fe-624c9e24f160,4
9c2c245c-a738-335f-a9ea-b9157096c8c6,4
0e4a373e-0a7a-3ac1-ac92-01bee9ccac88,4
351b3980-fa56-38be-acab-bbfce302c5dd,4
25d4e0ba-c985-3ad4-8f98-1579fa2a27c6,4
90c00c59-9867-3f85-915e-081572879ce1,4
9b619230-63b7-3616-aa54-79b8a3033c56,4
1e06159c-5388-3fa6-a61d-8d560ed591be,4
70fa610d-7222-363e-b93d-1010236a55a5,4
8e042353-ebd5-39c0-8b3d-9c28332947ba,4
c402a7a5-56b2-38a7-b8f8-b2da6a5d9a1f,4
e5421b31-bb5f-38e0-b4dd-1fc0181a672a,4
826e6243-48d9-3fbe-8516-57b709c09d33,4
af3dc57f-6193-322f-9619-be06d1ba7a12,4
d9ae1701-26df-370d-9070-2d6d67b7a6a4,4
cec00c8c-85d9-3893-bde4-e677b2be56a7,4
f632fc68-2eed-358c-a528-9e27141c4f17,4
86ba3529-5ee8-3faa-be33-f92eb0dfac10,4
517abf55-61c7-3100-818d-ca475146ad4d,4
5bd10378-d58d-3538-9cb3-20acab6b0266,4
80320c97-a5cc-3540-adb9-06e99767eec6,4
0f3c6e7c-a13a-3927-8b01-fc8418e17902,4
f39606e6-f10a-3754-ac71-472faac5f0ac,4
03dfd050-79ae-3a3e-a43e-d2026b3a0c49,4
2defcb3c-8ca3-314d-8d82-96632f988ead,4
b27a418b-0e7d-3736-a58c-3ca5ba3b5a91,4
b3a2ab07-1b7a-3b31-8133-db95d21ffdf4,4
f8cd4bc0-106e-3f63-8c4e-9782a27ec4fd,4
d994bc27-4a28-3321-b8dc-f71b5ffa0d61,4
d59a9f56-6f06-3e59-ade4-1a64ff5b449a,4
ffb5f05a-158b-320e-b006-6ddbdc3f4ad4,4
45275053-8bca-3d31-a5cf-0422b942f607,4
f6e2dc27-488c-3da4-b5dd-55f0481aa23d,4
d97e069a-9cec-3a59-a59e-b61be843609b,4
b7e64d19-b03f-30b5-844c-5be26c6d9fc0,4
3dd3634f-872a-3b47-8e7a-77b8229d39bf,4
4023aecf-ed85-3445-b19b-8fc47a8efdef,4
75d1512c-8d64-3a5e-a720-71cf820f67ab,4
e1aa41a2-af5e-33be-97fe-31c195fadeb7,4
5906d524-09e8-3cec-9a73-fb69cb208342,4
dfd3daca-6524-395f-a22f-505effce0ecf,4
69eb2098-7bc2-3b2b-9723-7dc79cd50ede,4
cd4277b9-9d5d-3a99-8425-e954d2a11473,4
20fa1526-bfd4-3169-a7cf-98880ffe0b19,4
1ed42170-e6ad-33e5-bf01-b7a21ee69b42,4
623628ca-25db-36ca-85a8-bf4c9025706e,4
a50de474-5542-3336-9926-735a653039c1,4
2144e06f-53c3-32d8-9a3c-72b12f10e74b,4
52825566-e4da-3945-8885-93e7eff615af,4
ec4086a4-fc30-35e7-9f1b-d069e34ce9d9,4
445db351-82d3-3524-b5ae-e502e59c6ecd,4
5f20f06a-6690-396d-82bd-3290b86621e5,4
c64e08bf-6a42-3319-a18b-0af2bd7617f7,4
10ba720f-3fab-3c67-a2e7-859f651b1c86,4
554e651c-5941-30db-a9b0-b9afbd77c627,4
1ef620bd-967f-3bc6-861b-10a2fca9e921,4
ea276d06-9be3-3ec3-a2f2-e6d4307a1ebb,4
aeaa2dea-c509-3f09-b984-11a443d4535f,4
8ad9a7fc-e07c-3817-8453-c57b87fbbab5,4
43a8c4a6-1e93-322d-bea2-a02d2f5b7124,4
626aa018-e204-3379-b86e-49f44f90343a,4
08fe7389-489c-3e74-9544-cdf0aedc68fc,4
0f184d4c-f118-3253-8c4a-fb98a7a6c730,4
b7e044eb-0951-3bd6-8117-78a39426cee0,4
6fbf5a87-fbc6-3584-ab0f-b5b992015e5e,4
eefe4b0b-ac7e-3c0d-9fc3-da2f2d4fa528,4
e7de177b-d41e-3f00-af28-f749e8624160,4
b0bd5d77-8b36-386e-ac26-96a6a0831c9b,4
93ce8929-158f-33d3-b646-3cd7876dc5ca,4
e03f7bb9-26c7-3b5e-8fc1-0b05c7a9d9c7,4
8b29dd6e-9fe7-3137-8fc6-4304d207efd5,4
bde61846-a3fa-3663-8e4d-6a17173cf416,4
e3ee8aa4-09d1-3b20-976f-fe98720ba5eb,4
69be3389-c112-3f41-a942-680ebbe947c2,4
0162ab9c-82d6-31bf-a5f2-ee0f8966b9ee,4
4622817d-d29b-3fb2-97fd-83b4ef6dce46,4
3f2afb03-7e84-330f-9ee3-0e9de8bf69cb,4
ba7227ff-869c-3778-8a12-861f9e174b32,4
ac2e51b4-1381-3488-b178-3ea3867a074c,4
2506326b-6672-3c95-aa32-89a007b42911,4
8bb20922-07e5-3b7c-a231-355e9cf07338,4
5398801c-deb2-3bfd-926d-a51c702d6c59,4
68d6579c-9ad7-3a88-81a6-90f221e5faf4,4
e1783513-c02a-367a-8f6c-076a8b78197e,4
201a4fe6-c04f-3b7a-9013-34f20c4ad40f,4
b3b058a7-9ea3-368a-b015-7aec54c86b3a,4
640db7fc-7db3-31a9-b462-47d3c1cd2908,4
bb392888-5cf5-3c94-9fd3-85c08a3caf4b,4
e5c2acb9-21f1-336b-9ff2-7c612149b17a,4
6609ebae-d22b-374e-975d-36927097d2ce,4
c4e3cd03-8c84-35b5-9b78-255dd4cfdbdb,4
9e291b8c-bef6-344a-b208-c96fbca0e2fb,4
7172e97d-35c3-380a-8371-8812fcc45d98,4
6ffcf869-5756-3ffb-b41f-7ed8f78d37ea,4
a3b24c42-834d-3618-83cd-4b437c443788,4
dde095c4-aff1-3b4c-8c23-4d4cc13e4ae1,4
60287701-6257-343b-8990-64a7b7be1dc7,4
6e5b8370-4d55-3551-b882-2bf93c992e92,4
8d5cc641-c8f6-3003-b59e-7a7bbbbacf9f,4
58ea2107-01c1-3ccb-a24f-d0b6bfea47ec,4
dbd08e65-fea8-3dda-a16b-331d888c76a4,4
996325ce-16b7-3bf5-b807-bc2ba771bc25,4
2b6f91ee-d7bf-3603-9c2f-30e3fff34f3b,4
64aa7d94-1cff-316e-8f6e-359c59050980,4
ea671e57-c653-311b-96eb-1ed06de05b1f,4
30426334-93dc-332d-a2b2-fb8943cc3ebb,4
f0894323-7339-37c4-87e5-b09737347855,4
053b5ece-e6d8-3467-8511-fe7b166f3724,4
2c5d997a-7db5-360e-92b4-357c99879c0e,4
2cbb52a4-00b6-3f5b-84c7-31a14812e197,4
d3c1c9aa-e0f2-3e98-987e-71ab8ab1a4ed,4
6150f46f-63a0-3deb-812c-98733806edef,4
eb40f5a1-17a4-318e-9275-d6abf36b00ba,4
d85fc2ad-013d-3214-9d76-6bae02ad5b1f,4
df2ed44e-589f-307c-b7e3-124de4129095,4
fb635ce4-69c4-3ccf-a2fd-9b349015b565,4
54ee7e5d-6a99-3554-896a-36ddf9351477,4
d5ced657-2dc1-358e-a636-91b9bdb8c611,4
5da632de-2938-379a-b389-da7aab009f40,4
e7ae4bf8-8d05-317b-a56c-575de3fdb207,4
64347dc8-9b8b-3485-b901-59abf196cfb5,4
fa3c4f92-d45c-3e5f-adda-561e1d335069,4
f955793c-973c-3759-a225-b95ae029eb58,4
85186290-eb92-3608-a756-0204093685ad,4
2b701b42-ec8b-383d-be72-4e47059c3535,4
a361b035-83ef-3e40-886e-88cd77ee6e0e,4
e3426a43-5f27-3e64-886d-9b499b4f9b39,4
66ced615-505f-30c4-94a9-a3cc469b2d76,4
f6100bf9-d2aa-370b-991f-54ca4ea0de87,4
45cfac0b-cda4-3b64-95f0-45213dffbab5,4
e33fbf77-ecf7-36c3-a2b9-069470e270e6,4
5bde4b3e-f09d-3cf0-bbb2-cc0048f1427b,4
aa715c6b-d966-3885-898b-64b10e639ecf,4
8cdca48e-a405-385e-9d0c-e0ce925a846c,4
8fa22a80-b762-39bf-bfb0-e90aa0ead5df,4
430b5f26-46c6-3975-bb99-d51174060553,4
3a6b3450-b605-3bc4-a76c-e27fddaec740,4
b49b8e78-ed28-336a-bc6f-8dd1df73c9f0,4
bb6ff452-a654-3091-b3d1-1cb9d2b6a887,4
757ec9a7-4a93-301e-8e06-5f63defff23d,4
a3faa7df-1ef4-304d-b5b0-a90c86d12836,4
86808d5f-6012-3ce3-af03-e6904e9375d6,4
e6b8b691-a8a7-3497-979f-7dbfa702e2db,4
5134734b-3e85-3234-b230-7757d942613b,4
967197d5-9105-3d6d-ad20-e095547abb29,4
c0b6ea7c-8b3c-3a12-aff7-8386025cada1,4
92e36dde-350e-3a7b-9423-adb057157496,4
58bde5e2-028d-3da3-8097-7b0a4a8102c6,4
99304a9e-703c-37f0-98c8-0cbfb2583c00,4
e362aee7-19af-3cd8-aca3-dac9a6898f08,4
906223d8-effc-3640-9fe7-34c7dd72cb15,4
46ed8174-fdcd-3158-8a5e-5716e411b29d,4
d1d629b0-ff4e-3c70-90be-f5bef3171597,4
9ab6c188-7c11-3be9-9326-7c2b65a799c9,4
12195254-6940-3eac-b4c9-3a457410cfed,4
96b2899b-9b73-320a-8846-a11d6ab3154d,4
a7294708-ba7a-372f-a3fa-bbf1880b457b,4
42e5a602-9e6a-3dfd-80a5-ae6b4ec5296b,4
7de1c545-6a8c-3a84-8a26-6c2f7eb7271f,4
e45387c2-8895-301e-8892-5bf40e79b9a7,4
ecc16635-5b9b-3da6-b3d3-77e32b08d537,4
fcadac64-6a1f-31fe-bc22-2536f9087249,4
98ecddf2-9c56-3d9b-a35e-342857ee5aa2,4
4acd430f-7d67-31b7-be49-58ad30d02904,4
78475cd1-4020-3e32-9408-94a67c68fba9,4
d1348fca-2ae8-3a88-9725-04d3f1cf9341,4
bdbd9f89-41e7-3875-b8e3-1c4a2b2b6d45,4
eaa8f55f-d6a4-36f6-b077-0fbcbbfec2f9,4
438ded08-3fd6-3958-9501-c9069f3cb8e4,4
1f994fef-3225-3b1e-8fd7-b4e4ac33931f,4
55afca3a-c01f-30bf-863c-85155030e6fd,4
6bfaca66-9b44-3c4e-87f9-cdc51ce3a876,4
66dbb7d2-f2c3-350a-b706-646ede900e7f,4
cc162582-67b6-376d-bf96-ba8d5538493f,4
1b00cae9-5e28-3a19-830c-bbba173e4737,4
44345e63-9564-3c60-930a-86f9a6b441cc,4
dc7117df-bb89-374f-982b-93a0cf147e39,4
d454010a-50f7-3fa2-85ae-4289751d420f,4
51c4922b-b345-3417-b9cf-13ab9215f5d3,4
adad01d3-5420-33db-ba8c-55c58f907dcc,4
b1f1b506-efb7-3245-a24c-8044775675ca,4
33db1ec4-23cf-38d7-923f-ed77ee209d16,4
dfd2f795-d0fa-3f13-a16a-c2e5fa64055d,4
1940b14a-2d38-34d3-a1fd-43b47f9b8d3c,4
b2b3915a-a2f1-3bdd-bb60-74e00c0e97bd,4
a36b0b28-b9d0-3d3c-9027-73cd34356cf8,4
06ccd86a-7e34-32f6-a6c5-3f8901f0b896,4
cb794def-942e-3045-b90b-b8c308f15ebc,4
ffca937f-7a8f-31f9-a5fb-0b1343849f39,4
3b1dd564-41ba-38c3-9532-62513fc10920,4
5abc22c5-2573-366e-affc-b5e54bd14c13,4
fbbc60dc-349b-3a98-b48c-f93c4f77bc39,4
1f4558de-7687-3d2c-b37f-acd24fad16ee,4
1a1067be-0dd9-3817-9e48-b362a7861ed5,4
f76dbe36-de34-3fbd-9ee7-5bcc676a323c,4
aaacc47f-2057-3479-b628-d0bea526bb6b,4
9fe6e13a-9416-3f3e-9b76-af5984d36918,4
93aeb410-3223-304d-a64d-93b9991c8b50,4
8cbab67d-7d5b-3ff1-b25d-e34e04899951,4
043c2a49-f1ee-3b8d-9dd6-ea00c1c9af61,4
36ddf2c4-52e0-30ed-afc4-8eee7742932c,4
d1043679-1d9d-3ca9-b866-68c599d464bc,4
bc343376-62aa-38c1-aa17-154ad1fdf59f,4
06fc18e0-27d2-37dd-ab3e-1330b5524225,4
2807af4c-b816-3a39-89f6-a3a4ed71cc07,4
16aeb4eb-562b-3e63-a70a-f72108d2964f,4
614de4cd-a2c9-311c-9924-0dc0090cc2fd,4
e5d04671-5a88-39c2-b124-9a1d08abb586,4
b1e90cfb-bd04-3f05-882f-98c3bf88ee0d,4
9063a9e4-c569-3f46-82c8-7fb792d37b23,4
de187ed6-3a46-3829-82dc-2b51eb6b1c77,4
6047bd1a-be67-352e-806f-be1b10959346,4
1f6ee3f7-2fd7-3d9b-88ba-6110a37bee62,4
b20d51d4-5f27-3c9d-92c4-8e271f535b5d,4
ac4952b7-5dc5-3b46-9a3e-aef3bba8e5c5,4
6965e8e4-5abf-3ab1-a176-11ca6d460928,4
6fd9c022-d777-3c62-9fca-a4c5830fd5ff,4
b45ba401-8b56-3bbf-8242-bb71035d030b,4
8d361236-3182-3019-ae6a-7df0222e5aeb,4
877b2a09-408d-35b5-8a05-edb883571d84,4
7575f333-197a-3d6d-bbf8-97225417f2b7,4
e3486a18-9a9f-3b35-8aee-3d944f31ebeb,4
8a9d7077-4000-3d08-a83c-affb5b6b9a64,4
632f706d-4a54-337d-81a4-d3c29d324f78,4
29ebc79a-0658-3be1-ab96-c9e734a9aec5,4
15d9b707-c38b-3cd0-884a-c03b0121978e,4
6e0a1ce1-e9e0-3f1d-880c-80a5b2ddf446,4
23d14bbe-0184-373e-8863-0288d35b3113,4
145b68d9-a035-37b7-8000-59fd23cdc6cd,4
e27c69c7-0538-3c1e-9fe6-d1c2e5a11136,4
692a604d-136c-3c51-b346-7f5bf973d46d,4
6cfebdc8-fa3e-3254-9e09-d788626bac2a,4
3b67c4c2-7bdd-31b9-84a7-8a1f9736e6ca,4
9a9adb0c-6c2a-3bcc-a153-f44693be3843,4
fa7e67f7-343a-3ffb-b8b6-98b7a4af0db3,4
354c5341-753b-393c-aaaa-ff3a64bf785c,4
0da810be-56d6-3f29-a68c-33b6b5be2d80,4
2d3aab17-e337-3fe4-ac69-ca3c7d2bdd99,4
8fb90ff2-a7ae-3b91-9d01-8c45995b9957,4
9f212256-98ee-3240-be79-66a3d303b010,4
ab1e0062-de33-3a09-8e00-0318941836c4,4
35d35c03-233c-36de-bbf1-0a5fffa33e45,4
c66c5b35-f024-36ec-bb2b-33683f550232,4
713c97c6-3464-31a9-a80c-531c3341d5b3,4
87af1f6b-964a-387c-8184-2d9dc91e2e8d,4
0c0111b0-0076-32ef-9f82-8c9754c2d9c0,4
cc9e3391-1633-3a9d-9d1f-daec223afda7,4
8d2fe9f7-8c35-3c35-93b8-8334424aeb21,4
687652f9-0565-37f9-9e08-ae09f4d1b452,4
f1706b15-af48-3247-8f23-c12a531d78e7,4
76bf95f2-009a-3075-b73c-c4dccc426d4e,4
c1dce9cc-6fad-3565-97ba-c2109ab0a6df,4
62bc53de-4c61-3c14-bf0e-ce6452ec7960,4
e3967c68-eebf-3f44-ac36-980f445c76bf,4
e8873764-c1d8-3ea4-b265-a0944622d8c9,4
b302c634-5ca4-31b2-9a8b-126cf90acdc1,4
d00f4a5e-a862-3ac8-9a6f-874f173da596,4
bd46775c-4758-34d2-a001-cf1e42621dd4,4
b99fc65f-4f8a-3cf5-926c-867635d75ac4,4
ae1108af-f3ee-364e-a643-b56265d133e3,4
a1c136cc-2457-34ca-888a-483d259d7d6e,4
d029057f-e6ca-396d-85f8-de051998b4ce,4
d1e11185-ff27-3030-bd9b-3040c8e97f3f,4
ef2a9dcd-406e-3ab8-b799-a6aea05dae8b,4
b783ac47-f977-34dd-b1ef-ea86e63b01ee,4
1c599b96-ba67-301d-89f2-bd6ba3315042,4
3a7b9c87-6351-3557-a43f-24ba9cd52e4f,4
fd264bfd-8b16-3382-ac3c-3c581af708b1,4
6d95e427-1e97-3687-b2db-3d3666684bfc,4
354f5631-2567-3347-9826-2f0d333bc06a,4
cb2e6dea-74c1-350b-adff-19a74427dde6,4
62c8bb18-2eb5-395d-804f-38a1b323e971,4
184f89c2-b9e3-3953-bb0c-810b61230931,4
157ee69e-bb74-3b21-b0f2-7c9cad7de2ec,4
04c86357-1a2b-30f8-9ed6-6d55b39f575c,4
026a0425-c7b3-3d0f-b481-346ba269bfec,4
acbe02ed-5d84-31e0-aa3a-5d004f256595,4
93bde7ab-0f4a-3da1-aadb-054fbe9e7589,4
e7132864-f04b-3d86-a75d-dd4ffd89823c,4
ea1b6804-144c-3b03-9152-da4528aef7fe,4
0194819b-5460-3535-bead-d662aae833e9,4
fe3f442a-fe6a-3140-80bf-7a11247bf521,4
d389fb76-ad17-3216-b626-b226def30bea,4
be5c8a89-7e2f-3ac7-bbe7-d13e59353e75,4
f9c3a9ea-ac36-30fe-95ec-423593c9d58c,4
ff4cd651-9e1f-3f29-b641-f914ccc94d27,4
7d491299-da86-35bc-8812-37c76d9b9cd1,4
3f548e4e-d4c0-3063-a3a3-ae445b427b05,4
97800481-1954-3131-8ce3-62b36dcfccc5,4
01f9274d-b79e-3d66-b53b-37a864ade818,4
bc55f4f5-1ffa-33d1-a335-560150f8daf6,4
28fe1aee-2dc6-34ba-a863-d05f98accf8e,4
ef271a3d-2471-3527-9fcb-6998fc97a1df,4
ae37ed23-21cc-315b-b79e-c3e39b380bcb,4
1b8c1b67-b163-31ea-897b-9b5b68522122,4
737bf64d-982c-3666-a6d3-347fbab19a53,4
a52120c3-95f3-3f58-9deb-7348f9a7501f,4
44e1f1e6-bbb5-3ffb-a61e-1bc9fff0f1c4,4
ad672b96-da22-30aa-9a2d-02d5feb354a5,4
9a1bd515-ff29-3fe1-9bfc-6a9f90a87424,4
d84279da-b769-34a4-9dc2-e268e616e956,4
74fe8353-fa4e-325b-9186-74a39b674ba6,4
a0e84ebd-474d-34ad-806b-4cc8da551a52,4
aab9df17-2b47-3b24-80df-0be04240b5e7,4
e03b4312-74ab-3dbe-81b4-6a591f0a39a8,4
02494410-4227-33c5-881f-4dd78f8a7924,4
4f4009c0-95da-38ba-850a-95fb6948ac4e,4
74c994b2-c336-3169-81c9-e89a5ffdc7c7,4
16ebd1c1-02fd-315d-bf55-f282ce56fb92,4
01b340dd-b565-3182-bf7d-7411e2244b72,4
cb509898-2215-37d9-b6c1-a3aaefb7e9ca,4
24277451-c2d9-3614-a8ac-568ab000081e,4
18e92452-d894-3cf5-b3cb-6a26ac3060d4,4
681f7c6d-5793-3f83-aac6-e2277ef9f4be,4
cadec05c-c9fe-393b-b379-d71f0822ac4d,4
e50c7657-ff65-371e-ae64-9aee0b07eddb,4
25fd8ddb-7d5a-3aa9-88bd-247972652e4d,4
d2897245-7c3e-3e25-a34e-1f5bd896207a,4
768916ea-d242-3bc7-b8a5-08c1d9fc3a01,4
0370c7d8-f66d-3e17-afc1-74b747f7cf10,4
578aad8a-7e00-3391-bcd0-c28693a62d85,4
b84a85da-bdf9-3f4b-a21c-58e11f2bcb9f,4
f2bc74dd-72e1-384a-86d4-38eb08c35d2d,4
f72b7683-c3a8-3162-8ad6-0cd8c0d2c03d,4
2b084413-1d07-3533-b9fd-2fb7a902e33b,4
0bf759d9-772c-390a-a7e3-443215e28c6a,4
aad3d4cc-d887-31bd-bbbc-870e4c5a1a32,4
29bc8b9d-4881-3fcb-ad74-8baf614ef588,4
ecd4aedb-69e9-3d49-a9c2-b0828b300bd7,4
fea2229a-dca0-3c14-bbc1-4d09de5575a6,4
d02941dd-c911-395a-a908-b2cc1be9a594,4
ad686665-fcf1-37c1-944e-5759cd2c5a85,4
dc3f74db-b34f-3113-a795-20a552e349ee,4
f37d68e8-5556-3871-ba66-9a9eac4ceb6b,4
81b2218e-02e9-363e-9a11-11a4fc8d1b61,4
23a672ce-2dff-31a5-b919-b143fd330a7c,4
0c3d318d-0df8-3f38-9bf0-93fbab3cecd0,4
760d5d45-7ee3-3d85-b899-e965728789d4,4
d265db87-6c13-324b-972c-444c4f8511b1,4
1622e54a-016b-37ee-a20d-42e2dc2e225e,4
8150a6d2-e3c0-35f5-90c5-45d0558eb86d,4
baf00686-d0d9-384e-9caf-cd4ad89bd226,4
09dd2c41-e47c-3154-b2cd-413210a8246d,4
fe336369-dfaa-3629-9113-bfcf738751d6,4
c627fcac-5db4-3833-92c6-a86482ded01f,4
2464097d-5df1-3bee-8f7b-e73466ef4ba0,4
053ebc1d-8620-3582-979a-af287edd1c30,4
0465764f-2f19-3bc8-ab77-827dd11bb09f,4
f349fa68-ce4c-381a-bcd2-5e9a64f076a6,4
9f6e2e72-9552-32ec-848c-08fc65782fcd,4
227841e7-b938-3327-8e33-20ca44f06ba7,4
63ece2af-6ea5-3f1e-b3c2-95d9dc5f42a0,4
4ba8c512-1965-37a4-a21b-1a01d9152a7f,4
7e5cee47-3af9-3f2f-b1ef-c6efebf052c5,4
3d690d2f-6707-35d8-9af7-66c62b8b8ee4,4
e117cc77-694d-3eea-aa02-e2e027da2922,4
22a0d5a3-884d-3784-a2d7-886b8674e4a7,4
f4db27bd-0ce2-3d55-8296-ddf2415a8f51,4
488852ab-60e6-3aa2-b4a3-030d6e84c16b,4
7dc53344-4ba1-31eb-a685-9453c0a4d6a1,4
a7ea40ef-e961-39fe-bfaa-2f1f23475b37,4
b3cc67e6-cd63-367a-b52c-e6c9a0a55f55,4
c3ba70ca-3271-3356-afb4-acd561f015fb,4
3a9e1db0-cb49-3b4e-bf06-64ee0ad33786,4
ea1ca18e-559b-3aa7-ada8-700f9b587549,4
79855495-90f0-3f33-87c2-765ee6adbe28,4
9b2536ef-bd03-3491-b3c9-d1b50b5b145b,4
ff2f666c-8cce-3629-903e-ccb458139ecd,4
fc04f0f2-00f4-3897-a92f-c543f6f4e200,4
aefbe2a5-2785-35de-ae6f-e5deaae5e3cc,4
ea7876fb-80e7-38bd-94d6-84fd28765dce,4
ae8b8cca-3aa3-34b7-bf47-5999c13ddd45,4
8a9bfa4d-c25d-3ce0-92d7-836f2152b41e,4
866e600f-79ec-3aef-a51b-d181fad290d7,4
b44ef739-052c-3022-a8aa-3c159a467361,4
3d0b1c6c-35a8-3511-a871-586ed3e5c353,4
15ae5d2c-1a27-3b0a-ae93-5edb69053e16,4
6fa8fd14-5170-3a07-9239-119aafbae3a3,4
70ec1d52-1b91-39a4-bc78-73c4bf8d9293,4
15ace33d-e74c-3cc8-ab8d-82be9396141d,4
e8298041-4b90-3bbd-b630-712e9d513fba,4
3c017290-6549-32b5-95a3-326c4dc73752,4
b8a8b286-e12a-38e3-bcfe-6976fac84722,4
5c61861d-dbff-372e-b339-9b3eda9b444b,4
ef84d493-622c-3a45-96c4-ea5c54beb246,4
7f334bff-fe26-3d66-8481-60ae1cc7e240,4
86acde4f-ce72-3ffd-8b99-14bb07bd1f0d,4
9959e5be-7ad5-3c6f-a9b1-f0dfdc406b91,4
78761be3-4dc7-30a9-9921-5bb143aebfc8,4
202454a0-b643-3331-bb7e-b7bd6a5b0f17,4
aa4be7bc-3374-3d13-ab1f-84409565268b,4
5714d800-23df-366b-b08c-35b0c8f1f33f,4
d64c0fb7-f0f6-331c-84a5-d3a159cc975b,4
fb90b06a-79fc-3125-ada9-f6fe332619c0,4
3b2e4a94-0a51-35ff-992a-89a86ad1efbf,4
e616f303-5fec-3912-a9cd-d2740a33cf48,4
cca7a65f-d55b-3710-abb7-c3fcb84a23e0,4
78be89c5-9f96-3107-873a-efc08c795f86,4
b80eb932-365d-3303-b47a-13a162d21618,4
c60f19ae-1b99-3798-acc0-991732082cf6,4
7863a04d-d7d6-341c-91e7-3a946e4ffe7a,4
b69e5049-7134-3d32-944d-4a54b5b1c789,4
746b6222-b339-3fd6-bdc0-622d07a94bdb,4
d51df22d-efab-3bee-8edd-22aa7b773f8c,4
2a9e0ea0-20ab-31f3-918b-8399f0c80e72,4
11ce163a-9e74-3dee-96ca-0b64dbaf656a,4
ffd3d3ab-6e24-3d9a-9038-8af3ffa0edcc,4
8ac87676-c367-30c6-be47-a0efb5a8c912,4
ffb6efd6-f366-300e-9537-4be3a485794d,4
cce088cc-9de0-356b-9785-ec0b79b53fe7,4
198b111e-aa88-389e-8e20-e93c24caf055,4
820fc703-db34-3a07-a413-50bf156eccae,4
d6b63b0c-03db-31bb-b48d-5c3cfded90f5,4
d71de3d0-243b-3890-b578-65cbf92f067b,4
fa3004c3-a916-33e9-aeaa-62affa8e10bf,4
e755de80-6df7-3ed3-992d-d85883234d52,4
1dd2c485-ea35-32c4-a43f-6e0e526e63e7,4
2e6f13b0-aa17-304b-9ca9-91e2921791d9,4
a2b08158-85ec-3e40-93e9-7aab212f0e67,4
35223157-a689-39aa-add4-4ebc978d0ff5,4
ded6b8fb-35b7-30b0-9d9f-ed2bb4d278c9,4
8a23614b-bb42-3f8a-ae0e-6f27973882f3,4
4c95a691-0bd4-3c8d-a215-8bdc4fd6acac,4
88cca249-277f-3b1b-acec-3a9f307832d9,4
103bdd83-cc5c-3360-b65a-5ba382c1ba50,4
d65c85ae-a141-3a82-bf8a-3bd01ba3aa41,4
d2b8a303-d70a-38ed-a95e-65cd8766cf61,4
c5e5fd20-6e56-3332-b4c7-220db8aec3a6,4
c4b1bda7-975a-3872-ad70-02e72e94905c,4
67b63dc6-ba63-3382-aea1-9b38a8254198,4
88bfb7d8-ff7b-3dc2-bd9c-c3f17d3ade5d,4
a58dfe15-4b99-3061-9249-12c37e07ebfd,4
8850488c-508b-37e8-b7fd-a46f3a2b1760,4
b4d8f158-8d3b-363b-bf00-e040a0b14ff1,4
5634d2b0-49be-38be-9f80-57a4f6ca9088,4
d46d6a57-77f9-3e3b-a135-73d2fc30959c,4
d52516a9-44e7-38b3-ac3e-b26fb5f0116d,4
eba503b4-daa5-34a3-9d15-1d85b795942a,4
30a0dde2-c980-3e9e-96f4-0e4f977518d8,4
e4dcc48e-b036-30ee-b230-5144d7e418d6,4
9e18bfad-02f5-34e9-9394-06f20c78e070,4
4b301bf0-e19c-3a88-a0a8-ddd6197b97bc,4
dfeecd60-f670-303d-b8ba-427d05e49853,4
16d6934f-514a-3470-a9cf-91b4ab1f7692,4
0e27578a-2163-3e5f-bb0d-c046cb38172e,4
56160cbe-8cac-30ae-9939-6e2efe0f0c4a,4
c6400f37-d8d7-36e5-9e45-465cc7209a4e,4
cd23fda5-1a66-3138-b84c-9d1641d453dd,4
91a7985a-7b9c-35d6-add5-6a27bc940f96,4
41fca874-7cab-34d4-806c-0c134d44ccb8,4
6ffca57d-7afe-3b98-8dd0-4c5ff0207405,4
383d3a99-a01b-3208-bbbb-cb7cdd9b8fcb,4
7166691f-f8ae-3a3c-a5da-9faf22975838,4
8afb4835-f4d0-35f7-8512-736491ea3792,4
ec8904a8-2a91-3afe-899b-bae5c98ab459,4
c8096dd8-fbde-3eb5-9103-e3d7cf7d143f,4
c374b6c7-f4da-37bc-b932-a179eedd06c7,4
458a066a-e455-3245-8546-68a1d1db6d6d,4
706be4cd-7b19-3215-bad7-ce4d9cfcb71a,4
e19082b3-7911-3ab5-b8d0-b0a3c24abf5b,4
cfd4084f-bb75-3144-9d42-62ab927d171d,4
f462caa2-2c30-390f-b6cd-75aa2337183c,4
5f56d597-8a67-37fe-a0cc-7989b380b535,4
6a45b6cf-e366-3bd2-b2d4-555e9a45dc98,4
4737a143-91de-3561-802a-72c4160a3e2e,4
1e9d6310-d392-327d-a8e5-78698c13ae56,4
f18b013d-6457-3111-8049-f887ffc2c8ae,4
5412301c-ddf1-3d49-8c78-3f3b2ad3cd3c,4
f0dd1620-3f93-3d06-80c4-a1c8cfb2eefe,4
342eafd4-01a0-335c-8fb9-872575f26783,4
8ecf57c1-5b02-38bb-b793-f86beacd7322,4
e519a2a5-1679-3219-a777-aff991d5b0ac,4
2b0dd408-9f02-35f3-b28d-a50191f98b5a,4
bf738bfa-e330-3bc4-8925-e73f855885ef,4
dabdd55e-2d83-38e6-8384-9cd1ffb8fb20,4
338f0afd-7484-34ba-8177-167e67233400,4
5e59b1c1-334c-352b-b890-0fa36eb11602,4
43ae2605-1acb-3708-b61c-ec585eef1b57,4
0daf3963-ccda-375f-934e-f3ee057c3a00,4
d8be522e-4557-3408-912c-f972f046f95b,4
337ea169-4184-354f-bfb0-bd993241b6cc,4
a0c318fa-652a-3cf9-8030-35deaa827051,4
1698dd23-bf73-3f99-84b0-1582a4529693,4
7525933b-d91e-3059-be96-9ba81efb13ab,4
c9aa39ce-46e0-39db-9531-3dcf4cf0882d,4
782607a7-2513-3fd7-bc81-b6068141fc3c,4
83dd4981-67b8-349a-a901-1ec3e285449b,4
da0b0905-a634-3890-a38f-009552839b6c,4
8ceb5345-6c6b-3cc7-8a4a-a160f2838625,4
49f84cda-754a-351f-b262-ee575a8b0df4,4
b3b59fee-ae4b-3748-839c-ecf047f10298,4
18136c65-f198-3c1f-8891-6a64982bd45b,4
2b573efb-144b-3819-8b7f-889c01e76e59,4
adc93c2e-1245-3516-9e5d-9e4ec3405802,4
6ffdfd5d-957b-3954-a202-b99937f7fc3b,4
c6baf9f5-9711-361b-8881-744424b4a4a2,4
4370a004-9972-3311-b4c5-e8f37063a669,4
046b5c5f-a4ee-3fa6-9927-5f64f60b5337,4
69e1e355-7285-3653-9ac3-e717b9cfdbab,4
14b0c66a-32fd-35c3-a260-ff33d178f3e8,4
900d9c3f-1bd8-35e3-ac7f-2aa7d778d244,4
92e6b1c3-8a63-3905-a577-6f5e074b9974,4
4cc94313-a453-3a0f-a887-868930822703,4
2cdef7d3-b88b-3587-942b-f38a85584e45,4
152619cd-662e-396c-8b43-8ae3bc0ff2da,4
2e319f84-5a62-3019-b315-f8e2f7546b6c,4
98d52b9e-8b2b-33fd-a63c-151604b1b633,4
b50f2f5a-9c75-339e-9418-5bb289c6e29e,4
befc079d-aa2e-368c-bad5-b95885e09771,4
e972d52c-99d9-300b-b9df-90aaa88fc116,4
df5d41d5-a07c-326c-8948-fffeabdeab21,4
37062976-d866-33d1-a055-1c366304d299,4
bbc5c837-90b3-3262-a48e-54d35a7aebcb,4
fadff6cc-2aff-3d5a-93b4-d5d12ba13549,4
c2ad6eeb-5f25-30ff-9d72-0c5e7a1d2758,4
a9712c79-ef52-3f4f-b7cd-e2f8b017e359,4
aa180e22-23fe-3a9d-897f-da4d41545306,4
ea92fd59-e1de-39bb-af04-5be526cf3114,4
7403a51e-bfe6-3ded-b950-b360dea8bf0c,4
09a1c4b4-cbe0-3b30-a2e3-0b8fe11ed1fb,4
984cc68d-2c8f-345a-aac5-0e8d686a6c2d,4
3ae8eae5-0b3f-32d7-ac63-8e3ba7a7a305,4
947b4ff9-f34e-3850-9e91-4b7788b7d0a6,4
fed8d5b8-a00f-39b4-b9bb-f349ca1e5cee,4
d69a66e6-e884-34fa-aaaf-10b5b7b82ae8,4
5e4004e7-db2b-30a8-81cc-33d3c7160380,4
cfe34d9f-1f70-3575-860b-1b302c76333f,4
c328cf68-ed3e-3cd4-962b-949a7d4e9851,4
a9e4a84b-31b6-3180-87b7-48e70b99d435,4
7d306323-6a6d-3b21-80c5-ab7e15da446c,4
7104dc1c-861f-322c-bc92-8f7e2813cd91,4
9db652ec-0a34-323d-a298-d80d1e79d131,4
cc75a7f2-720d-3388-b9be-9147e9fc9b79,4
a52128fc-5c39-3be9-9c68-a86efecdc617,4
6196ee1e-0bdb-3302-8777-47e711513c65,4
242a80a4-f89e-39db-a9b9-fab2bb588985,4
2e79b3c1-df1f-394a-bb5c-63bc5cf00188,4
55f79ba1-70db-345d-8d0c-e1745d0e69f1,4
1da43fdd-9244-3d27-ac27-064e2fb68111,4
0312f8a1-d13e-3888-a590-549ea5869541,4
d8794d2b-70b6-31f3-9dac-2532cf348214,4
4d4f388c-bf66-3bad-845d-9c665eabe20e,4
f4a37c97-31af-3ce9-b336-879fea5a0553,4
d2f473d7-04cf-3ed6-ae8d-191035e955b4,4
95591187-485c-3d0d-b3fd-abeedbf4b74f,4
9fa6a279-ece4-389f-9a01-78f720e636ff,4
992a4102-ceb6-3813-b4c1-1710db707551,4
d093cb67-19d9-3901-827d-d472c54d739b,4
f2da8c74-10f2-3206-a1dd-a7588c0f339a,4
44d0a26f-4d1b-371f-8095-19d309d1b515,4
6dce7061-796b-35bd-9150-d51d91f9fcae,4
5973b815-7f19-3c09-b41e-b0cd9e87b435,4
441a5f2b-e26d-3008-89cc-9b2550b8c1e8,4
a7b38a86-dd26-39f9-aeb7-7777c2aabd77,4
1f5be41f-59ff-3be8-a4e2-3d598ad68e43,4
26595f66-07a6-348f-91d4-5003efef713d,4
750e8e25-d21c-30ef-8cce-4bf58e407e1f,4
c036e44d-d64a-3646-9b84-31f7d2d64df7,4
2f4c98e5-ecdb-3f81-92fe-c8e6638e73bd,4
53c1de29-ec4e-3962-bcbb-c19ed61ebcdb,4
a9cf1372-64f6-3929-a232-7c3e80da9fad,4
7ccc5ecc-7627-391e-b876-adb26c6b4672,4
4ad1e9bb-63cb-3d67-ba54-b1d420d66df7,4
6f6e149c-bd36-3e36-91cb-4fc71dfbaeee,4
c4acd7b2-0ca2-3f08-8a1e-7f0275b1e941,4
973f6104-3ba1-3e55-aa9f-f8d05441b77a,4
133cef9e-3aa5-356a-943a-d78c01cb134d,4
9288f0dc-a947-33e4-8373-8ec53ecb3beb,4
7bc61748-f7c7-3b03-8e5b-1a7a222ae0ae,4
ebc635de-0a7a-3f27-8587-30639894c310,4
1ce27c3f-1d02-37e6-9aaa-95f31b423347,4
04ad84e3-4b50-3547-8262-61abcd55489f,4
0d325f4b-6f3c-3247-a5d4-de2ccbc8cdee,4
ae35e3a7-164a-360b-9423-557c07db9668,4
954692dd-d55a-3621-afe8-d037a508585b,4
5c00c1c1-5d9e-3e25-b39b-c315dedbbf18,4
48f768e0-163b-3233-9c7c-3eb7869cbe96,4
7db0b6af-58e5-3377-888d-a83c93bf2b21,4
d9977284-2bdf-338c-b124-5fec0a44f149,4
6a6d4751-6ae6-3371-b999-b707bf4b781c,4
6b9bbe08-92c2-38a1-b935-57093d36fbf9,4
7187d67c-f129-3e99-a004-91ade6858f3e,4
af1eeba9-c9ce-3e50-8a6a-37e811ca1904,4
8383de70-c13d-3626-a9f1-98d387ca16fb,4
2cd49f4f-7136-3832-a363-9c5c41c80569,4
091db76e-9cd0-3ef2-8be6-b9758344e367,4
190eb16c-d711-38a9-b9db-c2b687b7de08,4
e021a91f-2c47-3443-a120-bcbcf42e07f2,4
f5067f30-fe17-3bba-af4d-de1e613736ea,4
9036e673-dcb1-33e1-aa9f-51249846b6f4,4
1cd14190-15c3-3180-9167-3252cdda79d4,4
d677d268-d2a1-3f9d-9358-c7b9c727d5e8,4
8e282b6f-5355-310e-b7bb-8690b58957c1,4
2e07b7d5-7fe8-35ef-b6fb-b04a35441bcc,4
5930b413-d972-3c38-b05d-7e5809245731,4
d9910dcb-5f7c-34c7-b607-69e18d3bb2f2,4
a3af35d1-b14f-3d07-927a-9b06c7f30147,4
6107a136-1b7f-3dce-b460-c7eff8e48f39,4
bd45b119-da22-31fd-8648-076d8c8ee6fd,4
c04400b5-34d1-3d72-9b25-735382950f58,4
d691e90b-946e-3df2-8ec2-b83458949cd9,4
ccb053e4-964a-36fb-9458-2f418f242162,4
09ceba71-1570-3675-b89e-f6a5a6ec7463,4
c83f788f-692c-3099-8332-f7fd1db34e3a,4
261e0e65-9bd2-39ab-8a20-45cc710b551b,4
923f22b3-a4c2-3c2d-b848-c717f3445002,4
04bd32cb-de98-3693-ab87-a419e6424dca,4
105ff581-397a-3e66-8644-98b8917a58e3,4
7f40ea6b-66b0-3081-80a9-4484dffccb0c,4
b8fa2972-76a8-3dc9-bd8e-86c46e4487b1,4
2505c780-75b7-3e90-b5ac-20235e57b860,4
250e94ed-5c4d-3a0c-b90e-cb895b098b9d,4
c8467d20-3ace-3841-b910-819288d3c617,4
b89bd687-c177-378b-aa92-de25a155c865,4
3aa43e0e-e582-3a92-a911-eed2cb9bd540,4
07a1bf96-47b4-3e53-af68-a34b7236637d,4
b5a6bb6f-ca5e-3d61-82b8-9c4711b02996,4
501fd366-9e30-3ba2-bcea-881143dfb668,4
8a0d67b7-0fe3-3d40-be16-f4055fa15a76,4
5578cbf1-8638-3a5a-bf85-e55ad87e8703,4
33bd5d30-d51e-3014-82ec-b58922b1a939,4
1f72fb9c-81d4-3480-af45-1d819c9abf75,4
ff3500dd-b3da-3898-bb07-61c9cb247dfd,4
1abeace9-50c5-3c05-89a2-c3833d01bc4f,4
0ddc7200-e0f5-3ea9-bc3c-1d252cbcedba,4
2fe30cea-357b-38c5-bcdc-61f28987e4a5,4
98a7290b-4125-39e4-b4c8-9a7db8458fb4,4
73278160-8223-34dc-ad83-e80f6d46690b,4
7c178e1d-935f-37ec-9d8d-ec8c53eff5db,4
58225964-6e47-3d6a-9bd4-4e4b56ba3c52,4
a8bf600e-81df-3103-969f-b71045e590d5,4
9a31393a-5a3f-3384-8b31-d0355a644ec6,4
06e4052f-29e2-35b5-afb7-5f6f63725234,4
74239c60-8d52-3352-8711-ddaebc4bc7af,4
39f0d8e6-927c-340d-9136-976fc7ae4cf1,4
29aace73-33f3-3c73-b889-1170a7ca6420,4
3b66ba89-7049-3842-b921-eddb0c4fd413,4
aa2d64a8-749e-31b6-bdb0-ff2a5e649ca1,4
bae4dc31-990c-32b9-bc72-79543282793e,4
098e31f5-fcca-3aac-a3af-1c2f4ceb70e0,4
3da83441-80a2-3a52-a459-9a4d603ac614,4
3e22f19c-7cf3-3ce4-b9c0-6d1800c1c0ea,4
16697639-48e4-3684-8f1e-8b18288f2583,4
b3484890-c1b2-3dba-928e-839ac65d8dff,4
2556895d-c0d6-377c-b67a-f51aa0d44578,4
78c11f62-718f-38ba-b690-29b71a07d068,4
9a92dfe8-c482-332c-9a83-e0b123ea1350,4
8e1280fe-0c65-3a6b-a1e7-3595a1eff820,4
3968e463-2f9d-379c-aee6-df26b72bef4f,4
d2530a10-576d-3a06-abbe-12a019aebd66,4
841c79e9-93ed-30e7-a1c6-0e95729bce0a,4
bac15ef2-17b8-377f-bb89-58e6f6128f99,4
7d094d6a-7103-3cf9-a57e-90ff8d300ddd,4
2f2bf124-8217-330a-8b83-64912da8b180,4
5c24ec07-d060-3378-b4f3-af1a3fed145d,4
a5a985d5-beef-39e2-954d-a8e850bd3f0e,4
3f5fcb34-c291-366f-8368-27ec7cec2f05,4
3fbc0ae1-02ad-3090-bd90-a2f5066cb5ad,4
9852fb1d-2256-393b-bf47-61e6f652e564,4
dfea5477-bdbd-3471-a2ea-efba7981438f,4
a71116b2-c04a-3631-9c9a-0158f8b7d2fb,4
546e26d9-6045-3cd8-81d0-06a567ad2a59,4
8fcb8157-702f-3ea7-b361-217de3842d4a,4
3ecd815a-dd4e-3e33-ba99-90616b56945d,4
82648c8b-1c94-3d57-983d-fd08d38caae7,4
c09fefa1-53a6-3a1f-be31-2a32311c2c49,4
b609b28b-3b70-3dbf-ace8-aad164c5f923,4
ea2547ac-c291-375f-ab27-85ca7d9246df,4
45cc1864-90f3-3449-9657-f557095c7a31,4
b895e9c0-f487-3ed1-aa0b-7a076df268e1,4
60882d48-f858-3c7d-8e37-39fff301e5a5,4
82521747-ed74-3312-a59e-0565ab201bae,4
485c40aa-17e7-3378-81db-72f9055d21d9,4
570fd94d-74c0-3066-a901-bb1debd0fa1f,4
86c59e19-471b-3186-91aa-0795808967be,4
85f889c4-f7b5-39d1-9cb4-35f1c4f90988,4
a59d1907-7663-3080-984e-491c0ceeafa3,4
707c12dd-57f7-3f25-ad07-7bf81b8670a7,4
e448c073-2364-34c0-b9eb-ad3c4c4cc691,4
57ab37f8-eff1-3a62-ac1f-4344a86f1695,4
71d39bb0-ed62-3ca4-8c95-40ce4219ea1b,4
ad02d6db-4fee-3f4c-9bcc-5528066d1007,4
f4bbb707-d406-384b-82f8-da1ff9e17e5d,4
ad2c53fd-d3e5-3407-ac10-f13a48159446,4
3eb2c56f-3410-3cd1-a1f3-b5843b6deb42,4
5ecf66cc-dbe0-3942-9533-7b449ce66080,4
14ec60c0-b2f0-34ff-bbda-550ec0b75627,4
79e0ad6a-524f-3716-afe4-2db75b9beee2,4
56987901-6363-359e-9775-831150c09732,4
6d4a2dc4-c938-35af-98b7-21a948cfa2b7,4
f64d8c5c-9d01-3484-8f40-50e5faaa6bea,4
8ed43969-bc53-3796-a03c-5789604af72c,4
5214677e-a24c-3328-946c-1e8999947ea0,4
717fb13c-d9f5-382c-9f6a-c9bc7c0554a7,4
9a832cc7-6a5e-3096-b9e4-917e992be10d,4
8bbf5c31-7746-3d4b-9692-2d9a6b48e19e,4
ce8fbcac-aa3d-37b5-96f2-af1fbcad1a02,4
26919938-d2a0-3777-960a-7ef79bbf61c6,4
c7ff6884-11ec-3b75-b47b-0ff01b1d9370,4
faf2cd1b-2f00-3f85-ab49-737cedc8762c,4
645f12df-a276-366b-800a-034548b98c1d,4
4458d3f9-f6f6-30c0-a4c2-546940c48d8d,4
7f6cb009-4aa4-39ae-8c7f-4fe23f7836f9,4
1fbc47cb-ef3e-3161-839d-c5191df885d0,4
7c5e0673-d56e-3efb-a33e-0998e6d55313,4
6dc6f340-f132-3a00-8782-cfcd0e2fa513,4
a99094db-e01f-35bc-a02c-3fba5aed5a9c,4
1d084454-ccfb-3ab4-8efd-6c013c899658,4
4a8f575a-0163-3e3f-8466-5ba251abfd76,4
b19b6881-3298-3fd9-83ca-ae0072b25d62,4
f7037902-7ae4-36fd-9981-03453a07888f,4
571a320c-fc76-3194-a64c-94ae87b90fc2,4
e4d70bc0-8747-35bd-9f73-a2ad42d87e11,4
4e285477-64ed-35de-8a9a-a514fd234baa,4
2d7495a6-27bb-307a-80a8-a780b35a8d09,4
764bf7e2-c6ed-3fc4-9464-5e4fae846174,4
b41bf218-fa33-3877-81ac-c11b9f6b98ee,4
05fcd63b-84e8-3d8e-9588-4e7c8ca36b39,4
33a386da-d3b8-303b-a81c-0435f5e72a6c,4
3e310c96-6d59-300c-bcd8-a0e9e7a8a926,4
e461585c-23ad-367f-b161-e194692ad95a,4
f289f69a-09ad-34a5-8ccc-189b6ffe147b,4
222a0125-6ac6-36e2-b7e5-f874bd4e3c3a,4
d9b7edab-56fd-332d-aa2a-2c8ed539cdbc,4
b42b0d6a-fcdc-39f3-a498-d61f6ff3cc26,4
8e3795c2-2fbc-323a-b42c-dbf6c62604ba,4
6a1cfec4-05e4-32b3-b13f-f92561536341,4
1ab90b8f-9609-3529-bd9d-769ff0e538bf,4
2478b611-5309-3a15-a19c-50712e6f4299,4
08f5b5aa-998c-3748-a570-326fd1bcccb7,4
cad79ebd-e289-3e34-a566-17cd6a65cb66,4
8abcafa2-7fec-3dfc-8a60-35d5a4211fae,4
bd1f763e-43ac-3bec-ae79-ed94b7a672df,4
a95a0df7-9ee8-317b-9cfc-12d29b133cbc,4
145d2841-c784-3975-9a20-85198226e877,4
40d59134-27c8-324d-871e-4c798c0d5f3d,4
4121692a-0fc6-3333-b06e-25968851b857,4
c1e5b47c-6825-3ab9-8c66-02885732b908,4
20503691-2514-341e-a50c-e1df0853a3ea,4
0e802ffd-8394-3a30-ad1e-14d2406cf205,4
4c5775d1-e102-30d0-a7d2-5ec165a7bfa8,4
bcd0a540-5b46-386c-854f-9023c9ecde95,4
09e2964d-53ae-3ed3-8c17-446121918143,4
e5cebf12-0a41-311e-851f-97fac5b1b82f,4
e225c47f-47fa-346f-a345-91440bda3c5d,4
ebf91cce-e7d9-36c4-8911-1086b25cad65,4
a6625ae1-eab1-387a-8e6c-c039a7cf14f2,4
5fd75b80-2014-379d-9a66-f99648979d9c,4
030fc5c8-5c8f-31e2-ae06-f774d2d32ecd,4
111fc9cc-bb8f-329c-b992-3afa479a4c73,4
6199baa2-dde1-3b80-9eca-15e66eb6b4ee,4
5f89cbee-ee6d-30bd-8620-5e1106ff8930,4
fba2612a-e0eb-31f1-8577-47c610dadec5,4
f6875d49-52fc-3cc2-b9ae-12a4abb299a7,4
a6c227ba-2405-3a9a-ad78-8c68f0d59f29,4
ad1250d9-ce84-3da5-9fc6-4b96d481894a,4
3f6da3b5-99c2-3ef7-a209-31ec397b63c7,4
d8b84edb-6208-32d8-b5d1-37e54200b975,4
653bd750-e3e1-3f1a-a0ad-1172522a8cb9,4
437d04f7-ca6e-390f-b89b-162dd3b034fa,4
11181360-8d85-3436-897f-b823b0fa489e,4
eb833859-7a3e-3786-aef4-f2abdef62f17,4
e0f7b13a-9232-3b60-97c0-90100a604bc1,4
0fa2a95d-374a-3ae2-b5ef-1123231cfdaf,4
2825f76e-14a6-3c2a-85b9-9f35a831e230,4
0a271e26-5266-3c03-8e4c-4920284f5af1,4
fd8dd449-3bbf-3ef4-88a9-2e27156ad653,4
2b9d358a-cbff-3499-b587-d8688d393a66,4
7713a7a4-64bc-3ef1-b29b-0ff26aab9c2b,4
03df4172-190e-3547-aaf6-c13ff6c8bcb2,4
c0c35d44-44c4-3041-96a7-52e221eb60c7,4
154a7b8d-f630-3d61-b0b8-8d501a0a374d,4
3aa1b778-463e-3fb2-b593-9116f36bd04c,4
08ef22f4-60b6-31a5-84d8-38b85503871d,4
2ddfd1ed-bfd0-3423-b172-e94dc2c6f8cd,4
3fb88fa9-5a1b-3e95-9b2c-2d9000c1a213,4
38aaf258-643f-3b4c-9579-f4efbd67c3b3,4
3e9a548c-5b04-321d-9138-20ed204f0865,4
7f1148b8-080b-3008-9970-5c0e9583ad43,4
06386d7d-bdc0-3eed-9fb6-233f744e4fed,4
c7b4f663-9d3c-3f5b-aeb7-0c29559c7229,4
2d54c643-9237-3706-adb2-35237dd7104e,4
1aeb275f-6cce-3d10-b186-0737abfeb839,4
4273fb84-d250-3a26-87e5-63164e57f6aa,4
60cf017b-8cf7-3556-9c23-4c60fa6f5024,4
eef9c2fe-a400-3be7-8063-4d52c9586343,4
4a864cc1-3c88-3454-89d7-05eac00b12dc,4
0ff15696-14c3-348d-b6a1-989d48fd8c5a,4
e9711e2a-68f1-3f1d-9b58-7e2c25db68c9,4
91468826-3066-3b3d-bdd9-d029904d83e9,4
3f16e5bb-8b8f-3f10-a4fd-082bae39857d,4
b7ed2022-5c07-3b75-908d-77edbf980fff,4
dd45fa0e-76ea-3830-807d-31a561764fb6,4
d93bea11-c82d-3c4d-b746-f0e8c7e7d2d3,4
c07ab2b5-d59e-3546-9068-5148f0a193dd,4
31956851-b351-3367-a2f5-d16c75478b8b,4
a2fa0e8f-c527-3aed-91e2-ba55fb8e93e1,4
68e6a44f-ddcc-36b0-8266-0d74bcabe12d,4
ccbefa7d-0bdd-3d19-a461-73a2606b74ab,4
80f4a283-fefd-3b4e-965f-e975b7fdfc08,4
aae08110-0278-3c53-a5bd-925f1fe93335,4
7c0d6345-efdb-3012-b634-7e2445a99756,4
351130e9-a4b0-3231-9445-e356f6f20bf8,4
3e581f79-8f25-3a80-87b0-88fdc8d22c0e,4
0a3d12c6-bc37-3ab5-b88f-364dadb75b37,4
8620485c-7ba8-3b40-a773-697f8fb31ef4,4
0e79cbfd-6101-3d67-8f68-4e90e5c701b8,4
5281f2b7-9f4a-3974-9a04-8307d93651b3,4
78c3d43f-de3f-39fe-b4e0-0c4f7d3e11ff,4
146c32b9-0de9-32f4-b007-51d76d11578f,4
8a526ef6-a1ea-3253-815a-b7bdc041c986,4
3cbf65a3-50f4-35b5-b29f-24ee02df0806,4
4afbe7fd-3acc-3b95-b89c-b6975b1c99b3,4
4bb00ef0-370d-3f3f-b9e1-94feba1320d6,4
c5cccc19-e1e7-3094-9865-9a58e10c2695,4
6774015d-d272-37b3-b96b-5e7a5c1b863e,4
abeb1cda-49c4-3663-a596-7157f9f5559a,4
137acb6b-e5ac-3494-ab26-b1c68152fc5e,4
6094de01-aebf-3dd2-98d4-6eb57b847f72,4
e6bace58-60c4-32a8-bf80-430e5f502998,4
d28b0989-5d7d-3851-a0d9-0041b09e0053,4
26ff472f-241f-3c51-96a2-5c2e61bd4891,4
eb8cce16-a0c3-3be9-ab75-44cf50ef79ed,4
c004226b-f080-3998-a49b-001c57232ffb,4
5e02e386-6005-3e43-b441-9f206732a030,4
e7fe713b-70f6-37f7-8a2d-8ac4048eb678,4
391e68a3-e423-37df-87fa-eb25021f3521,4
8ac5568c-314d-38dd-98cd-487bf5137faf,4
b5f9fe85-998f-3bd7-9181-17f8d774c362,4
59223dbe-6cdc-334f-aabf-b248e9bd7413,4
be06dd6e-39c9-3984-9d2e-889ca2972a7d,4
5034d260-581f-399c-a3e2-71808e17a6c1,4
f19491a9-06e7-3a60-98f2-063ab05eed48,4
0479d620-e1e3-3d22-9031-4e884f65429e,4
cd1157fa-e05d-3261-9b22-8b7a8cfe5f17,4
4fe37040-52f4-36ea-9cc6-e5684ce45171,4
8b11c3d1-a6e1-3c2c-9f39-9f7c13dd9601,4
cb96180e-0746-35b6-b9cf-9a404f30e508,4
6304ca68-7973-39de-afdc-719e83f53084,4
427345bc-e783-31cd-80de-a880a712f70d,4
394b31cf-dc5d-38ae-92b2-de490ab18df6,4
6f42e8bd-b6c8-3b34-8a9d-43a62729d2c4,4
06c4a901-69d1-3a4f-8a4a-2ea50b4e686a,4
21d0df27-1d2a-3874-b3af-b52351aed3c0,4
0b1f16a2-989b-3c84-a7eb-ec31badc942e,4
f91d7d42-514e-3496-9f96-594562de47d0,4
bd6bd352-dfb5-305f-8afe-4516b3e54b7a,4
f909b580-6cf1-3599-8e85-643bf71668f3,4
94a2f00f-2164-38ad-becb-9120cfa24585,4
18d7b330-1d1c-32ba-8d30-c17eb9bb9927,4
a504226c-237e-35f4-abe9-48948351d66c,4
2e96b327-e064-3b8a-8d7c-d0f7dea4d44d,4
6986c95f-d359-34fd-81fb-af084e19fae7,4
87df3ac6-94ce-3110-b3ff-5c111b99a68e,4
ec4353dd-e481-309e-bcd5-79302aa348ed,4
03a22b20-9fd4-3e88-a777-d177f9bc9120,4
58fc541d-a2ac-30a9-a40b-5da755109bd4,4
240abd27-4e78-3aa9-8a17-a0ef4499795c,4
5ef78076-2af2-3f7b-8b56-53d24cfdf2e5,4
284180ba-0763-394e-8805-e3c5ea335cd3,4
247bb5d1-6b55-3d89-a511-08217e51ad00,4
5a2e802e-a254-3a53-8a79-c9f586a33c3f,4
1c685997-4166-3fc4-bc5e-cc0f9f96c9bf,4
d76c2ba5-4eb3-3a24-aeff-32df2fa40b32,4
d07fc1ce-7c2f-38ce-924c-6219e489f7da,4
96ce98cd-c747-3eed-a613-67abc4fea703,4
17c17969-a702-371b-828c-d66e21f06cae,4
753131fc-fac4-3ea0-90db-f61ed7fc87fa,4
f02bd84e-6d9e-3007-9774-9cdc826b8839,4
05364141-2ae7-3753-ae90-adf71ca15569,4
35514b2c-edb8-3e2a-8092-da48ff35118d,4
bf7276e0-3934-37d3-bb43-16b0f853d5f2,4
d401471f-2fca-30ce-bfaa-7fa94cae79e7,4
1c1ac453-d9f1-39cb-991a-0814c717844f,4
3f2c940a-55a8-3d8e-bfd1-a3d49f4b95c2,4
20c2ba8b-555b-3d99-b49a-af99d6b28ce1,4
8ee62972-9717-382e-ace1-6102c6f82606,4
9d1ec423-1ae6-3bb2-87d9-4281e0f29e4d,4
72948aad-658a-3030-9671-3892870d7111,4
98498b5a-cb0b-394b-b8a1-850a00ac84c7,4
ab0e44e4-2435-318d-8499-c424713b5c84,4
791d59f5-207b-3a35-a536-f2413e99a126,4
172e26dd-367a-3f98-9bca-4c82b4105c9d,4
b0ae164c-77d0-391e-8384-f23dc96fa34d,4
b99eda3d-3f1c-331c-abdf-2dfc5173cb50,4
5b0aa656-b280-383e-adf7-e264692234ba,4
0f61de21-2899-3151-acdc-336819247633,4
3c766c3f-0d67-3a1a-a89d-194b09d4ebba,4
468ededf-6250-3d94-97ae-4aac6ddebd79,4
63b3985c-88f9-34bd-93a5-fb0645710fa4,4
8e1a3ab6-a0ec-36c4-94ae-86e12c22ea58,4
4005cd0b-659b-36eb-a177-8be75a09029c,4
b140f72d-999f-3189-9dd1-56872de5c401,4
f262d9f0-fd5a-3ded-99e8-499f71e0b0b2,4
aedc3f58-7c18-31e3-bc86-93fc43726f25,4
d946f1ec-5ccc-32f9-ad48-fa288c9c0f5f,4
1b8650a1-25a0-3436-b615-cf9ccae002e9,4
b196fe09-34e4-3cd4-ae65-6190b3dbf883,4
e2694bf8-fd8a-3fa9-84d4-2047d90b9dc1,4
142c3468-15a4-3e1f-aaf0-944e49be30b5,4
4ea922d0-c4f0-3ba9-baf7-00b5e8036855,4
b864e1ee-d7b5-3d50-8998-095be4f9344a,4
285198bd-0c6e-3ea7-8f2d-f5579eebd07f,4
f2980bb3-8b96-3f4b-9977-6baff9eda3e0,4
5e8a8040-906c-3835-9d72-88ad204ae348,4
7c38077c-9e7a-3c58-8b95-887bd3eb95e3,4
d4a5027b-5c7f-367e-ba1a-6c3a64d20190,4
46e3c0a2-e75e-36a2-9823-9e074e4bf26b,4
13a5c9b3-ba46-3041-98f4-de16e92ea1d9,4
87426293-9914-37b8-a358-1d6bf45a1905,4
ac8d2790-af51-389c-bd48-f90e762d77b2,4
88f8e091-33f2-3a84-bf21-3571a098f8de,4
f5e0b2e1-afc2-30ac-a158-ea680d3871b9,4
ae1e9e18-f8d7-332d-a1d7-7ef6b3cf0d9e,4
04e0f927-3e49-3d01-a44f-65cdad1223e7,4
1de90da1-7f10-36ac-bbbe-a2afe4ba1d2e,4
363bb3ec-9b3f-327e-adec-cc8ec18d3aec,4
b0271041-2cfa-3064-8b3f-c58400f0e93a,4
910d9098-be87-3704-ac1f-6d8d4f24fd43,4
013b488a-3a1c-3fe1-adae-962af4e25f1f,4
3f9f2cff-b9fe-37f2-ae13-920499f0771a,4
3606945d-92de-32d6-a783-0e16f97a8c57,4
937ebd73-d860-31dc-8d03-dccafb12c5af,4
5590175f-bf5d-3da3-b4ca-53acc9ea99fe,4
f4de39ca-726a-37aa-9330-891100674247,4
4d34ab4e-a42a-3881-b3bd-1f8f9c1a8bf4,4
f4bab783-87ea-3d26-9e5a-46313e838388,4
9a2bc276-3207-3a24-89ab-f405ef4d5d64,4
2f54072b-ebb4-305e-9ceb-f2c3183a88b4,4
e39dbb30-ee3d-35be-ba10-41d435b40352,4
e396bb6a-af83-3782-9411-183a53ba5cd3,4
b6cd503c-a562-3676-a270-31e220c8cded,4
2fb752a7-a5e0-3ab5-bc96-aa18bb3f9291,4
a2eb679b-48c5-3844-93aa-25dfabbf31cd,4
88287d72-4c87-3dfd-82f6-a830cf9bd8e8,4
23bab478-ab26-3610-875e-5d8554ad7e3d,4
5bb0d3bb-4759-3ce7-934e-ff5ee4a7a48f,4
c7bddff1-4cb6-3070-8197-6eb3d4dad6fc,4
35ffa218-7e00-34c9-8e20-93f003dbafbb,4
c2a6bf83-b164-321d-88e6-8885e435deb4,4
6ef51cd1-b099-3228-8b70-e5f5632299e8,4
471352be-bcef-3ddc-995d-207bb0a14c82,4
e71b0409-91d2-3123-a171-8d627d7e7eb3,4
e94f7c0b-3c22-31fe-8446-8277472b38eb,4
97cc40a3-42b3-3162-bd93-7925f2441698,4
9e09bb4b-f296-32d2-a6b8-908c53ca5d9d,4
c83e3c17-3e56-38ef-96f2-8a7914b79b00,4
1c4b1fb8-ec11-3447-b2df-cb7e169c7fa3,4
ced09c90-5052-332f-81f2-ea3459e153b1,4
59cd35f1-3896-3e1a-badb-7a16ec734b91,4
ab40c4a7-25c9-33b2-ba68-dd6cfeb95140,4
32b4ad42-9fc9-3afc-8935-ac01597c0188,4
91ee358c-2fbb-3884-a41d-0fe71ef1137c,4
0c8a8dcd-e77d-381f-811d-de762101ac58,4
39782cd7-3cf0-33c8-b02f-6546dd0e1416,4
7ecd0637-d27b-363a-926d-26e52451b738,4
0ed4979c-e36a-3934-952d-6a5134093626,4
3622aa02-ad51-3a34-a911-3e2ab0655c81,4
d7afa1c5-003c-368b-8b03-7fd5bc2635a9,4
bc89f84e-5be3-3881-882c-05135f2df514,4
0891e2e7-401f-3034-858f-c08d30a63e54,4
79819064-64bc-3b11-a047-748136f07aa1,4
860ae07e-f0e9-3038-8975-2e5fc38e3cb1,4
dce4e169-0e18-31b4-95ea-a799980fdfa4,4
8f737da1-0b9c-3e81-a88c-ad76687e6365,4
4798b228-356b-3ef4-bcd1-bcd9202bcd84,4
09648125-3d74-3448-a2ac-25040558cde0,4
8f411a40-8475-3d5c-b92b-c23fbbf85c2d,4
22dcbaf8-e6af-3704-87a7-0085bcc53a71,4
ebd872d9-67bc-32a2-bea6-2629fee34b83,4
766ec386-d5d1-36ef-9859-a0577ae23789,4
bc547821-4d2b-37b1-b6e6-4d290ba803f3,4
a33246f0-6b7d-3796-a267-efb780a85241,4
59f6bd0b-5799-3520-9372-0bb9a1fff09d,4
36dbd49e-c38c-34c9-90e7-6b6274d951d8,4
74cc5d61-eaec-3bee-8268-81f71291773b,4
6a05c4c9-bd97-3eff-b23a-dfd74dfe5057,4
4d4d5060-4034-3182-85c7-9a0c03a8abd2,4
daf7b25d-8534-3f7e-9791-234c756a9d63,4
c745a8ee-844d-3eef-91eb-85cbe65cc8d5,4
2387d512-536e-3816-9772-e3e8e3db3e09,4
ef25f220-cd38-3574-af27-0c98da7168f5,4
0b6ecd84-802f-395c-8581-24f79185b754,4
1a839d7f-1e1d-31cd-93de-327bcb0a2898,4
01e31853-4483-3d48-b29a-6251217a1b6b,4
f0179624-fc35-3f0f-ab5d-8be117bf0975,4
cf9cba5b-9cc4-304f-8ca2-e4a1108d1c01,4
c20909d1-66bc-3bd8-94a1-580ffbcc9d65,4
714016a4-ca32-358b-ad11-1d82b283a862,4
3e2e6ae2-047b-3feb-8b22-7923554c97a0,4
f5918d12-f327-303c-b69e-573f4627496f,4
1a318645-3333-32a7-970e-ded85f75a7c1,4
8783ff1d-95e8-3fb5-a9ce-68b189321a15,4
35783694-2fb9-3ea7-8c31-43286e5dcac1,4
e00f8125-7c28-3416-b314-820ec685f2ca,4
6cb4f05f-6712-3a14-a5d3-addf6f1b9b8c,4
7d585b88-7cae-36c1-a4e3-6ece2d42a31a,4
687669a9-e22a-3312-b0de-435898ba7c26,4
482a3edc-a5bc-3d62-afc8-1b0a22d7ecb9,4
0407f199-072c-394c-9a31-328dc7f6c392,4
e922c948-32f7-3382-b55e-a93d416c17f1,4
c0de7b75-e90a-30f2-aa8c-5aaaba5862c3,4
95be6042-f2cd-35d8-a2e0-d1301152c277,4
8d1c2199-79f6-38a5-96f2-a7dbf247f590,4
b5d7f02a-be79-366b-81a0-d6c27a114143,4
2e8f60ea-02d7-3c9b-9a09-5fee995242a6,4
d6d64a18-ebf4-38c2-aa4b-ba3c77611b18,4
c16d9bd6-1fed-3f40-ac46-f767b57bec70,4
72b4bf42-3040-3fdb-ac9f-dcd56dec09f7,4
8ecb6aae-b00c-32cd-9330-88ad299e7d09,4
2b0e80bc-b48a-3b4c-9d5b-46e6bc2249a6,4
2e439e22-584a-3955-ac60-bc915518799c,4
a9a96719-e330-39d7-a275-c15b7da9583d,4
b3a7cdd5-eff9-35f6-9475-0837af8c774a,4
6554cf6a-86f2-3a37-8076-f4a7b03bd005,4
bd039dea-8236-3b83-bffe-ab1f58d6f9c5,4
61093d81-450f-3563-8ef5-bcd48d7d54b6,4
7af67746-0f43-337d-bdce-571b83f9f295,4
26d32134-c14a-3721-8b6c-01d7ed275226,4
66c8cd8b-ecc4-355e-a14f-0dbc58e20a95,4
6a18d837-4021-3927-95a1-e80d7e135fca,4
34765e2e-6891-3630-a8a1-3e13d7573397,4
aa651c61-e696-3390-895c-61553c652a20,4
14034034-105c-38ef-a5d7-aca2144608d4,4
9c3863a6-952f-363b-83b0-d62356c3cc33,4
d6833737-aeae-32b8-b123-ef92cf9fa166,4
80ed07b3-b455-3735-ba7f-2414ede0e843,4
88331bb4-4f82-3971-92f1-a2f6dca102a4,4
a882002c-a805-3856-aa70-597c3391db61,4
4cebf5cd-269c-3639-aab6-15b2e5ab0e1a,4
90a41cfe-69d7-38e7-abfd-c7e7aa7b1175,4
34d5286b-a603-3ce9-8602-4cd1c657335a,4
6678ba64-a18d-3d72-a87d-aa79aab52791,4
e0f86275-3b08-320e-8ad4-6ad4f24e3612,4
4c15a84b-00bc-399e-a5f2-ea9e5fd27331,4
b48535ad-a8e3-33f6-be9f-2fc83d530f4f,4
3d2756b1-ff25-324f-8b55-3fe9809fe9bc,4
342fe0dc-c38d-3ab8-a580-0a5a8f2b26f8,4
402f0265-b7ef-39eb-a453-18f685540bc0,4
9becedac-0d92-3da1-b230-d7f60dc85123,4
d77a216a-85fb-35c0-90cc-7966add40f7d,4
a029ce8f-faac-3657-9303-48bbd645f978,4
215b3c44-2b05-3c49-89f1-b66f864d8303,4
5f2d7dab-b8f7-39af-85da-f586857bb36f,4
f59e7ed8-bd8c-36ae-85d0-5297863ef9e5,4
45d9c0f6-fcb6-339b-ac9e-bb475c23457a,4
69af62d2-358d-3e01-8345-a7e8413cab75,4
0afc6344-611a-306e-a919-4aacfa9447a0,4
6840cc31-af62-367d-bb67-7babd5c0052c,4
99c28719-2e24-35d3-9884-48b3adcb5397,4
5cc1e89f-f2be-3524-9f17-2b6454c9dd92,4
ebd127ac-8831-3219-a3f6-89bcef317668,4
536b58a1-20d3-36bc-ad7a-17f0c42b0a9b,4
e9d21167-9f20-3a1e-a8e6-4ad07fe706f4,4
6dbfa367-612d-322e-8de4-b9b479790492,4
45ba8619-3a19-3e73-97ac-4e165bc514d3,4
fd2a6ced-1007-3879-a7d9-85d25cb6ec99,4
c2f1e76f-bba2-3798-8dba-91dcc538ef65,4
cacced4b-e1a1-31fc-8394-baad16db2da2,4
2b530114-e4dc-373c-be58-6baf83a96ef0,4
b92d97ac-54cf-34eb-85c2-588f1f0c89ad,4
9e9f70e5-1139-311a-b896-8f138502c52c,4
29323f49-e52a-30ea-9fdd-26f2ad20d1f8,4
8214bb33-160b-3dd8-93d0-386c5637d071,4
22ad37ae-0a80-3ba6-838c-774a708fe2ad,4
255cc648-087e-3d10-ac7d-568f1f7a2480,4
22c31350-4015-396b-95aa-076902b7335b,4
552d9ae4-2e0a-3ff2-9adb-50be63a9ebec,4
9af1fb66-886c-3bcb-b6d3-b5e6c217fa15,4
351a6f80-3711-322e-a83b-5e6b32405cca,4
11bba82b-22f3-3ac3-9938-5551e7da91c7,4
327bdc6f-ea06-35fe-a1ca-ab8eee49d93a,4
966a36b8-eea3-3bba-b113-624313624990,4
d5df20f3-5c3d-329c-834f-5dfe24e48d81,4
bcbe16c5-0d43-384e-aca2-7df1d7a1a000,4
43013318-877c-3463-b80d-33ea58bdab36,4
8d9219b8-e949-3821-925e-77942ddfe974,4
f2396713-f434-3e61-87aa-bf10bed9509f,4
b621b82d-fe18-39bf-93d4-d571a4013f4a,4
a5ce8fe9-f2e0-36dc-9ab4-da7713fc8c43,4
a3801c76-5d98-3b84-836b-cbff92e54d80,4
c8183e3f-6cc0-3dc1-bc64-800d472bba3b,4
831bae26-6bc9-394d-a40d-58384fffac59,4
3f84c373-0475-31dc-83fa-01db755aa272,4
eb69c58a-6c80-3090-9152-b50753121925,4
117d925e-162c-390f-928b-f4ee8e68d2b8,4
bba21885-a01a-33c1-964c-84f06d039792,4
f264cab4-e8d6-35fc-870c-728071d4ef00,4
0173fabf-cf31-3335-ac95-ce4df94b457a,4
a0b7780e-5657-34c0-9d88-062974387a6e,4
f43c9fb1-e64d-343a-b29f-fadf168933b0,4
f13f8fb6-7485-300a-a6fb-3d01ceaf2c6e,4
7f3fb6d2-f5e5-319b-9894-eca3b573cbf6,4
f457808a-c9dd-3c72-8262-e759685e7f24,4
2a5835d3-a3e0-3437-aa0f-57ff17d09d9c,4
2a7b78e8-a90c-3cde-8e88-b3941e088d41,4
6ab1c809-f0e9-3ad2-ad6c-3d96f4deb29c,4
12299baf-a66d-3607-92c1-4663fafd800e,4
e65aeb13-7ce3-336b-a8fa-f3ba9c7efaba,4
1a67073e-55e3-3ac4-8175-69fea279e554,4
f8149ceb-306b-3f67-b3b0-74aed79b42e7,4
69dddf25-76a8-34b9-b59a-614abcd44c36,4
4faa9d1a-2dc2-3764-be1c-af3309007b53,4
0cf46281-b14f-325a-a6e9-0eb47f778237,4
61b56724-eec8-30a5-88f3-492986c9e6e7,4
221bca3b-8a0a-35ce-b421-b5b5f5dd8ce6,4
a4984993-b638-3556-8e69-86c65243ffe9,4
e775eba9-de5f-3252-b1e4-28c08b3cad4e,4
0d380d1b-69cc-369d-afca-fbb2bfbdc373,4
bb1ceed3-9402-3a75-9d63-4f904cb4b25e,4
aeca9e59-17f0-32ef-bd01-7c7e48990e12,4
92becfc9-bd4d-3513-a204-aacdd4117ed6,4
b59532b8-67fa-30f2-8fa9-9875ef67f275,4
fb7f1120-908f-382a-8e11-5b9e02ddf11c,4
5dda0317-4617-3394-afd7-57d3b82237e3,4
6839c9ae-cb1d-370a-ad15-9dd85e356857,4
bd92ae3c-86b5-3a79-b464-17c6e5cddcb8,4
87d6dc78-a1bd-3b36-a1b4-afb20412a8fa,4
2de14e8d-1da9-3345-b0a9-16c41fefc73e,4
2e33025d-d213-3e4a-8009-96b8f99b78f7,4
49efd19e-9876-3c99-84dd-aaa7fc0c5d1d,4
b83bdcd9-c48c-3f97-a9b9-2acaf497b18b,4
04235d7c-1f0d-37b7-8ffc-4177891e5765,4
35966d28-87d1-3d6e-9cc8-c6396c9e785f,4
e0d86ee1-5999-3678-a951-69c1b152ed9c,4
058fab18-9503-35ba-8437-af463c5710d4,4
e4fd7d12-3264-3657-8ddd-c3e9fbb5dcb4,4
419c9f22-b475-3f1c-ba70-e11eb8e28178,4
13736e76-e7ce-3376-bd65-75a6d6cdcfc6,4
c968a524-b925-3afb-932d-9867908e7681,4
c751d230-7fcb-31e8-96e0-222112ab6cda,4
98141c8d-84a2-3c16-beed-de55edbe99d2,4
7a9f3cdb-c446-31f8-8e86-b3dcf21d7db0,4
7b5adab3-441c-3693-9ea5-79f7a30a2039,4
6fe404b0-a7ca-3061-9dd1-422c43418a61,4
473ca2a3-ef57-3769-a06e-c29907bb4057,4
6996f223-0f34-3caf-aea9-30707bb9af42,4
952c8df8-e825-3ea3-9dc8-9aa885dab188,4
14a797e1-b0ba-3556-b12f-759059fbf721,4
6d426de4-d8cc-36b8-a343-bbf8e7c6d66a,4
63d37fc9-ef72-3795-abdc-1542dd36b363,4
953e50f8-da29-34c7-83a6-d8f4881f0e49,4
5f22f040-a2e4-303a-b95c-c065801cb5a8,4
112ddbed-3ee9-310c-943c-eea5d3038819,4
fa52d932-1813-3243-bb3e-87f08107482b,4
d0406e43-ccc9-3db3-bcce-ba8202c4b4ef,4
0dd82b1b-bda9-3838-aa76-3fe0ea23ab71,4
84c59d3b-9138-3800-bbb8-2fa77d6da43a,4
1226c267-9ceb-3a36-93cc-bc1fec449262,4
0cdb3ad9-5d3f-348d-8c7e-6612e3fa53fc,4
011a5640-857c-3ec3-b1c4-ce98199d3bba,4
a5df6e25-c0f3-3187-800c-bcf45b10c61f,4
51eb6b00-ae37-3ff2-ae2f-c1c9c8709cfd,4
ef9a41aa-11bb-3507-a57c-36120bce22be,4
cb5a7144-d6ae-32fc-8ba7-a69e1daaf5e4,4
4c22508e-9db5-32bc-b8b5-7809d272efdb,4
5e8a79e6-a03d-3578-8674-7e38b6ac1021,4
113a1286-ff7c-3cd4-990d-910f832abf34,4
c3b8e35a-9115-3956-b68b-7649c8c340c3,4
bd8205b1-de21-3b69-ac6b-c3d551befcc6,4
06414eb3-8748-33c9-b777-b61bd0519c4f,4
089c0547-0f8e-3f77-8479-f9aecb56c5e7,4
d6dc733c-74b6-33c5-8e83-958b0490be67,4
15f98c3f-5254-3abe-ae94-31a36747e72d,4
3c2f06e6-625c-3f8b-ad07-bfa9759fb410,4
3ac88e45-9880-3490-8dba-bdd04a73107f,4
81b9e822-25d4-340e-807a-e596a6d4004c,4
f2000b5e-5343-37eb-a120-6703a720699f,4
a7c323b0-b015-3f9b-ba9e-614b0a2e9dba,4
6985a496-0b90-32f0-93e3-3ca0830883c6,4
1720ad1d-ab4c-37ba-a0c2-b015fb633e11,4
4a8470b9-2ba8-3bc3-b365-b3c5166e5aea,4
7fd70d35-1e02-3b9f-a056-8dc70d97ab88,4
588b2f43-83e5-37a3-96ac-5b71ce2d6791,4
63899f7b-fd95-3606-87c7-c51279d1c130,4
0e6340e7-c214-3145-93bd-71f5222fc62f,4
72ba4bb7-f629-3c3a-be16-2db28ec812b9,4
612b1b15-0606-31d8-8e01-8eebd9165217,4
08c452b6-809a-384c-bb6b-3a03def33f9a,4
ff50b92e-b538-35eb-858b-c2b496631d41,4
ccef4348-9ad1-3f06-b0f7-f94480379408,4
0e4711b4-6875-3c97-b466-9a9824b19061,4
07b88723-e781-3b6e-8e56-5257e03b6ded,4
252da9d5-17ea-3adb-9f17-40e0dc34868e,4
689914ed-dea3-3258-82d1-c26f0e7aca2e,4
cc5aed8c-8544-3e11-8de5-bab52bd3e5b6,4
316c263c-c3b6-376e-8b3f-4f7e436d2645,4
96af32c5-ae7f-3d7d-a962-85282120ad7c,4
ce452182-34cf-3d5c-abbf-a54fc030ae04,4
8b50eafc-0afa-36c8-b85e-a666240a356a,4
d655d4d1-ccb1-3588-b75d-9ff93507615f,4
4069d09c-c6b5-3db0-8c37-e51badc0d53d,4
19920424-0fba-31b2-8cb3-333ab148d3a2,4
85fdf892-05bc-3800-af03-9a8ab38dc0dd,4
3c4c76a8-9325-3560-bbd2-c05429e071c3,4
40d29afd-d858-311c-8a6b-a917aad2d157,4
0c906405-840d-3a29-aa52-59ed4804afe2,4
10a91205-c3b4-39bb-b59b-10d06e0b6039,4
bcb9a9f5-576a-3748-b9d9-a4bb08b871e9,4
7350885d-48d5-3463-a28d-590dcee537e2,4
708bc006-7f3d-3b01-87a7-9fa7d564ee94,4
7fb3cd66-3555-3dae-8152-8e6f2ecb9c35,4
cdd233ab-9557-3cc0-b0f2-cc78a229ab4a,4
7a49f9c1-4915-348f-ab67-4dcb20eb75ca,4
f8ea9126-d36c-3de1-850b-a59426ce92c7,4
6a6615f7-49cd-38d5-842c-aaa083d796df,4
2ee797d0-63d9-3d4f-aff1-fdaca8b54bab,4
cc76772b-5bbe-32c5-9c6e-37b978db3fef,4
db8c0033-c8c9-3e58-b186-b9ecade56f95,4
d1a1990a-3603-308a-89d5-3118220c1b93,4
2a0fa0db-6a41-3a4f-9cb1-864d9b85f267,4
e5982f1c-0ea8-330e-8e0f-042317fcebd1,4
ebc103fb-e5fc-34e4-9f52-b774a2e0fc8e,4
72e25858-b6a9-3e7b-a710-809c92639e02,4
e93c5a12-3845-3eb6-b92b-8d9292dbd4a8,4
670cef1f-3fe8-320d-a853-0d1641283d68,4
f733fe49-f627-3598-8c3c-1d8294c1a313,4
874a85da-53a4-3b54-bd21-8cf6826c8a88,4
280397f9-2604-34b5-8429-8165784bcda4,4
e4658a02-aa7b-3669-a700-eda0d82379f6,4
e2f587e5-870c-3597-b8ce-6e2256ef21d2,4
8f8b8be9-99fc-3aea-99e4-4b04f817828a,4
54e17d50-0fef-3a0c-83c9-f28df930da7f,4
2fb775a3-601e-3186-8f7f-2ac41e26a06f,4
9fcbcf39-8e3a-3a59-b6c6-fee829038629,4
35d5bdff-83a9-3ee1-8849-4d1b792e17c2,4
1f1f3544-6d42-30a4-871d-aac02563d5bf,4
b0cd1ca4-1425-3330-b34a-131a2627529a,4
67f3fc22-cd2d-3a64-8aa7-12e1aea133d8,4
82494606-7084-3016-aec8-db4a33c817fe,4
2461e525-afa7-37d7-b47a-4e9367798ae3,4
bdebd1bf-2949-389c-b413-62fc1e52c60e,4
1047a95b-90c4-3a2e-9f7b-0c954e5401a6,4
f75af796-b6f2-3b3a-8969-53e9dde5d98f,4
53069dea-b479-3a57-a090-315c74c99965,4
0d854345-4e5a-387d-9d46-2114032df589,4
727a0ba9-6f63-3ca5-b103-033760a88093,4
62d7e65f-1f5b-32b6-ba1b-38abccfebe70,4
4acd444d-a02a-305f-9992-6531719aeec9,4
b1faf909-134b-3cc4-8350-ec2ad32b0591,4
7c8a853c-1ec9-3381-ab61-54a89c8493cc,4
92a3028e-637a-30a0-b5f9-1170d1c8b301,4
42b364b6-208d-32cc-8ca9-8aaee72445f4,4
2a74a587-e830-3972-af9a-df526d763c2e,4
d7cd585d-33c8-3ab9-adea-39968c74b2b6,4
d8f5d579-51ee-3f7f-9e37-c317d4f03479,4
78687dec-730c-345b-9fb0-ea2c5e659658,4
2466540d-9788-3d1c-a1e6-76866487f8bd,4
143c7444-4aed-34b5-bd16-423e9849a722,4
b1b3282d-8b42-37a0-aa41-6309750dccdc,4
d215bc35-e697-3d88-9f5f-fb15becde270,4
1b85a1e8-5f10-33ca-bcc2-e6551188924d,4
a0e70948-ae8c-395e-b63d-e668aaa0e801,4
249327ef-dea2-3ce4-82e6-f422cb677d64,4
c4ab1777-8de8-351a-8347-42cd561c9b56,4
4e6bb558-4189-340a-b289-a11521fbfae4,4
29dc1756-5a90-392e-b171-3de97eb61277,4
30185d13-8e81-3084-8a2e-ac5c059874f5,4
0a436768-eca7-38ee-8529-97cfad7e661d,4
b1599356-2772-3ae8-b125-979bc3421247,4
f0c55400-f10e-3457-bee1-3e3d8e3a2cf1,4
421318ee-f829-3dcf-819f-27a53ecc200e,4
af443367-7394-3399-bfa6-32e9779621a5,4
d7811ac3-eba1-3132-9d0d-c8231f094379,4
57424c42-e3a0-39f1-8ae2-7e5e071fc1cf,4
b63fc643-97bf-3591-a472-16d6041c5b69,4
d99e5ed0-7ea7-3b29-861a-d52d29f88bc8,4
73d16000-58e1-35ab-ba96-a57636c11683,4
9cc815c6-2758-35c5-a13a-fc9793a98da2,4
88ed4799-53f9-3ae0-b0a3-5af2b32915e0,4
6897af1d-4a0b-362a-b9a3-fcbdb6fb98ee,4
c5a2b538-2abb-3c44-a850-7c8b0fda67d7,4
4d1e2df5-b5d6-339b-a7f6-71863b777c9c,4
3a069e7a-2654-3d3e-8ab3-e24015f06d52,4
5d0dff42-1a15-39f0-af89-b5025c299ca6,4
f5f6b4ac-1a0c-3a5b-872f-761bbfb319ae,4
cefdd68c-0988-371f-9354-54a9b6cc6bfe,4
72d8c111-1c8c-3aef-a779-c8502e8dc569,4
14cd7628-4a8b-3604-aabc-9f2771409fa5,4
94fbc6b0-b91e-3174-852b-2c2ef32e2d85,4
758d96ae-25b2-3d51-8197-fede13a1150e,4
6fdc278b-7ef9-375f-bce5-c2b2fe30bc1d,4
350f7932-7e84-3eeb-8012-7892d7190907,4
d9b32d94-2077-31f7-b71f-d09833f67167,4
5fb3dc40-bb2b-366a-945b-dc5be7a491ea,4
a4c20dd9-b38d-3cb1-be34-7c8e8b3b6a59,4
40207d6d-ee17-3431-9d57-872bab391636,4
e87848d0-af7f-36a2-ac42-c1e3d8cfeba3,4
93c1f80a-798e-30d4-aaa3-c4437424a12e,4
51a9203a-4ccf-3300-b028-1bb55d0784bd,4
a164af39-4e23-3df3-9db9-da61e62ab51c,4
9f878497-11bc-387e-aab1-f632d31f658d,4
6a47e680-bde8-3690-8ae4-b47bb5584286,4
e0e6add3-900d-359c-ae9d-8e2418c1d5e7,4
24873451-2eda-3d54-9d3a-855db6993536,4
f2cdc45e-0674-3ebd-8659-556389e112a6,4
dbe63500-bc05-324b-9e9c-0bc5c62d5d09,4
bab6434c-ca0c-3227-9458-9b4cabf1e38c,4
95daf8e8-0430-3928-99ab-b07185dd8f96,4
94668c35-0670-3118-83e3-95d0dabc664b,4
3717222a-9b94-3b19-bfe7-cfd7db48e8b0,4
3cbd0f03-ab15-346d-b84c-ab584a992d6a,4
b1951fd9-a05d-3359-af89-b1d4ee4e41f2,4
d8b93886-0f48-3a49-98b0-2d7928fda90b,4
10e32ef5-ec17-395f-8676-9c46135f5a3f,4
c410df27-c16a-3771-a178-1c5852d5df08,4
d5d23046-f378-37b9-88b0-84d0d85c9124,4
c33b00c9-b823-3f20-ab7c-a07005bd52fa,4
9fdec385-8616-3586-a02a-cae50423c9a1,4
8f7c1442-5bfd-3b42-b1d7-aa45d5377ef4,4
b7bdd152-2253-37ee-992c-b8d842ed4db5,4
c3627e42-a815-320d-a9eb-0c9601b09d42,4
3ce60374-84a7-3ac5-b1da-2e58cebe2240,4
1573cf37-39eb-3f89-b2ad-3ac426abf7b6,4
8e4ac85f-e0ba-304f-8819-048c5942e0cb,4
6e101b37-45ef-33f7-b6b6-b3b9f08808f5,4
deb84ef7-3aaa-3789-907d-f983a196e82d,4
627be8f3-544b-330d-8a97-39908a139e03,4
94b6e82a-7f4b-3871-9b25-b4495193a61e,4
447fdf1d-1148-3f87-95b5-77dc7f0b31ae,4
a36e2948-d10c-3cc0-921a-c6adcbd0a7b3,4
4cb2ec1d-cfc1-384c-bc5b-88337db66040,4
67b18d55-24ab-360f-9b4a-6fd2260f51cb,4
3f3e04c1-4918-31d1-a8ce-27bb242872ce,4
f226542c-b02d-3f9e-aef0-39e69d2b56ee,4
df9e4dc2-0a54-3625-ade3-6c2508f6b7a8,4
be34328a-fcf5-3cbb-a4d2-3a1e02d5503d,4
fff54241-1b97-36ca-9c4a-365cd2ed87c3,4
3c18c4d7-3a5c-3e15-805c-3867f64475f7,4
860bdffa-143c-368c-94f1-f7dc8166e2b9,4
d7d5b27b-41ea-3315-94ad-42afb8720408,4
dff82136-1ef9-3922-842f-0fc63748132b,4
01deab05-4754-3739-804b-564f663158c3,4
ee6661bd-91c7-3386-afd7-93397c190f2d,4
800e692c-cb56-3b29-aa3b-08c418b03768,4
cdc4a22a-5b6a-3c91-851f-5bbba165a688,4
75dff4b2-0ea1-31d2-841a-5d7b7de0fc44,4
fa5a70d8-2c69-3cd0-8c2b-54eef11c751b,4
30d3aa10-3fda-3c14-9387-3d2c0c72e199,4
02dc7289-1d7f-375b-b105-90aec25d94b8,4
62d0f6e2-ab3b-3058-abcf-60b235a3c927,4
79ae88b5-97ee-308e-aee1-0bb1bf2f2454,4
0146e252-a57c-3c64-ae6a-58469719229a,4
221ab1f5-214a-36d2-b8ca-3a31b6988384,4
f2a405ff-6469-32d2-883e-10a3dab3a95c,4
8168ec55-532a-3eb1-8c05-8efb6eb76c21,4
dc06ba25-1906-3b19-91bd-6cb3d9bc2555,4
2359d90a-f94b-37d9-b580-2b7005516f70,4
0b45500b-0c19-3df4-88d3-4eca8dc32400,4
9fdcec50-dbe4-304b-bbee-9506c2365f55,4
14fc908e-ed1d-3393-9e5e-1788da224303,4
ee7c1cc8-70bc-3072-82fc-3356a4a534d7,4
04927003-d6f3-3b4c-a027-f0de9c5be980,4
3da107af-1f28-3fd1-84a0-59f9774f9dcc,4
056062d9-b1d4-34bc-be79-196e05362e13,4
1238b5d5-49e3-30ac-84cb-bcfac1479811,4
1d9d6b56-bbbd-3df1-b63c-79682f73f0a6,4
9d495542-3ece-394f-910e-46fe3cfa828b,4
46e865ea-8d79-3275-8482-c10797692eba,4
17dfcd96-742b-3a69-a625-f6e92893739e,4
d9e9dd85-b17c-3476-9408-324968001a6b,4
1a933c6e-e500-3983-8f0b-2cc73cebec09,4
85bbb3c5-37e4-3848-9b71-1a3a5f74d6ec,4
ef04e62c-9f85-3d0d-81d5-c459f8735581,4
9203145b-6996-38ac-a0cd-3aa4185d00f7,4
fd591033-0bf4-3279-8498-a7039c1b9bbc,4
2c9770bc-6d4d-3526-b630-f45cab5d873b,4
d0ef2513-79c0-3c0f-a44f-18f85b1eea69,4
a0fbc4e1-618c-3c98-b547-d3e57858958f,4
51168192-1d32-388c-9cab-2cfc589f6a83,4
12f7b623-ff6c-31f2-8228-741630d67d00,4
0b185c43-4930-327f-ac82-7aad423d280e,4
70853e0e-0148-3c64-84fa-b0665f8bf519,4
9f6a4548-d680-3c43-bf6f-9abb74dd9847,4
299eab3c-c784-39c3-b378-ec831bcc6f89,4
cad4adfb-964e-34aa-85b8-3292e6b6cd3e,4
7fa0a332-d9d6-34ee-ae59-f719f11a143f,4
b64ae7e1-f6dc-3b06-9f3c-c75c73f0a657,4
b01ed222-263f-3326-9267-86de3facf633,4
857430e4-6a77-3b7e-b60e-c784fc680487,4
8cdda3dd-9485-39bf-a56c-922b4c14d8a1,4
b232bea7-eed5-3ee5-8fba-ef34a1a8574d,4
179def4c-3a92-3644-a717-da16e10d5a9c,4
40e338da-9919-32a3-b89d-0976014b791e,4
53a5c4ab-747a-35fc-875f-3844730a9d45,4
a45d45b4-f0d5-36d9-9860-683eca33abd4,4
ba1fb70c-b505-362d-9601-c3642a6d4b12,4
d43a0f9d-a1b9-3709-a68a-269bb245807c,4
8a3e7376-4db5-38fc-8f61-74b582910ce5,4
b07555f2-1219-3289-9a89-8a19c8b3dae0,4
02bb5ea8-c436-3a9c-a62b-371ca630dc40,4
0ef511bb-7d55-3b83-bac1-ea8bd96a9f65,4
f6947d68-00ac-312d-92d2-50e8e24b7537,4
22aab953-016f-36ab-97bc-cbbf362e2a13,4
8173ad6f-2bf3-3b57-aa7e-34982aa1f12f,4
95fad052-e3c5-3ab7-8525-a7c59fd0ff0c,4
80318fbc-4740-3e04-8255-cd8d97687d3e,4
9f635a6a-81b5-3530-b089-d3fac51e42aa,4
de943346-2bbb-3c3a-a9d8-bc7fca552ebd,4
9ceb85ab-caae-34f8-8ce1-5945e5e667dc,4
0a256ee8-7001-3518-87f1-d6969fa7408d,4
d1564f7c-9fb4-3e6a-8186-a98eef218674,4
e230138a-55f2-3141-bd06-f99679f8ece3,4
d880a6ef-ffcd-3989-8005-0ab2ba634c7b,4
9ed26d3f-15b4-3b95-9511-590d4ecf49a9,4
0888348b-5237-337e-820e-27598609eed8,4
585cee4f-e01b-3e4c-9230-6f0bc130acf9,4
312e496f-c14c-35e8-80ae-23f30555df88,4
fc06a9f1-452d-3363-ab72-f2c0b0329be9,4
7a6e5c71-0d80-3a67-b3f8-e5735be9c6d3,4
6ff83580-9f7f-34ca-adad-d43ca39b06d9,4
b5ac610f-41db-3264-b4c2-d4a04ca47913,4
94b2ed3e-fba4-3995-b0e8-d1e6bcf23fe0,4
bc3c6d51-e458-3d95-b920-59680932faf6,4
e762972a-0b99-3bff-a2c3-6c8deb706cb9,4
52ebb9be-1ff1-340f-a35f-902c9014185b,4
c6e7dc81-25e8-3744-9167-ae9ea55e43bf,4
e43d84fa-3581-319c-87ae-9290518c281d,4
5cf55720-96b5-3feb-b04b-833a7e28d90f,4
b86dc689-1dcb-3200-aa71-d433737d4d1f,4
eb6a21c6-c235-3058-b068-772d4a795a08,4
cd6de352-4d4e-30ad-950d-83f29d351c58,4
0d035f7c-aae6-3931-8581-1b96d8728aa7,4
1eaba5ff-fdf9-3e88-9675-1ddc068bfef3,4
1e011c0b-570f-380c-a28a-3b7f3ec2b253,4
bb86abed-a715-3c32-b163-8890e5a9c408,4
bb6fe2bd-fece-3bfe-8062-13e1579f38db,4
92e561b8-479c-3b1a-95c3-da0fd6ffe3b1,4
e3f18dac-36d0-3373-95bd-b461eba2e7de,4
e9883798-0cbe-3d96-a868-36c8e7db6721,4
db1e1adc-6e6f-329d-9256-69a401381080,4
0ea94ef6-c60f-3a40-9d64-a175a11a3f14,4
46a25654-09c1-315b-90e8-da9e60f8b79e,4
3a810cb7-5dbf-3b19-a999-9d220d27a337,4
e855f5b0-2131-3777-9861-81d8cc28f612,4
81a5703f-8d25-3c7e-a2e7-c7a1511f4e0e,4
a95c6a7d-fa66-39eb-8be6-58e122da6fcb,4
654d1b08-8157-367a-84ae-82ef13442a81,4
e4570f72-efa3-3a18-8658-327bde8abdae,4
4423cefb-d5f5-3133-a454-6d1d9edef331,4
4a09ea23-34a4-36ad-8be6-aa23d01d2e74,4
ecb46383-a7a0-34f2-82cd-0abcab5cfa54,4
f7cb2aad-3ebe-31ea-ba5f-fbf836c4880c,4
82a85b46-e0b2-3252-9cce-ec85d2f1e84f,4
091cb38d-29f3-3ec4-a580-274fdb63e262,4
ec043c48-80b7-3bae-bf57-2ef02f9782a7,4
47adda3b-9fd9-3ce3-9fac-349bd99ea855,4
144d39ed-1dcd-3651-b3d4-00fa8c970ea4,4
3ed43e79-db4c-3317-b9d5-ead109d98d75,4
1fbd9b61-a042-3d74-81d0-c65804a3b08b,4
9599be84-3d4c-3601-b8aa-99d673c031a7,4
51c135a8-14d5-3791-bf66-5506bab3038d,4
10eeeb47-c6b9-3e6e-9c42-568705fd1f4f,4
777d3788-e24f-3ce3-955a-3574cea7b316,4
523bea59-a0db-3bdd-b732-2b09b6a50782,4
8f7d3289-b19c-3063-9e77-df3747f8c5f2,4
e866ef66-e4fa-32b4-b893-f5488cd2468a,4
32f18257-4b11-3ac8-aa05-146bf2c0f639,4
95278350-ae38-39a9-ad5c-195277b86d31,4
e9967ab4-2c26-3cd3-bf59-be777f4076e0,4
1c66659a-c982-31b1-b078-8ccdd532c1b7,4
ffba5282-a49e-3333-9d21-7e2ff6a79c33,4
c5c7cfca-a2f6-3cc3-9a1d-e268757bea64,4
41aaed3a-6f2b-34c9-9b1c-9cf605b3cdb5,4
162c96bd-05c6-3d1c-86a6-4bbf60272bee,4
507b7921-b6c9-33b7-a497-301f9de06e90,4
323cefce-3744-3ee6-9c37-d3edac40bed5,4
e9428bb8-61bb-38a1-8821-0c2a8277efba,4
12b0c311-0015-3492-9e14-9e6b8234c972,4
19d1a1c3-5665-32b7-a2e1-5a9ab44e0285,4
4262a737-e326-3fd7-807e-3fbf7ad1cbc8,4
d3d62326-8a73-39c8-91c3-5056e1129b63,4
ddb7c03a-e687-3bb6-9949-4596f7126ca6,4
282f6a6f-8a0e-32e7-bae3-5366fbacd2b3,4
ef2d229b-02f6-3332-a124-464a61584e0f,4
25005d84-33f1-3436-929a-1761f502be11,4
ea017206-96a4-3bec-865d-b0d4a8970f30,4
7655474e-951e-3474-aaf2-69e75a2f0aa2,4
48e331bb-4080-3880-bcc2-78e8ec3afb5e,4
f0b6788e-5f1b-3783-990d-661bd136ffea,4
ed63e05a-b305-3e27-8b96-c85f23e19317,4
527cf7e5-4cfe-3b01-a2f0-40c363ddefc1,4
3d916c59-8176-382c-bc93-957092a2a0f2,4
d28de0d9-55b3-3382-8c25-7cb56f0ac510,4
993b1511-848b-354f-8806-77620617e2d9,4
74f5f231-073a-3d69-8885-74d0c85e1219,4
60edb621-0589-3e97-a011-f40b71ef37bd,4
31832009-7344-361a-afde-172ca16234dc,4
ec35c5f8-2658-3968-981f-3b3b227154c2,4
c617a71a-f298-325d-9eff-cc6724bb6425,4
c8eca29d-cf16-3db0-a10d-3768509d6abb,4
eb715854-8e61-3132-b131-45303982bcc5,4
128ba9f1-d7f3-318d-a0a5-3c872aeafca8,4
af281450-1b95-3d62-8f2c-f1d94e2e5260,4
a8623adf-2dd5-3f1b-b7cc-a20e1466430e,4
85004143-719e-3653-9eb5-b525ae2d7264,4
27436524-e0a4-3a2f-a887-ebfe261b3fbe,4
ff227b3f-d256-3468-bbba-fb9605ca205d,4
73deeaa7-e55b-3c47-b7c7-b67246dafc96,4
833835ff-f8dd-3e1e-99e6-35c9bd9d49a5,4
b1ec3ec8-fc2d-3979-9643-bcb0501f386c,4
e90b3ae9-940e-373b-a019-50315e4dff20,4
568f7fdf-2909-3d13-8707-21d32c60b9ec,4
11dcf863-d3f8-3c4e-81ac-15b8c443fd8a,4
7482bd17-16d7-364e-a42a-d47a0714d4f4,4
ba22d802-396d-3c21-b94d-e721eaef078d,4
89dfafe3-080b-33a9-9388-388b3c8cf1bb,4
f7e938cf-6c0c-3f4f-8b93-af34130aeefd,4
cc259bff-ffd7-32a7-94a7-45115cb7dcaf,4
2701724e-81fe-3c42-9aa3-f3360b01416c,4
95bd71cb-425f-3751-bc99-a0fbf35b9146,4
b6b64f63-eae7-38b5-a5d1-ae0b89a2284e,4
418fb1b1-3d6e-3c86-b7c3-c6235b4a63fe,4
8a94816e-8d35-33f2-a200-0c9d2c900f49,4
5c276cc6-2218-3a33-b229-2e20c1044637,4
eb1f8a5a-4fd5-3967-80ed-ea0b6a2b7f46,4
40818071-c28b-394f-95ab-6f1b14b88107,4
4378dde5-fa36-3e60-b4fb-531213ace76b,4
94ead4df-5490-34fc-ae2c-9f49b4490dfe,4
b09d4baa-b8a2-3e0a-b95c-f2014af0eece,4
52c2ba0e-2554-3505-870f-808c0547aa6f,4
e6ff4eb6-b6f6-3aa8-8a9e-9e6898c0ea82,4
6c0df4b0-e0d2-3d43-b0e3-976061cfca90,4
b11955f7-1df2-3288-9165-6eca85f9e038,4
005017ad-46f8-3774-96a6-05fa6d9369e1,4
1de99cf3-42be-3991-966f-ace2ed0ee460,4
77b8be17-f62d-3aac-bb5c-803129c0d002,4
6a2f1c3a-a620-3082-9aed-7f916e91c101,4
53965506-280c-38d6-8908-e926be5939b3,4
bcced336-e81d-3180-acff-a680fe032cf5,4
79b52be3-412c-3f31-81e2-01dd08ec3830,4
799f4f50-64e5-31da-971e-e0ad27ce8561,4
015fd07e-da37-324e-90a2-881e44cc0878,4
bbd550b1-def6-3dae-bcfb-8e4a76ab12c9,4
6142a2c5-6471-3f4a-9ff2-fdcad41b7a88,4
f5bb7b46-a896-3bd1-8473-81b21545041f,4
8e2bef02-5ba8-356a-8099-48f67fae5518,4
a5ddd731-c8a6-3f3c-9bf9-5c706c5e0151,4
68050af4-7d5c-3a4c-a4ec-30c921854a4c,4
de8d3a3a-34ab-37ac-8212-2d77aeae4d76,4
7db4ad9b-f17b-3341-8fa8-5c5dbc839f0a,4
f8a6a3fb-9d90-3ba4-a337-4d5c335ca299,4
365c526c-1e1c-324c-890b-0bd10c0eb3bc,4
518fcd52-ebfd-3d8e-a64a-448309df2cb2,4
e4fba560-29e3-35b7-9ca2-11d5cdb81be5,4
771a9a4e-fcb6-3a44-927a-c79d6d5fbbf2,4
3ca3b008-6ddb-3ab5-bc1e-c91d5ac715a0,4
6e413609-0564-316e-984d-2682f6ab26fe,4
5dc7b3ae-8025-398b-ac0d-2523ca747e52,4
cc27d4fc-cfcd-30ca-ba5e-57ab679dc916,4
15bcab45-eb65-3495-ae50-d0168fe8ce9f,4
a9af8fcb-03fe-3984-989d-34d0378a0b0e,4
c8135f15-b4cd-3872-84ab-f686d9f5afc6,4
ba232ee1-dd10-3066-9f84-223b7861ae0c,4
eab479bc-e297-3f26-9386-3be3377f4a57,4
687a8247-b707-3db3-9da6-5ba871d72768,4
6db2e4d7-82a3-39b8-895f-203868d9c70f,4
18381b57-cdfa-3f7b-b6ad-daf59cfa144e,4
7c0956f0-4fcf-338f-aa23-37aa0dd178c4,4
1be3f721-07bb-36b6-8c4b-2ae0e21f4543,4
7d6160cb-70c7-33c5-bdad-f21a7b8dadc3,4
f8764bfd-b321-3136-aeda-d6f454508108,4
a479cf96-47b8-3373-9c90-a35374f8945f,4
b20dfb4d-9506-340c-8710-4e7950e9615a,4
3c0fd76f-01a6-358e-8def-960c7885678e,4
64b82cfc-6b92-3770-90b1-9f3e1740b0d4,4
4e139a56-14ea-330d-806a-1ec5e5c0780e,4
a0255019-ac0b-38ec-bb02-96f085209bd1,4
60c9969d-5d44-3392-8ebe-eeb7b6bb2789,4
4e60c625-1b49-38b3-8407-130b3685ea47,4
e3820e6c-e98a-32c6-a67d-eafb966babc7,4
7e2638f3-3e21-319f-9a67-9f02583720f5,4
72ec2935-4101-35e2-a2d2-c3f4dd26e6ff,4
e4332ff0-99bd-3fe1-bbc5-d3749eb3f767,4
85affe3a-07e9-39ad-94f1-ccbd02d122d7,4
7e21c42a-26ea-3c89-9eb4-9c4a5728b73e,4
ae7e204a-79dc-35e7-ae5c-eed3c5cddc8a,4
b286a309-0477-3d10-b163-9421d25ab6b0,4
4209be25-a386-3d79-8a3e-479d27af30af,4
2a64f1c9-951b-31c9-aef7-15bd245e9483,4
6cf51876-31c9-3f35-9b6b-f69871e88dd2,4
eed723fc-6e9e-3af0-8f66-d4f654901e7d,4
c7b5e479-0644-34fb-b19e-245d892ae3f3,4
be9484da-5f21-3e3f-8453-07da627ce1f9,4
97cf9886-7a29-3f25-ba03-85e45e7eb247,4
7a33bbf0-2cbc-301d-bc4d-24c3e3ade5ef,4
25402555-0cc1-3822-a015-69a500febcb3,4
7c033343-aea0-3a5d-a9d7-2186947a3d55,4
3eb2011d-a28b-3a09-b4f5-2b1245828c2a,4
9e641862-9934-3dc0-8132-473e6352c8b7,4
a12c6735-2496-3199-bee0-ce8b84997e17,4
3b359080-b05c-3ef0-9956-6da43f8912ba,4
0a50241e-c677-3c7f-8bd9-5fd660115997,4
1d3f605a-65e3-3110-bdb5-86c733d60012,4
f4502f25-5310-3401-9dde-5fe4bd239d70,4
bda51c05-34ff-3c4f-a8d6-c8f223806244,4
4d99eef4-3246-3195-9bf9-e8456c79a1c9,4
2174d497-cfc9-371c-b59a-8d5c41735caf,4
8619bcca-dc4b-3943-922f-4e4c8cdd1c68,4
3d650826-53c7-3867-8593-b53722e6e4a0,4
230b495d-c704-36db-a2db-f900aaebb39d,4
93eb2f48-b0c5-3cce-a862-36e705aa4363,4
efba5e63-2b64-37ce-8e50-7040b7a67c19,4
fef2ddf7-26d4-3caf-b78a-e38ae7a1bc32,4
fe98dd69-240d-301a-9144-d0b3b5cbe171,4
ff090ace-80fc-32d8-b070-f876eb41af25,4
7dd4c7a8-e17b-34ca-8603-f74f8bf73820,4
0a266798-7433-3bbc-84ce-c84f22f6f4ec,4
a781e4ae-f61b-3ac4-9028-8b100a4572ee,4
45f21998-1449-3ecf-bf19-58801a5f1447,4
25d9cbd7-35f0-3991-b0f2-b26061e591b7,4
da353cc5-9374-3a75-8881-7af58efb7f32,4
b5ab580c-587c-373f-86e4-354c8fb8e334,4
a0062a7d-4f7f-3929-86a1-a5b5f2c2b017,4
afc7e89f-d069-39e8-845b-7846edba5aab,4
c768f8c5-1b3f-357c-8221-cbfd5ce7fd73,4
d768df92-1336-35ec-b98e-53997d0e071e,4
a966092b-21cc-3c8d-a216-b6e301ed9124,4
5a67ccd1-ce29-3e1f-b8a1-beaef2572c30,4
4ab18193-1fb9-3fe7-8e1a-f15a760b9d72,4
4f1294ce-8c7e-31f3-8893-37fffec08642,4
685371c9-8357-3ebf-a9eb-61386da9ebe3,4
eb9adb63-adf1-3ba7-bc5c-9dfc40047eb0,4
74e090ae-a38b-36ff-8e1d-851c6e0d8ea2,4
cb5624ff-0f46-37b9-a395-ba54515eb15b,4
d6825558-d975-3280-ba9f-f00c8e5d6227,4
469e8d93-f520-3f37-b0c1-abdc7052c95b,4
2d12a3ad-7f69-36d7-85c2-899bd768fdce,4
719baa71-fd8f-326c-8bc9-54ec34a2f873,4
6d6bd8e1-c062-305e-9202-cd03dd5eee45,4
ab941271-bd43-309c-90e6-22a2c7adf678,4
05c99981-e89a-3840-9ea6-d4d5be75ef04,4
359c4a82-1353-3ba0-9db1-bbc105f3d6b4,4
3577cc94-da11-3522-bab0-960f067456ee,4
24e8da4e-304e-343f-a811-7f7bdb3520c6,4
62f8a872-5bb1-3d66-acd4-2eaa02c02cf3,4
f4b110b5-e0c4-319b-9991-80b65e1b7865,4
0bd76506-5b43-3ee2-a372-f376ae492817,4
14cb3a11-3d38-3eb9-a4a9-d9c60ea88697,4
82bb63b7-c196-3f76-a5a0-1620115c901a,4
c218fde0-fc87-3ef1-9285-9e816c11dd0c,4
19ff0499-657d-3ddd-b42b-692aa8f3b73d,4
5e82940e-2c2c-3e82-8b82-d66eb939a774,4
453dfa4d-07b5-323a-8ba8-387ea4befca9,4
a769b8fd-5992-3f85-8542-782154114fa7,4
bbad17ae-2847-33cc-bd1d-4c22f59fd700,4
3ff9f12d-c362-3971-aa76-a08a92228afc,4
88549e4a-4de8-3d90-8d9e-d71bbf68f380,4
42bc8438-0db5-3674-a6f6-2c6497fb46aa,4
fae8d558-e48c-300b-94b9-42e459338a3f,4
81b336c6-ff6d-319b-b43e-e7638f2afb4b,4
8f76b8e9-8428-3722-bd7c-104705050206,4
808e1285-8c34-330f-86b9-4fcf4c56cf1f,4
3a877ba1-5bb0-3eaa-8461-72261c5e0b8e,4
b4958554-5da4-3593-8c74-a4665cd2dbac,4
e98f8ef7-6246-3c40-9277-a7b51bd8b543,4
fe2968c5-5ef0-319a-aa40-4aea982ba374,4
eee68a7e-b6f6-35e5-bebe-056d4406306d,4
feb028ce-f7cd-3b36-969b-cc814dc2551f,4
f7f13df4-478e-3ed4-9bb7-e4c68db680f4,4
e5e7d6ed-02b9-3e93-b030-91565c834771,4
a3f73407-eb6e-3d7e-bb46-65824ffcb57a,4
9a67b329-17af-344b-8802-a1cbf08090d9,4
f1dfa840-21f3-37f2-90ca-a87cc1564d17,4
e710f444-0d5d-3b9c-a685-ae4f9dc77121,4
53983cee-79c2-3e5c-b89a-3765945dbf45,4
a8819466-8d5b-34b3-a9af-b67078973bd4,4
2be4808a-2861-33e1-9136-0e515e3528d8,4
36baf583-f10c-31a7-beb8-ffa14c6539f3,4
2fb9a89c-f48c-35d0-a99d-02bf31dc0f61,4
cd211ad2-92aa-3cee-8184-417886f8d383,4
437f7408-f36c-3d80-ab3b-c77c5e6714d9,4
92bb938e-fce1-3dc1-abeb-30a0e6656e85,4
076abdb7-672c-37c2-88f0-0d5b183103b2,4
74aff3b0-50f6-39bf-b4e1-fab692b81ed9,4
fddd903f-2555-38a6-b835-63b554a8cefc,4
ac3c3327-e15b-3a96-b68c-b7778bfa70fe,4
a57a3cce-f2b3-3b0e-b2a2-2bf027804a31,4
c3ca473c-9a9a-3f80-896f-5dcedc817212,4
cbcb0cc6-193a-3dc4-8f5f-c5150693ba59,4
cf64bddf-f126-3c3d-8802-79cdb0700d19,4
7618ed28-3c45-3c83-8a7e-0ed4e5dc21c4,4
67336d9a-9f00-3c82-8778-aae975d06eee,4
898b1eca-7808-3ea2-82e7-45bdd118c71f,4
90d1cde5-69bb-350b-ab88-d173bb32e95c,4
24624781-258f-3bfe-aaac-ec1b94a64190,4
7b784e0c-366e-3ae9-8f76-b376b3b29bbd,4
c104e009-6dcf-3cba-9a12-5240a9515798,4
91e7777e-94ca-3970-8af4-dc281aa07c49,4
58a87699-f5ca-30fc-b837-a1546767b0db,4
57c979b4-7411-3a57-86ad-8aabcfbe7c61,4
125b4789-1af1-325c-bb64-757d9bdb26ee,4
54fe21ac-5caa-379e-b62f-d6d233054e61,4
52fe0d7c-54a4-3957-befb-3c30e514893c,4
0d0074ad-2323-3252-b8fd-a6d209ea9a55,4
46a73a5c-ca6a-33db-9421-9f1b03754932,4
1d57dd23-2ba3-3feb-819e-9aa3ce6f6e9f,4
86f4a0fe-959d-3f07-92f6-295900b523a8,4
52545418-ba83-36dd-be30-81043321a9dd,4
c37e1e89-6277-3439-86b1-6c69ad9d2ccf,4
d3d60719-e486-30f3-af18-e375c5a176a3,4
e35a7cbf-ffd1-3c19-bf56-c80cd597f57d,4
353f90c5-35f7-314a-a99d-625a5c53888b,4
4660ed5e-4e3c-3cc3-abef-cb8fa710a9dc,4
da05b0b0-7980-3384-944f-fbe0b6146630,4
288f06f4-b167-3db2-b9d8-de5537ee4c69,4
c723cf14-304f-3ad8-8d98-72879d5f2cca,4
82750706-8205-38d0-9808-125cdb2adc0e,4
8ea5cc5d-7e53-39f5-8b1d-70fa9dd33e45,4
b71f0b24-27ae-3173-bffd-b35fe9f15249,4
4dcf5872-f6dc-3d6d-9b37-0c69aebc010d,4
38615426-8711-37a8-baa3-6c14d6a8b2d2,4
41b0d647-ca50-3e3f-bf19-7b817e304c8b,4
96dc1f6f-dd08-38b4-a936-2dff6571c7c5,4
e757966c-5ebf-3a04-b35e-c642754ca94b,4
6dcf91df-e6db-3528-bcef-a98d388efd31,4
77477bb4-da03-3260-9b5a-ab271f02af99,4
6494b217-c52f-3487-bdcb-5fbd38200e5e,4
aff9904f-0ace-31f1-be6e-8e343b57c0e4,4
f12ec5cd-e18c-314b-a410-19d0b0eed905,4
cb62c1fb-1d86-3394-bbc8-1099b9f4c57a,4
d79fcb0f-33dd-3f68-add3-bd873169bcd0,4
e6c166f9-0690-3a51-9867-10014d676f2b,4
959a2f1b-3fe5-3b62-b214-e8f340197bde,4
d31b9ac5-598c-3773-b750-d32847ad92ef,4
bddcc85b-4fca-331e-acdb-e2323df5e3ac,4
ddf2ecb1-b890-38f3-abc1-c4753299c78c,4
ffade498-d4f5-3555-a69d-033beb3b9e25,4
c4783cfc-8d9c-32a8-8ef4-088635ef7736,4
3a772e5d-9d82-3816-a2cf-491d98548bb2,4
5784bde1-0794-304a-95d7-733da8b28d47,4
793c1249-793b-325a-9cb3-d891a69f1088,4
df70c1e5-4714-3889-a6ef-4302a18acddf,4
6c7d765c-23e7-3411-863a-587dc2d455a7,4
cd92ddad-128a-3293-ae57-e8d49e6955b3,4
077c1859-4a62-3aaa-a061-265b874b6b85,4
0ce92342-547b-3bb2-8073-5d1e37ed12a4,4
baadd552-ef20-329b-806c-5a81c72dfa6c,4
89b1f1aa-d36b-3245-9fc5-cee147f3d6c4,4
59956f16-a5d4-385a-8317-51f8d00be5d4,4
5cfc44b8-6245-3c39-9b0c-41c357959537,4
f8fba22e-f0d0-3554-9dfe-b17dd5e3dbaa,4
5facad75-7cc8-32c4-b5eb-20cbb3e38249,4
7028ade6-337b-3147-87c5-f184d434f578,4
48404bb1-83fe-3730-abaa-68839d4befac,4
bdfa9883-3a91-351c-9c68-b621d443470a,4
ba47397d-0e90-3f68-b4f3-5dd788ed7ff4,4
68ae1e66-6746-3369-9dc2-676f96904879,4
34bba2a5-fd2b-3189-b19b-a0144d9a1d8e,4
0dda22cc-3943-34ac-b7fe-16920dd1a784,4
d108aad3-f1e3-3147-ad28-58148521e153,4
6cc39bd9-c1a0-32e9-82d8-078e60f27053,4
cd257315-7037-31dd-89cf-da453db824e8,4
a77bcf35-101d-347f-9739-5a8814854894,4
fba144fc-0868-3b2a-8d23-89e701f9c34f,4
bd68e0e8-1296-34c0-96c7-d2fd01163b3b,4
b74fc3a4-2d47-31b9-845f-e8eaa91143e2,4
25f65900-7d2c-33ea-84f6-66b60582851e,4
2fd7e05f-ec3b-3285-9f9e-1b17b57b43be,4
5fa19148-59b5-3730-8e92-8bef680f0a4a,4
4e1a4043-f3c4-3acd-954c-cf6eec03e7d2,4
9060896d-ca0f-3e73-8ae7-f45d044800e1,4
feb5e902-ab99-3b91-8035-9201d796c36d,4
2ee2862a-d272-313a-9ec8-e5b2e772a1d2,4
eeebdead-eb79-3c3b-8883-1522004a0b6a,4
6ff75363-794d-344b-b97e-23c4f69cb47c,4
7cf6d7f0-8151-3d2c-86e0-f964e9e48272,4
08a5c4f1-409b-3e34-9e05-7b1db885ad10,4
70409e5d-959e-34f8-81ca-d8b9ca5d154a,4
867fd645-edaf-3532-862c-bf8a3b74634e,4
5effe051-7219-399f-91e4-3a2baaf368f4,4
7b76752f-d4a8-3ff0-94eb-bcc315074d40,4
0c021b0a-aaca-3fe1-8d62-cbd1f67b73e4,4
9f1fd16f-d877-33af-8bba-1796ac98c7e1,4
03eaadc1-e78e-377a-b181-dec3e34e485f,4
8fd3d3e9-88bb-390f-94e9-941175d8ef2c,4
5fc9f7c6-2677-3ce5-8d3f-4c1d8c832a45,4
ebfa4be0-4c02-3641-97a7-e1b99d6ea540,4
d874ea84-0bb7-354a-b4ad-7f0f6abe444d,4
c7431217-b7cd-344d-bd18-aa83598ced53,4
706287da-115e-330e-a021-1373d7cf529c,4
707050e3-c8d6-3e20-8e35-14f0fab86b86,4
d1e782b3-22a1-3855-a93b-d5e7b3870e93,4
3c8e6fec-1303-3e70-9502-c260230ffeb0,4
f2eb84a4-817b-3edb-85eb-7447a3cf4780,4
d29945d0-9ef0-3fa4-af86-d0c3a714c78a,4
61901869-837b-3509-a4b0-8c5583e15249,4
e82e24fd-02b2-349c-96ed-d78cd25e5efd,4
3f6cd7cb-3479-37d7-9b91-cbb44dc4e501,4
542ebc0b-5888-3b86-9430-df9dae5675b1,4
f8a791ef-0a72-3cd1-bf89-aa8ca9234203,4
04e3bfc5-425c-316c-8f40-6cea51ee9f59,4
4e188ade-8db8-3ef0-851b-fb57a1eb50c0,4
e4ba7521-924f-375e-9d45-310b237b9c97,4
b1dea951-2df0-38b7-a4bf-ff74c3c3842e,4
ab058b5f-40e0-326d-94e0-350a5519d2ff,4
6e70e758-6a94-348d-b0e9-bc8426a16281,4
15f06750-07b2-3f73-a18e-55ae01338b2d,4
05e65e48-ade7-3c80-ab6b-821d241e9a57,4
dc795a72-d528-3eef-8881-0d62af8087be,4
70a043ee-b1b5-34b5-ac36-c952e4909e1c,4
db7b13e0-43df-3ff9-b560-d878969355df,4
8365f840-6dbd-36ab-a004-4c637d5b0a3c,4
9faf4099-3cc5-36d0-b0fa-4ef1293f11a1,4
04e9bc72-66b0-3a18-a91e-2f91b57f9662,4
b0d8f1cf-1d39-3850-b374-71c0ce695b1e,4
c9216880-2af2-35c7-ba03-422110d3182f,4
af7411bb-4c0a-3614-8d4a-6fc8938da026,4
23ad9d2f-ddb5-3916-b031-418e5434bac1,4
2971347f-83f5-3de2-8cd9-acb12df8ebce,4
36a601d7-ce60-3c40-aedb-0da32bd06510,4
1bf5c503-282f-3dbe-a871-277636a86aa0,4
d834ee09-6f6e-3e3c-9f8f-7f4f5f831735,4
b5477255-3beb-3198-bb49-c0a16aa562ea,4
3d5ee404-ca21-3321-ba28-2f8ba97a6a8a,4
845fd10e-3053-3b27-8b3a-d7382f7d784d,4
e9fde320-0483-3746-82a8-12329abe4026,4
1a318276-3915-3a6c-a7ed-70b13838ba16,4
e443d7f4-9847-391d-9b5d-8c6d5018b844,4
6493ae61-21d6-3a68-a282-3788232f6a23,4
cc9fd967-be7a-3c92-9d19-179aedf740ef,4
a16dd34b-d2e5-336c-92a4-c412b8bd8186,4
478193a7-23fc-3017-8273-d3f8c5682a66,4
e5e6dbab-4d38-32fa-98b3-e88be19ad5d1,4
c5c4ceb7-e300-3de8-b514-c1fa9f1b7c5d,4
92c99da2-5208-34dc-bb62-2c4f1e800895,4
ea0f762a-1c47-38f0-97b0-420d162c44f5,4
da9d4d18-2b26-3eea-8d40-06a7e958b8e8,4
b4b33018-f013-3830-8997-0e9968aba91f,4
da52da77-fc06-3a26-9693-87a0efcf2954,4
9fff5285-2869-3631-990c-266a9c16fd0b,4
5cc8a809-f816-34c2-aae3-7ef155f74e05,4
ef4aae22-95df-3127-8def-9f0fb3f2d0b2,4
5d915346-1bec-3dad-a3d2-af557c778ac7,4
09b6562c-a31b-3264-9c1d-84bd7b9b2845,4
7b08d6a7-b6a9-3dc2-ae6e-ec17e002bc4b,4
0c9afaf1-818a-3bd3-a9e0-c083701bdc65,4
4286f900-5a86-34ea-b544-731be720e0f3,4
669b0f43-32c0-3cc7-8add-d1e607822600,4
52ba029b-965c-3237-8a81-828a967b9310,4
2a05f605-c1c0-3dee-b802-11410dcf8c4e,4
d94d8afe-2471-3777-bbce-0badf3f55b0f,4
c913cace-e793-3446-9433-25ac6deb1cec,4
5c42bdba-2212-35a1-af1d-5bbb648f5771,4
72a9cfb1-8003-3a7e-9377-65523048d851,4
5c066fc2-a733-3692-98c6-ce444400d051,4
e2ec4ae6-8da6-34cd-8536-ac541ee63cc9,4
0a13b44a-6a64-3b7e-b49d-5270b441f136,4
b8b554a9-3cca-3878-bb61-5f915f14dabf,4
e4a620d0-975c-36c1-8b90-a9462fae45bf,4
1107fdf8-af37-3855-bed4-0d7b266e736f,4
1b91208f-e28e-3a25-8990-717aa7f9cd74,4
89d368aa-7158-3936-9fce-605dff77fc94,4
db499050-d143-3b98-8d80-4017bb371a24,4
bc246819-d0bd-3fb2-ad32-c80c307b8050,4
e8013148-2217-3920-aaf6-0a04f66a810d,4
3f3fe154-c8db-3d80-8818-3630a9c4a806,4
03a04147-dc26-35e6-944c-3daaeb5b0097,4
13603714-221f-3c78-b0ed-dbd2eff4f4e8,4
3b3a5002-daf5-32f5-a653-e62fc59ef4e3,4
6cafb353-533a-34b2-a4a6-50534e8647f2,4
339f2651-70f6-36e7-87b8-e7c33fb6598e,4
bc48ebd5-f262-3a0f-b6b8-58bc9612efbf,4
a65887c5-03db-362d-97b2-4fa7370270d7,4
9036a39b-f451-32ca-9e09-e25f85e5a38d,4
5ec0d34d-649b-3df2-a2d8-de4d7b3aebe7,4
4fa6524a-b208-37eb-9d29-5f711062c2fb,4
a28357e4-e2b2-3856-bfd4-e1eb42da9376,4
905b7227-e47f-344a-a852-8cec3fa08d3a,4
4619d015-bbb7-3b22-a406-d04ce7d73f24,4
c81ecf5e-ae6c-3137-9c59-b95905c0ac5a,4
598f7b7a-717d-325b-823d-7084ebde377d,4
fcfc4aa4-0551-3b9f-bce2-7de08b7b2fa9,4
ce9148cf-83cb-35ff-a62c-7c7a8ed971b4,4
49a1ad74-8b3e-3027-91b3-db1bd264c765,4
11293381-db85-36cc-a720-c6d43a566bcc,4
91f60417-6b28-3913-b445-7614619abb0b,4
fb8e6960-673c-30f5-aa84-f408fc2b485f,4
eac9f512-f83f-3670-b696-f41e415453b8,4
2c20b603-3e07-3abb-b03f-a8968a80dc61,4
e11e6d90-c467-3d60-9821-6edcba1b450b,4
b2645787-6a4f-3300-be81-a3eca34640ef,4
660cac23-ffc5-37d9-90a9-30b7167bea39,4
19dcd095-5acc-3f80-9b89-827450d5bc10,4
0b2426ee-6fef-34ad-86b7-15696e81c1e3,4
f05ed6bb-2f1a-33e6-9a58-afee050ac2ad,4
1ade1800-b4d4-35c4-805b-e01158d1da67,4
a2f7d57e-58fd-3179-8839-5d1cfbc39b80,4
75825b37-3836-3da6-ae7b-ade41d68ed6d,4
b83db790-c2b4-3522-ba6a-db9d516ddb8d,4
617fff53-57df-34b8-9e09-532921d0e827,4
58fb35e0-d901-3107-9ebd-a700654094f6,4
ac5f15cb-2cca-3805-9673-975b5d3d855b,4
08357047-2572-30ee-8f69-058e7dd0cc77,4
2ef21bee-ecd5-3234-9cff-ca993aebfe42,4
4e828ae2-c1e6-37ba-8a41-bb8587a1b3ae,4
e2103b45-94d3-354f-b596-6050d0d7a132,4
0e4eafbc-f212-37fd-9b47-faf2d8ca0b68,4
ea578a84-7d59-34d8-8937-c4cf4cb264c4,4
1917502b-1cf9-311b-980f-c61f7e9fe8da,4
7196726b-0f1e-39bb-b9d4-b1a8fe2a7119,4
e9ff63fc-e9ca-3558-be0d-150d7748bedd,4
8700bbd8-d31e-3314-a883-ed079337020a,4
28872859-003c-3456-86e2-1df878c9aa84,4
034e007e-7c3a-3b43-b0d1-c295b61351cb,4
ae6c07d0-aeef-3d99-8691-9ead12c90ee9,4
e45a2b89-357c-38df-9de4-6cf47ba83875,4
5dd2213d-9aaf-33a6-8a4a-26227a4b4fd2,4
982d7864-6fd0-3feb-bd60-ff7eff896bc6,4
514b69a7-5a3f-3aa1-9788-881c58845b55,4
98bbe000-72a3-3d20-a8df-60679f5dea7e,4
09ed72ec-1c63-312b-a442-ca577523f8c8,4
a2409e2a-7d13-3c9f-87cc-8315b80be7de,4
462aa645-9298-31e0-b8e4-a04b3407d0aa,4
6c77925b-8be0-362f-a04c-4b4d0da7b407,4
5cc6e3d6-a7c6-370d-8023-088cac858511,4
25687ad3-67af-3671-916c-6862fc91ebbe,4
3c767005-9402-3962-a493-9bc7e3127385,4
bd64047d-93a8-316d-9a30-90f08960e3e3,4
88c11f7b-3b13-312b-aa8c-59642d9c3d84,4
97df4da3-2232-342b-8693-f789bd4e250b,4
1949a948-1ff8-3ec3-a679-8738eecfa68c,4
c91f5b08-0cbf-35b6-b584-3f35891042ab,4
7b056c56-838d-35bc-b5c4-9886a278b4b9,4
4d587104-55e0-3ebc-acd4-c5a19f4e3d2a,4
9727f0ea-6911-37a7-9cc8-e4a816208a89,4
47f18f87-37bf-3aed-93d5-a689a4baa7d2,4
617e5e1b-9174-3395-916a-9d6f445346dd,4
88d6f7ea-fe47-32e4-a880-d0724eba081b,4
8a40cfb8-ed87-3d20-9449-d5f81d2f4307,4
2cc193c3-5483-3aa1-bc71-7b8504b5bbb1,4
257dafb5-28cb-3dd6-b3e3-b50fb8c16494,4
98fc0a83-aaaa-3175-b949-73ef7ec966ad,4
f2dd1252-e095-346d-a770-badb05a44d39,4
ba01485e-8c88-37d5-869a-154591c16748,4
11a007c5-9d75-3fd1-98e1-bccb5ced4be8,4
2027f641-ddc8-3232-b0c5-6aae329b548e,4
05063864-0665-3b17-a77a-e0e727a85890,4
502609cd-4ecb-3c70-83db-bf30153e05e8,4
70e1d7d2-19ea-3c8a-be5b-14880cca3ec2,4
2b1d7b2c-6b3e-3e30-b7db-df8e30b462d3,4
5fa5fe0a-0b62-3bdb-9c4a-f036a148039c,4
53f7ba2e-2eb8-3a11-9416-2e2b8127fa4b,4
72b5a8ac-336d-3596-be74-1268a3cf7988,4
ea183aba-1c5a-3878-9089-ec14dd7be4c4,4
8a52965c-3972-3d3b-bda1-f0d87712c27e,4
06aea358-78ed-3075-b833-cdef0b26f7b8,4
a82e0e9f-5d32-3485-a261-e1e90c50f7c2,4
fe7820ae-ac4d-3c56-9f81-f16e028e80a0,4
e91da659-a4f2-3e96-a3fe-562a20f1a155,4
28f4ad9a-199e-3497-acef-25479d558260,4
5f581248-d23b-3dde-a188-c700702bbedb,4
dae68794-a5b2-37b9-8b18-47e32cc93e93,4
59569954-fc8f-3931-9ef0-1525828f0f6f,4
8c6ea852-8f72-303c-8e05-b1798e0273b8,4
83ea0103-deb8-3938-b3e4-bc7a2a011aa3,4
f38a9fd2-2316-3097-aed7-2c6408f1b63a,4
8e579638-9c61-3501-ad66-6ef8a32e87d5,4
fa79c13c-7192-3723-94a1-b4ec6d42f5da,4
1a21971c-0a78-3fd0-8b4b-645f8efa4a99,4
8498f855-1266-3349-8d39-a6837b60e276,4
ad0c369c-4a2f-3854-a84e-570b884b941f,4
003dd5aa-75d9-35e0-811d-b3fe6c2a0ce3,4
d30db0d2-bd21-3270-b2db-ac52136f7618,4
59c35a9d-f07a-38aa-a38a-6ace28d6aea1,4
45c10ec9-26f2-3bad-8f9b-53736e2186a0,4
baaf37ad-51a4-3869-ac90-629b264b3060,4
2da685e6-e59b-3429-b9a0-e9972d454f17,4
17eb85c3-8e52-3ef9-88a1-0e33d2dc174d,4
bd70708a-f71f-3e2c-9aa2-b22dfa186eaa,4
f242c5a7-1127-32da-8f6b-075a1376da46,4
c9fba717-5b7b-3929-810b-26ae75895959,4
517246ff-0cda-3077-8b6d-e1232868c5cf,4
19455be5-1e56-3a4e-ab22-0640262378cc,4
43f978bd-d0d9-39b8-8637-0fb6a76001ea,4
a8f31efa-2412-3f73-be6b-d115d7ba4c0e,4
353b661e-4390-31e6-ac11-87d0eb00a644,4
75559687-65eb-3f33-9620-65d9215c2f4f,4
939421b5-0dfa-3ebd-88d9-e5a7e57881cd,4
43cc320d-662c-355e-ab48-9fff3e4b5733,4
e0c48d07-fed1-38a9-827b-dfdb6c44092b,4
8c5e4abb-34d5-3bbe-8211-a2cf169c919c,4
680ec571-0838-31d2-8d9d-c7346dd2ecc6,4
ae13fd19-57fb-353a-bd68-fa85d69f3235,4
32cc1b80-2ede-3303-ace1-0f14dc76d6b4,4
29648d34-e6b0-341c-9bf1-b3d3f1e9a5b6,4
b242ff09-edb0-3bbf-b3a4-00357aa18e2f,4
a9c4a6d9-a3cf-3555-963c-fc09f485c069,4
ec3d742f-4203-3e7d-9a0a-d12c14daa41a,4
f8d35cde-c12e-3f24-aad9-01582f3fc3e4,4
50c3650f-335a-32b1-907f-10c6ac9d87da,4
5b5f0e0f-6591-356f-9934-c1a31759218b,4
db32daab-168f-3b4a-8336-1404ab9b78cc,4
940a4ccd-5926-3b69-b65e-2230405821f5,4
c68c593a-b512-339e-b0d0-7815a7def705,4
b6d7783f-bb96-3c95-84ba-d3f4a7ba204f,4
82ce7ac9-2e83-3ac1-beff-09ebf76a7cad,4
98990063-a84f-3f01-b1a8-6c29ffd97e52,4
c31414bc-1bf9-3dbf-9235-8b6bef3fb5c5,4
a2011254-079a-3a23-a534-709d42b76a02,4
ceabcb66-5c61-3b0f-bce9-533cd70ac8f5,4
1ec44b1c-9699-3346-9467-370b86d72bb6,4
7c87a01a-df70-37ff-9623-73f09f239ee0,4
4bb1c38e-7607-3dd3-bf46-d3a13e3328e9,4
0cfe9f16-91e6-3c6f-8804-401f3a960679,4
01c75bf4-e6fd-3d14-b2f2-3bec48c3bbac,4
c3ee3b50-d95a-3ff1-a31d-5eba3da08c0f,4
dd9f159e-e183-31ce-af09-9e17b28353c9,4
292ebbb9-cb09-3f0c-92cd-ef4599c40263,4
44394803-5ecd-3262-a7ee-159e0dd554cf,4
8a5ed9ed-dbcf-3201-b908-56c9da847b7c,4
b3262706-d062-3a84-98d8-e48dfb87193d,4
f71acbe5-b9ed-3f29-a327-cf2262ebcc4a,4
c9e36b07-c8e7-33f5-a6f7-e471b082fbf5,4
28d3e4ba-6a47-34cb-b3c6-d11aea29a969,4
778f18e7-494d-35b9-a349-434e7f1b24ce,4
f0d8e28d-5487-34a1-b34e-5f5cae6b6101,4
708554de-b626-32cf-a5ca-36a101e49110,4
2c71576b-0762-3f69-b908-04a0be975bae,4
1e1fb18a-2668-3530-9b21-74d6909990f2,4
02aa1d9c-4fbf-3611-907f-20aad9c9793d,4
fe9d9e28-6673-3d41-abb9-683afb6bca77,4
9c179eaa-37d7-34a8-82a8-35994b711b2b,4
d76f6ec1-9fa0-3689-b0b8-d815406f5e6e,4
1e66b42e-ba86-30c7-8524-15d1ceff89de,4
d270155a-61cb-3d58-af2f-cc318c102665,4
742db9ce-69b7-3074-9475-1f96a741e255,4
9438d199-8cce-3631-bbed-d95874642697,4
5f25d22b-25c0-3200-9b53-0ba1131e4940,4
f3fdf111-a068-30da-a468-7303e6fbf478,4
899b72a9-4598-3b82-a9f3-fb8f97a683c6,4
a55240ac-5f5d-3c8c-acfa-252dde805ff7,4
abd24508-bf82-392e-869f-419338556af3,4
f289a21a-6e8d-3030-ab1d-5f4892e8989e,4
1290a780-4f48-3a51-a827-96b32ed2bc61,4
3e1c54f6-6461-3511-9730-8cc0c95c5322,4
a078280d-1924-31be-a7a0-168058ecdd4c,4
ee46ee0b-f190-3592-adb9-302da9ad8039,4
f9843982-97f5-332e-a90f-d774c2c91209,4
09d11645-95e9-35a1-8b66-9452ffdc0226,4
79a65ec0-5707-33aa-b80b-7f5e79a7be7e,4
7f6d0c1a-47ff-33d3-b0d6-1cad19605f98,4
1dd0ae4d-802d-3e33-a2d2-e2e83555d580,4
2009a021-6324-35cc-b221-21af4ba1ebe9,4
1385b05e-1f7f-3b63-aad4-f3704382fe77,4
1d0c9bf6-0fcb-372a-af32-50cd168c71f7,4
8ae3ad78-1e22-327b-b373-162e33bcbf6e,4
ad4050bc-9293-3920-b648-d3a5fbf20c2f,4
ffba4426-3f07-3f40-84de-afbd7648e9da,4
2aa4c866-ad6f-3285-8962-278f3073dcce,4
2fc313e9-79e3-3d15-984f-2e3986295c7f,4
a4b06b08-7913-3003-8b65-da467fe51a85,4
b5dccf3b-fea6-3b45-834d-2532ab74919e,4
70d46177-a746-3d11-a502-2474a15d1eaa,4
6ac897dc-cd68-35d9-b7bd-6aff9b5d567a,4
d6f38f46-fe42-396a-8429-33338adbd19c,4
96d4f900-e591-3c66-838f-4885f794ec2e,4
89b10dcb-21f0-38a7-9c84-4931dd1096f6,4
1601bff8-4698-369a-a249-ccab4ee23ccc,4
573433ca-7c03-3242-b82c-424bc76d6777,4
1bab61ac-ab1f-32dc-91e5-e9530bc86ca3,4
f91edde9-feac-3610-ad87-3e3369886a2f,4
3f14c79f-ae71-331c-9cb7-27eec1f9f090,4
821cec6f-69b4-3bc4-86ed-141903aa71af,4
a48ad7fb-1519-3421-a8f8-c8ee37c041b5,4
96433150-1bbc-3436-b1fd-73158ccee5b9,4
97b06bdd-cc6e-38e2-822a-f28bfe1d5001,4
af8fd6c1-6686-3799-8aa2-35b70ffa1f84,4
5abe6fda-f0c1-3cd9-9e8a-9d7528a45d53,4
867d3863-1ef3-3a4b-a62a-7e355886d1fa,4
62c6ac0f-b6a9-38b2-93c8-e5540091eef3,4
6d1e1ac5-80f6-306e-8779-7a1fae83594b,4
ebe63d78-14bc-3a10-8c7a-e0671838205d,4
0bd0dba7-81cd-3bbb-aa65-c010d0dda2ad,4
96d91c2b-1512-33f5-9c9b-9a501d936203,4
9ce7b21b-83c5-3c98-8b0c-44b1231e73ee,4
0ef94e5f-971b-32b7-b66f-3967cee87b2d,4
8edd4f14-3cd8-3511-8ab2-b1132d1bb1c1,4
f5924cf8-dbcd-3cfe-b608-f191ec6edb01,4
11211499-3e53-32f7-8dc9-0957cac91b4d,4
032a2fc6-ab58-301c-8c5b-d6ca6244d0a2,4
03482fbd-5975-3a07-b4d5-f9b8b62b050d,4
01d11a2f-55bd-3c78-8be3-5cda262f526c,4
69014b22-e091-3fe2-b8b9-e7bf219aa9ff,4
38e5236d-85a3-37ef-b8d9-aca89b4a384b,4
d9838c65-5476-305d-98be-2d007e716cb6,4
581ec576-020f-3bca-b005-d5e6cfb75226,4
8fe03276-0a0c-3174-9524-379be416d2c8,4
af0019b4-8111-3e83-a59b-7e055fb19c15,4
aba3ae3f-04ef-36d7-ad23-5dbd5fca8643,4
00a27036-f9cb-33a2-9f38-d9237aecde99,4
22556e94-e9c5-3a7b-a135-57d6892d49eb,4
6533f58b-1a6f-33c4-9fbe-9eb808461434,4
ba3fd0fd-20c9-375a-9604-c7d69e696c73,4
fcb0838a-79f1-3513-82f3-839e50e6ca40,4
424dd763-1b32-358b-9d91-1fcea7403886,4
2acb6739-9aa6-3d90-b50f-2076d2c860a4,4
d64349ef-ac45-3f87-ba9e-df34e715c1f0,4
5aa6a9ab-ecb0-38d5-9ba0-2d5ef33b05c6,4
6b4a89bf-ad13-30b2-8c69-6dbffc7cf5ba,4
4a2c3527-fe25-358d-b9bd-b5184683c7ef,4
45e16f2a-0777-3518-9090-0372190168c6,4
ef8ddead-ded1-3287-bd8a-4dca3eb9015b,4
f2636e73-3f74-3c64-b53e-19797c6d3a5a,4
423af9f6-7b4c-372c-a537-8a0b9bc781a7,4
9abac7c8-8d8d-3125-9197-c0f439466e41,4
30b08230-4fc9-3518-b7fa-42e86fee37af,4
a3538af1-df53-3e3e-a6df-3a3eeae4d469,4
db7c6a5a-df70-3836-9ad1-063066799246,4
eee7160d-9483-3130-b4fc-5850f15ae438,4
17f07999-edb8-3221-ab5c-aa4defe3f588,4
6ce5af7b-75fa-3c9f-a635-e06bd15598dc,4
0916773b-7c90-36b5-b533-10ca8dad42f5,4
f0d2db08-7125-3184-83c1-071e634ff7ab,4
b91983ed-a3d8-31d2-9c44-c60fbf6dcb49,4
bbb28b40-cbb3-39cb-8272-14259ce57872,4
2c70e01b-8a2c-3fc7-a983-589d130ab58a,4
3a24c11e-02c1-396b-93ef-87dfb7fec766,4
1c758ec4-f915-3957-8820-2aed04d4eb68,4
f08359e4-31f8-3f9d-872a-58709bfb1440,4
35b50cc2-51fe-3843-badd-9c7384a09255,4
2526ee1a-1fd9-3ed3-8d23-baec908d921f,4
6fe049ff-5898-38cf-b4fd-c49953e56505,4
cf02b3b9-b7d3-3b82-9e4b-6fcccf983a8c,4
cd1643cc-1a29-3506-9799-3c1774a31e04,4
23ceb813-741e-321e-9802-7bb3cd7c3fa4,4
7ad38541-3a68-37b3-baea-e9531de82d32,4
3015a7ec-9aa5-3e09-b621-86d8068c0fa3,4
a168a263-4ad5-3c67-bbe8-15259b9aedf7,4
7cbfd9f4-342b-3bda-a4af-e9398036e8a6,4
b9fce437-b2c5-3237-997d-9cf9dd4d52b7,4
2d779972-9a6d-322e-92a1-0d8e5bd3e38e,4
fa5ad715-9c89-377e-8909-158b7c8e163d,4
53c4c9c1-9463-380b-b68a-46fb9ec47b1d,4
b918fbea-4c45-3381-995a-29e02ed0cf60,4
f05e6877-b948-3076-ad29-853b41af5a2f,4
a9197e19-bd8f-35d2-8bf9-5b7b342e5190,4
77346587-9cd0-33d0-90e9-234e38212326,4
c32d92c1-13b6-3250-b760-9f02bc19d338,4
3a45c2df-2409-3b17-9c70-9054f1dea537,4
50d22efd-204c-34af-9246-d67ee875aabf,4
ac112cbe-fc95-3754-9acb-3ca080fda601,4
b5550431-7029-3c15-9146-1b6dcb6d4874,4
cc65b5e6-4e2b-31b7-a357-eeaef553f9ef,4
8a4b0cbb-d4e5-3cd4-8e04-387b5ebc2277,4
73e8f4df-8f6e-3b1e-8c43-cc801cc077e7,4
78b6c56a-54d2-3751-ae4b-e9fb46e85375,4
aabbe46c-903b-3868-8cf7-c481c95d4b5e,4
d4dd6e5c-aabe-3e1a-ba09-0b8e8aed4b6d,4
1c27c9b6-1ed7-351b-b999-5e30f5551cc3,4
5827f0e1-2687-3244-bbd7-fb22618b1ea2,4
6b374f3c-8a66-3edb-a7e1-b35b31eafae9,4
b1aaeda2-2959-39b4-8073-3bd5737782d4,4
773d7fd8-5643-3e7a-bb10-a1cd02beefaa,4
6e5e23ea-9e1a-3830-8ee9-305a9b99cae9,4
3a0ce78f-480e-38f6-9bd9-675d550a13d7,4
3ac63ccd-7d4e-3ef2-a1aa-72bf2e473a82,4
bf03748f-0e0c-3a6b-b375-83c9b0c8ddf9,4
fbfba11e-ceba-3a33-9f8d-f27027501110,4
0e65f6f1-2541-38d1-9039-9d9980064093,4
d599c793-19f4-3dcc-92a8-5b844726761b,4
5e729f5b-e70a-3bd0-b6e1-44cd935a935d,4
538436f0-a292-3a2d-a392-0a623bc516fc,4
c3fba9a2-21e4-3630-95ac-23e48bd7b54b,4
2195af61-0a78-31b9-8502-a26fe6fa6480,4
84aecbe5-1f9e-35df-bdfb-a697ec716912,4
09a18bdf-4f5b-31a1-a3a1-d6391126feea,4
3b832e01-ce02-3d54-afc1-f7f2b3cfb3a6,4
5896d856-8764-30fa-b1ce-2ac89681160c,4
2554aaa3-4e3d-3bd9-bcf2-fb8228b58de5,4
04502706-1cc4-33c0-8139-75301d531577,4
932d5158-1a3f-3081-aaf9-4c3a790ef8ea,4
12c0b13c-bbd2-3c0c-9732-050cce4f7a8b,4
13b19c98-a89f-34fb-ba7b-4a2788b276d2,4
c7cfebb0-1cd7-3209-9a0c-d06583add445,4
6d1edc42-b131-3c34-a6b8-3ef76bff2f42,4
c02d1292-20a5-361d-af88-8eae439a5eb0,4
322dd65e-32e6-3ce1-a298-53aea5aef743,4
a83e9ac8-06e0-3a95-862d-231b9c5ebef5,4
4347946b-0048-3e56-97d2-85bdd138aa81,4
3fb8d382-05ba-34da-9bd3-bce8254b030c,4
e7132b8e-f201-343e-a47a-27be62804f20,4
2fe3a4ba-d647-331a-a93b-3dd8d6c0aab3,4
394e23b9-193b-3585-929d-ed2e3ead2a09,4
91da6931-fdc5-3623-aeb0-45f8ba2ebd27,4
06522b25-e900-3012-b3e6-5304d4b8afa7,4
88fca7cf-e5e4-3817-90ca-1e2a0030761e,4
2d6bbce3-4aa3-3409-969c-02f8ee7164c7,4
be190ed3-cbf6-34cc-8fa1-df96da7b80ec,4
7af0dfc0-08f5-3558-b2fe-b0a7d1ab4251,4
1fdee6a4-8e28-3486-bbcd-61cb1d5feb27,4
efba47b7-10ac-3121-a6f6-dd9909b8e59d,4
88eef5a5-6781-35f9-aa61-3b0a6a19a5b0,4
c5c8fc6b-f714-3609-9fa4-cf2be3ccff38,4
d318ded6-e52a-39a2-80a8-792319d89284,4
4af8aa39-e98e-3165-9720-10bac917cc73,4
00476ce9-2cc2-345d-9b3b-d04d4b7b1d2f,4
7ddf49f6-eeb0-3c7f-914a-48d5cb187782,4
856a5f1e-764a-3317-aa3e-d4364118766c,4
d286e23b-94d0-3495-92d6-f71dc0c522aa,4
9c64a83c-3c77-3600-9f96-e67deee58e9c,4
d5489df1-1745-3ff5-abd7-597cb9d00456,4
90c6fed2-2489-365e-9c91-658b320588e2,4
bc2c1414-284b-3c18-aff5-be0df29b4ddc,4
d07ab2ca-7edb-311e-973f-ea6ce363c1a1,4
7d48e359-09e4-37dd-bff0-d714dbea891e,4
50ea327d-a52e-3973-9fa9-2c52f8040494,4
09f78fb0-c331-34b9-b3b7-d4a1f078b20e,4
a1e05403-a7a0-3cda-815c-3af0146b92fb,4
ebbc2019-bc77-3e0e-901f-e4ade7ed2586,4
2edfd1b3-9904-3d88-a5f3-ab8a2bb5e709,4
28cd4ebe-0f55-3158-a9e3-56adb0003520,4
d80180a7-8e40-3796-8734-43a8d2e41a17,4
2edb4028-898b-3eb3-9e1e-c79165dcfd93,4
e158ead8-c822-3c80-af05-b453a923f16a,4
ae327512-f12d-3a14-b976-8770bef17f5e,4
092fb59a-dc4a-3351-810e-63a52f6c3561,4
7599e89a-42da-3ecb-af49-6313b0b671e5,4
491968bc-4caa-3945-b75d-700739c34193,4
8326cbba-4a78-37a2-94f3-3146b386fd31,4
bbb97eae-2ee0-3267-b644-4a502513cb0b,4
c82f64d6-0313-32d2-ab4c-47f3f5ad95e0,4
2b63702a-d946-3a3e-a4b0-898d6af40448,4
92a7031e-0ba5-3399-b51a-981a603e5a8f,4
1a96081f-c9cb-32e7-9320-51e48d25120f,4
38aba48e-c91b-3af4-a2f3-219643609bca,4
30bcd905-fd93-3a26-a9da-112463529ad1,4
9ce7a218-0de7-3ea3-9605-f5cbe2c2a298,4
3cdf9944-4531-3bf2-bfd2-7e3c5c1acc0c,4
89279d38-4d76-3468-adfd-0f136d23c5cc,4
f98b4f3f-e64c-3f64-b6a3-5343be50030f,4
18376bc1-f99c-318b-9456-b9a34f31275b,4
91b99c04-30ac-3069-a433-00d316b318c8,4
aedbbb24-10a6-3086-a9b8-3ada9bd00ce5,4
5bb6e973-4287-3696-b100-e38332aadba9,4
9c76c027-922d-3c79-a139-037452385a18,4
6659417f-e5a0-3fdd-b7e3-493a5867e1b3,4
977aa858-2fcb-3c60-abf4-562b60a0cff6,4
17ff9679-2fc1-375e-b85d-ed4aa2fe040d,4
4fea719f-a06d-38b3-a330-87f1eec0b9ab,4
f346b60c-9212-3862-8e26-9e33dfacb025,4
b176860f-8177-3dd1-974c-e04ece363c9b,4
a7a2ced4-516c-3823-b461-1de1d4d9a841,4
95beacb7-0dbd-3e11-b597-b3a029ec708d,4
f35b8663-bed7-34e1-a086-1777c0496be5,4
aa2eb7f4-7b06-34ee-9f96-690b9a39530e,4
814ee10e-e5bd-3842-a895-eaadb43d73c4,4
f8dd6fbe-f472-37ab-bb48-42ced178a942,4
52d7c1df-7dc4-3e1b-91ad-3d5552df338c,4
4bef21f3-48c0-33eb-9505-233dee067cff,4
c1c3b9e9-3163-37d3-99b0-0cc19677a4f8,4
786bcdba-affc-3383-9bf2-d0bc2bf40fde,4
eab089df-22c6-31d5-8da7-4ceee6b41f71,4
f1887fbb-a07a-3b0a-bf56-bf3a806938c8,4
a815199e-b51d-3f81-b329-5d0b88a08341,4
b2e852e5-6c15-32ec-885d-d83ba5fbe1e9,4
252b9fa0-a45b-35ea-a12a-8c58e0936356,4
62462a4c-e59f-3671-88e2-3611203a3eb6,4
eeb2bd37-f086-3dde-8a5e-16fa8209c67e,4
6af2fdd1-ff00-3e9e-a2a5-286629d62f47,4
f36c8021-7125-3aef-a6e7-0c29fa947716,4
b7f47c94-d2ab-371c-b400-43ef86e91314,4
d395bd65-da48-351d-ba70-690608273cb8,4
d8932053-08d4-33b1-b4b7-0f52e880ae08,4
7ce48512-6d18-31eb-9f6d-c7846732148f,4
64149a01-a8d3-3101-aaaa-b13e3e0956eb,4
a959bacf-1b12-38aa-bc8e-effad00a81b3,4
aa644933-9777-3112-80f2-7ca73c9e9f6a,4
0dded453-cff7-31f2-b167-2f3820f621fd,4
6614194e-91d4-3e44-989c-c193f8125b2a,4
e874350f-f781-3d4c-9dbb-ac10755e9e2d,4
1fb45e43-15e8-37d4-b736-15bb6ad7b146,4
10c068b3-0bf2-3470-a5a5-9c8c6c592d1d,4
6a0f2a8a-11ea-34d9-810b-5ae3316339ad,4
f10e4702-fe74-3cae-8abe-8bc78d24fb3b,4
bbe84aef-c088-34fc-99a5-fe91de42dc86,4
40fea29d-3c85-3e5e-a31d-a16b53423dc5,4
7b4f873f-7044-379d-a063-2f919bece94d,4
237d23c4-2a3c-32d7-853c-20354d6a0d0c,4
ab163855-9251-36bb-aff2-fd7bd5fa813a,4
176b06a8-7acc-3e91-b0f2-08e9e60fabac,4
26c20380-bfa9-3436-8f39-9f223ac597b1,4
f4aa7796-8fad-3a73-80a9-2e9602ae4714,4
83c98c4b-695f-39d5-b8ec-6d712b68ffd3,4
bbd8739d-77d4-3d2b-ba92-3cc02d622eed,4
056e37e4-4125-388f-a3eb-c80993a6b906,4
137b5663-be90-3511-a494-e7841ae6b791,4
8454f036-f6d8-32f3-9968-d99e9616dc03,4
3345670d-0eaf-3a70-bf8b-7c3f571fc8fe,4
57e9bf52-8c68-3553-b9ce-7b9f75c491f3,4
d6f4930d-3499-363d-b92a-c911f1111819,4
7cb85966-be89-38bd-baf0-c8600ce0041f,4
6a70fa15-633a-3c3a-a4cf-f74f79a5c399,4
c8bd354b-1b4d-3f18-93c8-f5db95c48011,4
5aaa283a-1665-339d-8427-874523d63fd4,4
624968ba-a97d-372f-a34f-87245a997c60,4
68740313-c60b-3748-a240-d24e5acf9ffc,4
767dc63a-1230-3dae-a2a1-36f28ef70db6,4
831399b1-422d-3192-8891-b6b4e257d6ca,4
8e1b94bd-35cd-3c56-a33e-d7061cec1345,4
6ccdc4c8-f299-3913-a127-e7c9c798b5e4,4
fe911c9e-00aa-3a67-a541-8a7ce746a5ef,4
4856a07f-7ff1-335d-a942-5ff4cfbf49d6,4
cddca4d5-837a-33c5-a26e-eba9c600ca9f,4
2f529322-5da1-37ac-a4cf-77e0be313c1b,4
2cc784ef-e5d3-3cbe-9e18-03ba09e472d3,4
96d946ab-c14a-3b99-8e88-99e62a1c449a,4
a3931857-c062-394d-b8e1-fc1060255d17,4
bd4e09b3-2efe-35d6-90de-9c2270e0d978,4
513fedb0-a1f5-3e2f-a641-06102aa46bc6,4
1d4c3405-cd32-3842-ba90-95b927c8a3de,4
1bfbf811-a930-370c-a12f-5e4db6725689,4
bee22a14-bfa8-37ec-81b6-4541e600604c,4
ac03f496-df57-3ceb-9f5a-e5bcbaac7b38,4
9954fff5-edbd-3572-afb9-309e6542f999,4
4c6a84e4-3f0c-39e3-9b10-fef9a7668ec5,4
e3133f74-6a05-3900-9739-62480b9bc4f2,4
bf07dbf0-febd-3358-a7d4-a124135435f8,4
6250b199-47e9-376a-9d05-9cf2c6d1c882,4
87c9df2d-992e-383a-b54f-6f1196705c10,4
7ce78d3c-d601-3127-a2a7-de5f13f7ea90,4
7c5a4d67-eb8e-3994-bbae-b9827913dadb,4
86178713-1745-3cd0-b5f4-7321f1bb8c0a,4
475ed89c-083a-387b-b324-8ff4357fe3dc,4
dd16d7f1-8ee1-3d27-89c2-37c474c45c7c,4
18cb081e-73d6-3eb6-a1d1-271cf1bf350e,4
6c2f4bb6-98e1-35d7-9f38-b30bef7b6989,4
9ca360f5-c4ac-3132-bc27-06592531e654,4
1b5fd3f8-83fa-3296-943a-b20ddc1faf1c,4
9ee54229-fd02-39ed-918b-fbb0e1e769fe,4
7ac4b597-5939-30d8-8a4a-02df15df31c6,4
b5bb281c-4a0c-347f-90c4-ee9cca431632,4
6468314c-e149-3902-9c48-1b756c23baf0,4
bf0c7be5-b981-3672-a82f-d23f5bf411c1,4
d0458c24-1cc4-3a2d-836c-b79e50e517f7,4
019d3180-b06e-3034-8b2c-5a927efd0f11,4
d61dc60c-0781-3755-b495-93c182388696,4
3108dca8-de10-34a1-b90f-b4bc67d95d9f,4
d0e18ae0-2ab7-31c9-a94f-a57a28bb398b,4
84fb0f46-51b7-3909-a816-d3e6208a07da,4
d7396120-5368-3bb1-b0b0-a125f7a594d4,4
41f0331d-8c9d-36b7-9e97-4a2e558a721c,4
a00f70a4-66ca-3a20-8f13-103b4893cb5e,4
bf2bf991-fd9d-3ddb-ae21-9db2a18d741e,4
3d99cbea-b983-3a78-8962-15d22c08c452,4
2cd443ba-e148-3d4e-95db-a58f3574e723,4
14f53836-f1fa-33d4-8f3b-75e9c58ecd5f,4
a8a99320-b101-3fe5-ba22-d60b125ed9cc,4
028b16ff-a202-3a7b-952c-2c699591c7ac,4
ab0f03ab-cbd2-35db-af7d-a4957c4e6136,4
ab629f58-6698-314b-a9a7-091a83f54815,4
ba2d13dc-1b64-34b7-8983-1452e0f906c7,4
fadb8544-f928-3151-a745-24fe57cc8448,4
57cb993e-28e7-3970-b129-e16dc2069600,4
8e44973c-6bcc-3079-b8c9-68ff2683a542,4
90ea98f6-f669-3187-b237-9fa9107fa7d8,4
43e0f2c9-1137-3ece-9f88-33b3875ca1a7,4
39cfe6a4-81c0-351f-a97a-e698d206e92b,4
21cd893b-4cc2-32c5-8dd2-205094124a1e,4
ab885a70-00c7-3ca3-9e5f-59d8def1f17a,4
e5519c7c-7f05-3419-adaa-d21919fd8af5,4
da9c1e33-128f-3859-a782-9b6f7cc40634,4
2a0f2499-f4a9-3efb-b862-b0f0142c068e,4
70e775e3-b8e1-39b1-a0e0-a5fab99f2588,4
83edce12-0282-3d3b-a71d-73cd85d53289,4
ec356606-5052-3c26-83b9-a2bd4737ce19,4
560a3403-8c15-3ab5-a827-c7bceeae9deb,4
fa2d22e6-50ec-3831-8957-6a41ee33ac60,4
d413f1be-58c3-327c-9af0-82588882d9ce,4
173469b2-d76f-3246-8a48-57d8defe4ab3,4
6e02856b-9c54-34c7-a8de-6b58e3b52be1,4
05e4efad-c171-3739-881b-04fd826b63cb,4
7569132b-da48-3a0c-af42-d2cd6d384ec5,4
55724e23-0d11-34a1-b018-a9ad014d2aad,4
6ec33ffc-e992-399a-bf1b-89de956ffd5f,4
12e07917-dcf2-3164-bcb1-b56ba71c9794,4
af83b19c-f06e-3431-a3d3-e5d3eae99280,4
f5bdab25-8ad0-3934-bd66-fee879b3b3d0,4
6a97060d-a3e5-32b1-b769-99267902e0e9,4
be76bd4d-2766-38db-a2db-8bae62c3600e,4
c257ed5c-5a64-30b5-8545-d6b1157851e7,4
09301d0e-c1e1-3f69-bbef-6b7d50d22ab5,4
663c4db7-27cc-3571-a943-ed56533142b8,4
e40abaff-881c-371f-a6b0-835f4f75569f,4
041ba728-0e80-3061-a4a3-787d9a74b1e9,4
81e3d737-7dab-35aa-b4c0-f83c9d0decec,4
27b96e35-fab1-3912-a2dd-25792047006a,4
994a4d43-a2c3-3214-8182-5648f20d10bd,4
1294767e-36c9-3c78-bb86-455db92cc358,4
cf0d93ad-154a-3d01-82fa-4cdf0f963da6,4
cb616752-ced5-3a56-9f04-07eaa1565eaa,4
ae03ebf0-438e-361b-b441-054640542015,4
5a409e23-07ea-3318-9435-da692737a12c,4
71428459-037f-3e82-966d-3a852e6fb195,4
ad7e9882-6229-34ac-a6b2-682827fc83c3,4
46350730-bb73-31cb-afba-69d8816139cd,4
5bd80918-23d9-3ec9-8862-fc28e0196d2d,4
e92323cd-74e8-3e19-a598-1b661d918bc7,4
ca9b48e1-0324-3fe8-b48d-443270115d35,4
62937af8-a755-3a9f-89a4-2e7479e16c0b,4
157b8321-b50f-3985-a685-b679c53b56b3,4
267fb969-3465-31c7-b12d-04193ded4733,4
22c9efd4-f1b9-3249-8fc4-9ac55e9be82c,4
81d34b84-dee1-3fc7-ac4e-caccef95479f,4
65210e72-1cf4-3078-b75e-16a1fc6bd8db,4
d61519c1-79a4-359d-8b48-560979e854bd,4
17b15483-4384-3b13-ba2d-d73d0945f212,4
ff41b7cd-29a5-3cff-a3b3-00720b281d4a,4
168d4f02-888c-3bfa-a265-b257a75d80d9,4
ec363536-03a8-3d9a-9819-62676736ccd7,4
f6c76162-61e1-3ee4-b61e-4a83b7e2a733,4
c5825c7a-8287-3298-afa6-503cd7ee7f9b,4
58fb8ab9-77af-3b80-994f-6040cf0c2fc6,4
b68285d1-0ff2-3569-b172-99d80cf80458,4
e51bc1e2-e140-30e8-a39c-3d9f5c37863a,4
ee981a37-a8b9-313f-9a54-b235853d4834,4
04f0e6a2-b9fc-3fc6-9b8e-beaceafd554a,4
9e1ac228-e435-3271-a908-eef50ed5789d,4
d581a565-d8f1-39b7-98d1-9ed4c6666f7f,4
3c1cc3f4-63a5-3d9a-86d1-98a112a371af,4
4487e33b-ac14-3ef6-ac05-1fdda76c1c2b,4
c1beeaf5-ea2c-3136-8b31-c5176f69fc7e,4
f61b0fdd-f305-34e2-b765-746a973322ab,4
58c21d3d-8d52-381d-a63f-f429f4eb5eb0,4
6f181c0a-2d6f-3c87-8254-82bbf5a66aea,4
a3460d6d-1c97-369f-a218-ce829efc8ae2,4
883d3bbc-a935-3876-9314-0f20f4765676,4
c22bc6c5-eec2-31b1-b8fe-5901c0c476ec,4
a3fb64db-957d-383d-941b-23cfc1d921f3,4
7b7dff5a-b33d-38fe-83ac-3adf91163623,4
7e554d3f-fc04-310e-ae17-2df35583e67f,4
b8813ad7-b503-3989-8ca5-a42b4073d5ab,4
5d6e6f15-5b44-3119-b07d-a80379d188d5,4
52445874-e72e-32e9-930d-cb328d0a50f6,4
76ff10d3-4a32-306e-a6bc-1cda84977b9f,4
992a8981-0a0c-3893-9eb2-c72f398f47e0,4
251e6bd4-4db0-3a86-9d52-7f6185b36eb7,4
6d2b71e4-1b4c-3177-83ef-92ccdb3c15c6,4
7efe0595-b411-3386-ba3a-631b3b9336e0,4
7b12f759-5461-312f-96c8-970b86cad45a,4
bed45e17-68bd-3ad5-8b1c-49a218daf9aa,4
57cb2400-f1a8-371c-b872-babe68c4ba35,4
3773f113-eb94-3c2a-a0f2-113877cdb6bb,4
666f1639-5117-35d2-a089-e2c0386eb555,4
ab185065-9510-36b4-b584-31e9bc53028e,4
fecd4944-fcbb-3c2a-897d-f1fe4a29705e,4
bed32cc5-239a-397c-a978-720d560cb560,4
614082c2-4465-3852-a157-c8e4231b9907,4
3c1ab943-3104-3edd-8061-e0115f87e2bc,4
2f2de300-8747-3f1a-8d34-8beef2cef65f,4
2e9fa226-d898-3c32-a9dd-575db3cfbfcc,4
dcf81d57-64ad-3c08-98b1-0fdbf2f85b02,4
f55650d4-feed-3e55-9a83-35d83fbcac02,4
988ead86-a2d9-31ec-8fa2-12b8891b7c3b,4
e4d7fa11-3234-3ba3-9314-9215a927afe1,4
c836db7b-f633-3876-b04a-149949eafdd1,4
0a5a4a30-68aa-3cd9-a2c2-9f733dd4b5fc,4
08354b98-97f2-3ebf-9a8c-b8ad60bcfb85,4
552eed6b-641b-3a81-ba46-d3d01824aa8f,4
6b0c0432-e8b1-3f8f-ae6e-00da0562e3f4,4
327abe11-981a-3f46-aa70-b1c1b6f1952a,4
7227bc91-66be-370f-a19e-a5f52d490c9b,4
71cb8e46-7412-37cd-b648-baf53c4e103f,4
88cba007-53de-3529-882f-0c45c40d3dea,4
c7ca63cb-c1a2-38fc-827a-e4a5e9f71063,4
eab51cff-a850-39f5-b11d-3e5ffe95b4a1,4
178f1699-fc15-32c3-8063-148dc7c50126,4
0a6e11f1-fa8c-338b-85c4-adc9d3308b8a,4
a2a1874e-5597-30b9-b1bd-005b508081cb,4
c500981c-863c-3fc8-b06d-b1f860c6618c,4
98aca35d-9f51-3848-98bc-9765c2e7a5b9,4
46a38b4e-e048-318c-a0dc-6c76ad2a7099,4
d22d6a4b-d18c-3fc4-9dc3-22c40d29087c,4
686b2f71-2bc5-39ff-b1c1-8d30d8794b08,4
ddd608a1-6303-3e07-8c5a-54cb7223033c,4
7ee7209c-8677-3c71-8efd-1c93bdeb5297,4
8d2f1bd3-536a-3193-b96e-d15ebbae9447,4
cde4ecb3-21d5-3818-b87b-6db77acaeb62,4
121f6903-1419-3e7b-8c7f-ad06ec375385,4
331d843b-fdd2-3f18-b46f-6cdc9ee61533,4
b8982c4e-ad4f-3035-8a51-d083a516fe1d,4
18841eb6-ac7a-3e96-838a-53f74a1a0498,4
6b901ff8-4fad-32cd-b078-ab2954748e3f,4
e9d260a9-cba2-353c-834c-08c927139c72,4
6754a730-6153-3ed7-b171-914db4462881,4
c57a58a3-9395-37d6-8f2b-d4eaf8707157,4
2672f837-4e7a-309d-ae3b-be719c0db77e,4
9af53c89-d401-3e1e-8a0c-a70ce2778de3,4
56426f68-fbd6-3c6e-b05a-4abb8813a9f1,4
e7048bca-c12b-3af6-bdea-f4ee948c6407,4
219ef201-2bbf-3deb-86e7-3d0b988540cd,4
65ea508b-f589-30ab-9a5f-0018f1dbd1ae,4
1c454a35-27eb-3e5d-9a72-39ef6993ffee,4
bd0e144b-63a1-3fe5-8875-c6c94cdc119e,4
53dbd94e-2ea3-3a8a-a9e4-720ffecf9cd9,4
a0619703-b388-3431-bebd-09d88733bf31,4
e9bf81f6-b4a7-3524-a326-32819bf00c5a,4
5047cc3b-9947-36ba-b0ad-ac00337d5d20,4
6b042bc2-af29-3801-86b7-541635a0bc98,4
9c2bf994-031b-396e-b585-a3f00529adac,4
1a3ca9e0-2641-3623-8b75-885194313cb4,4
4908b587-d803-331c-a74f-c7b6e917909b,4
a9acb34b-8ca4-301a-b0f2-d63d4a66ec8f,4
cd24fe65-c194-3667-82dc-210ba522daa5,4
4e5d0351-16e6-316e-be96-5e55da290faa,4
1453b2ca-7720-31c4-a978-0b3db59822c8,4
158bf685-ee29-342a-9645-97c982e316e7,4
a404f239-961f-3707-ab6d-d05a42c3f796,4
8192157b-c5b8-3f88-ab4b-5aa71ed2fb16,4
0c814a11-58ea-3600-8898-47a4faafdd5e,4
ba07e511-1e78-3cee-a2e5-b45079d1306c,4
f3b67d2b-c884-35b0-a776-8d0011849236,4
7d07c7ec-7ad7-3a03-8c85-0e4ed2f39afe,4
ca1d8172-ef97-3b7b-abbd-75183ae6344c,4
df8bf914-284e-376f-859f-5ba566d5c6bf,4
fd11854e-781e-3eb3-a593-ad185fd59fe3,4
9b25c669-4439-30fc-ae53-bcc9a68b83d3,4
98daf5a4-2f1a-343a-a787-5996608d76f2,4
3b150a00-ccc7-3885-8f44-9b1fa8c0bca9,4
f922bc80-309c-309e-b4e3-9c77951ca0e5,4
777aaf1f-b14b-3527-a499-90c9122f467f,4
64c62faa-c7e1-366a-86d3-3d9f6df51d50,4
f3236da9-4bf3-357b-b78d-9a19ef8468c0,4
0f3dd058-b69e-3407-b45e-2b0734a67113,4
396dd787-1c48-3a99-8ea8-5c4ccf0c07ec,4
fa1c8925-b1a5-3cbf-804c-ec712c8829c1,4
ec0f6421-7ed9-36f3-a938-c8938a41bdae,4
edb091cd-4507-3259-8b90-6b7ddbaf55ba,4
3d99c643-e32a-3449-8fc2-191ece2de402,4
b6c0e43b-23a8-3d0d-b82f-403bf435ba40,4
1a46a155-26f8-38d0-8d35-50ea438bae4d,4
3e5d7f2f-9e3f-3f72-966e-9cf579654657,4
f6664bd3-94c1-3948-97e3-1250f5e2c863,4
a47bc1c4-b631-3f7a-8304-6bb325e12928,4
1e13d68d-25cf-326f-855e-33cef4f05c99,4
5cdffebf-d9a9-3bc3-b6cc-a32c021ec80b,4
62b9829d-7a60-3765-9036-4b4b62f384af,4
4b0b073b-dc67-3d91-8f7a-dedc35a9795b,4
3ae7ae36-e12c-318a-b3fe-2c53e5ffa8b9,4
b7f8db38-7a03-309f-9ce4-ba7d4c994f18,4
45f4daaf-4587-3b0e-bf4d-984cf5c29ad4,4
5646a4dd-b59b-369e-b820-d50bb45ed06e,4
673d6562-2a0d-3758-b4c9-8853e28ecc8f,4
3afd89fe-7781-3363-864e-27328dd9075d,4
4f1d1307-e08c-3f5e-864f-2145ec348554,4
b70117ef-a86f-3f18-b2a3-87eaa5c85d2e,4
d767e245-959d-3771-b496-8e05bada72cb,4
496eb103-620c-3ce1-93ca-910798949525,4
bf192973-c044-31b3-9606-566dea4d39b6,4
d851f415-91d7-3715-b2b2-0d6d787793c8,4
b069e0d4-c4d2-3316-ba25-8a3a08cee7d0,4
c364990e-a725-3353-a22a-1188c269a636,4
e66a73bc-11ef-36b6-b1d3-23b599ab670e,4
b31d190d-2f1b-3193-ae88-951fbde54d3b,4
2f9d1cbf-8ef7-3544-98f6-667173a3a17a,4
2ddddcae-bc50-393a-adb3-91fa1b2d0065,4
29a2c657-5828-3861-a98e-8199cfc574ab,4
69021c95-f80e-3e00-81ac-38593659eee9,4
60e079e6-1986-3051-b451-d4a3fdafefaa,4
0987d69d-b8ad-3605-a979-af18327a369f,4
73a84e3d-67e5-3380-8689-47e29ae79bc6,4
280b3a63-b685-3103-8bc8-9587a5b85d35,4
301e68bf-557d-35cd-8fca-c359fe4507d0,4
b0e2f4a4-1a94-3cae-8f51-b6a975d6c63c,4
6cf69526-34bb-3708-8522-c646c1e92a5b,4
0f4e52de-b208-345d-a9b0-faca5ebe2fbc,4
bedd52f7-ceb6-36bd-9cc3-0ab28c09f02a,4
97c189df-b6de-3ebf-a306-fe79be7b4467,4
7c20d12e-9c01-3774-aaaa-d3d0c3d228ae,4
1c1f50c2-6831-3544-a39d-093ac6b6625a,4
84eeaac6-9cc5-35bc-a0b9-76597e39489f,4
f6e3437e-8998-3009-9ba1-1b6fccd6b3ed,4
3f4c6890-9680-3269-a625-40c26789465a,4
45ee2cee-705f-341a-ac40-db935b907858,4
074704af-8e22-3a85-b05c-05c3824c43ec,4
685f0aa4-8eaf-336d-91cc-29ec1d33c162,4
7c1b9adc-c7ad-3f59-99d0-d08c7e9bf3ce,4
4757adef-ab69-3ae1-871a-dbdb99a45557,4
534d557f-d72c-3d15-af43-ebb38c89930c,4
fefe41c9-f1ef-327f-9106-b0085280fda9,4
39acf5a1-1737-3c1a-acbe-dcd0285820f6,4
8c8a39e3-94c0-3c3c-9635-08658a8cd124,4
e749381e-6b0f-3353-902e-231894009817,4
b8cbf50e-c21f-3d58-ac04-6c0bef968d0a,4
c79c6ec5-49a6-366f-aad9-b63d3c1dbb3a,4
9c2c9b51-6654-3947-a60e-0764e473364c,4
b2754fdf-acf0-3582-820d-b28d4aaa02f8,4
ac0eda90-716c-3880-940e-b3cfab201b87,4
e4170e18-3d2c-3cd4-926a-6e994d262fd1,4
f2aa5ab8-c05c-35d4-a330-095b878fdf56,4
b494e13b-0bb7-3305-aba8-beb13e04fe4a,4
4d64e9e8-4793-3cf0-9750-31b74ee9a4bc,4
21492792-da9d-366a-84e4-2d166cd5c506,4
43d1875a-027e-3e67-916f-bb727627bd84,4
c87ac3a5-1935-360b-9426-f13a4dabd238,4
e21df954-7012-31bf-957a-8cc9aa03eb76,4
3668047a-eaca-3d0e-968e-f240ac547dad,4
3515e693-c142-3515-9bda-818d889a10de,4
1a6b7237-7f70-3edc-8036-6b04558f57c7,4
cac6c0a9-10db-393a-a907-560414c5ee97,4
b3d5cfb3-7acf-38e3-b1b2-0ea77585be85,4
89b449d7-8adb-361f-a425-e03fa8741ce4,4
ff640d70-bf66-3b15-a781-53b677f66628,4
42f944aa-1031-3ff4-87fe-b678f0cdcb38,4
7b8002f9-6685-372f-8453-347e9670c0ea,4
7a859ef2-d907-3bec-a48e-206849a007ac,4
c66e0369-0a05-350f-b235-87aabae9bfab,4
97c457fb-ef6a-3f4c-b7e4-67dd1b0a6d04,4
ac2d4ff6-8320-3b01-bee4-a9642ff34f53,4
32741742-8404-3688-a535-99e403fa9483,4
867b5ed4-12d9-340b-9cd6-6d0f039c3b38,4
b91f3c0b-3d07-32a3-abcc-a346ddcd9116,4
a8999434-479d-3fed-b147-20ae55fc1560,4
00993190-e3b9-3943-87e6-e5fba698dc58,4
6fa232b8-4db1-3173-aff2-169f08a73e19,4
7d4971c6-0725-3a58-8f9e-f85769373928,4
8e8c35c8-ab60-30f6-b00b-285c1dd0936c,4
c50db6a8-a084-3d34-b7d4-c0404850aec9,4
6baf9fa3-0c80-37cf-9d67-ed6abe4cd01e,4
faf27766-2bbf-326f-82b8-0444eda3a931,4
a87c50da-ae38-3d1e-be54-6ca50b660515,4
adc11b78-ea7b-35a9-a3b3-a43f703d8e5a,4
f7d242d1-435c-3857-bb70-4bd8c385fa85,4
4e2d9f0b-c240-321c-a43a-5df11913a32b,4
dc519637-5f29-3d92-a07b-4f0de53c5ff8,4
98172802-fb20-303a-aaca-dbfdf4039abc,4
d0eb45a5-ae32-34e4-b1f4-156c23100c0e,4
f398eed8-abd7-3dca-959f-6624516de45c,4
46d6d6b0-2680-3569-85a2-2518dad6adfa,4
3d5c7200-38f3-3492-9ddf-5c8aa5e7f7c7,4
fd3c2cc3-ffd4-345f-814c-f7234f22c0e9,4
6e001057-bafb-3708-b0b7-ac979af99a67,4
5637dbe9-649e-3bb2-b61d-cbb3e7466ae4,4
90b68f89-76c7-308d-ae1f-6fbdd76356cb,4
abc2b43c-b1c8-39c3-a528-9bc229b26803,4
27f6387c-0d37-39cb-b845-db93901823ea,4
9ba37602-8c88-3842-8a08-67bfda7df9a9,4
87559336-92d4-3101-b682-a5772b68e61a,4
9aa6b02e-25ef-3742-8af1-d69fc44c2b22,4
9c0c7301-d6fb-3337-a017-8b2d6284279f,4
68641598-a8d5-36d5-9f41-28df9585f503,4
98873707-da67-3f7a-a70b-f5c2a304802c,4
3a69118b-3895-3620-8049-d00ee8047a2b,4
99f3d236-e5f5-311e-a1ea-2caa8c45e7ba,4
a3ba3b56-2b5d-3f7c-b68f-2b6f14fc2f1d,4
63fef22f-bfca-3215-a27e-a64974bc2ab5,4
1005b1cc-7f01-3399-9b6a-a22fc226d210,4
72540246-27ec-305f-8b0f-8b8972c2bb3d,4
ad0dd143-8b0c-32ea-a5e8-eda0cccb93f7,4
c76efab3-d598-3a98-8bbb-f26d2cc93042,4
f1ba945f-1037-3f30-b6ea-75456c6a3645,4
abb81e30-b173-334e-ad7d-ee7a997cddaf,4
e26f78f8-f92d-3588-b1e1-c1ba82ef4a92,4
14711e89-aaa8-324c-8f25-6f247770d392,4
7322c3fc-3a50-3436-9099-552804404a49,4
7e392ca2-fa11-3a28-9e38-b8e419a3d3b5,4
97b93349-29ce-3426-8412-f463724226f3,4
7a4ad213-9812-3a53-94aa-a476241ae4b4,4
3188f679-ad82-354f-8b55-e1a202265663,4
f464a202-64c7-3575-ab26-da4ec89b206a,4
c240eb63-d47b-35c2-aa39-2b6030d60e77,4
7733bbd3-a99a-3458-b2a3-48080c639063,4
62dc13e2-5942-3b0d-b392-2cac4c32f57d,4
766d3e2f-97f9-3d62-8587-a09698feda83,4
a753cdc3-9578-3898-ab99-35737ffa36bc,4
f2245fc7-cbcd-3165-8f99-7a99e1ff5893,4
770d706e-ae1c-3f8f-ae49-13abe974799c,4
24794928-b7ef-3a7e-b824-3a2db76d6b83,4
f99452ca-c940-3665-8dcf-5adfc7e6fb90,4
bd3728f1-9a00-3859-9a99-fa84f7368ffb,4
703a72c7-f8e4-3f3b-b9bd-3ea3e23bebe0,4
8a7f543f-2f34-3f69-84de-2f076e7542bf,4
7fb4f3a9-d57b-3bda-a607-aa872b38eb74,4
9cd662ce-abb6-3733-b2b7-c6566b4249c2,4
e94eb883-d660-3a91-8336-13add4b5656d,4
abfc7280-f908-3345-a894-bcb7e3e1e6bd,4
ed9859c1-9c20-3af2-baed-098271e37309,4
fb9b1cfb-c58d-394f-87b3-f9cfa0e5e50a,4
8cfae2c5-46a7-3452-98c3-6fd28956f178,4
1ea8fce9-f7a6-31a0-8a50-48d076d60f83,4
368da29f-32dc-3b2e-b134-dc8771661093,4
c6548719-def4-375d-8b8f-8d786453535d,4
615f6046-c9d5-36b7-8515-7a8af8c7a7ea,4
3ba5ffb4-6d0f-384f-906f-b8e3b14d3bd9,4
7ed2ab82-517c-33fb-81ad-244b50b91b89,4
4100cb52-a31b-3ea7-b351-2dd3b97b86a3,4
8792f39d-bdda-30d1-af14-2ecf54b9ac5f,4
c9f4b08f-4b74-321b-ae86-09605aed22e5,4
d5f6cdb5-2ddb-36e5-adb7-df9dc96de52c,4
7d1e847b-4f19-3621-b49e-d4096b2e3506,4
5f7f9276-283a-337d-8cbb-dee6308708c0,4
50836a72-8b13-335f-87de-c7048dab86f3,4
ea2c4b78-e49d-384f-a7ad-173d2dd6f257,4
68aa3b64-733c-3942-a9d2-d28dbc2193fd,4
ccc4f139-17a5-3743-9f74-d75725f495db,4
4bb4a767-0cb1-32a1-bedd-5513e1af33d3,4
5fbfbbd9-667d-3868-900d-80a48b19ac78,4
127be9cc-e8fd-3843-8a74-1d6f4459ffb1,4
523ea973-a63b-3e2b-9320-c1a94eae30e4,4
120b4e45-5e4d-320c-840f-84a60ae3fc4f,4
03d81c1a-0861-3157-ab7b-ee49cd5b7e69,4
12cc977a-ccc4-38fe-b05a-e419373a9ec3,4
9541163b-f5fc-3322-965f-62a0d1643ea1,4
516be5bf-1015-386c-928a-f7d23c7451fa,4
12b4b7ed-641b-3ec2-8782-e143a57bd063,4
45092231-5ceb-3914-a0e0-319233d75297,4
9a881d9f-3ca6-3773-9eac-d0ab3a562219,4
f145e806-287d-3e83-ac95-d76687ab91b0,4
089a6800-eeb4-3f9c-90c5-d4a96027ef1d,4
0a979344-009a-36f2-9f1c-898089c006b8,4
d2e25853-029c-3510-9d4e-00292550b550,4
d67e5b56-b9f0-30a8-9ee4-d6782511b06b,4
5d89817d-d9ba-3651-8230-8839261abbae,4
8f96d295-0cd0-312c-b783-c2edf2352027,4
dcac5556-96ce-3d1e-ae7c-5edf07749296,4
9a4610ef-0340-31eb-93a0-7502852bf562,4
5e1b4b21-236d-3b32-b20d-6e74230ea483,4
361e5421-eadc-380c-a134-be46e26c9e20,4
c8c2ff76-9c3a-3174-8de4-6faa0164be3d,4
5a984f36-4599-330b-ba03-3baf580ace73,4
0db5160e-7fc9-3b95-ac4c-a4d816435910,4
311d5eb5-8b4d-3a09-8f28-01177b2dfe59,4
da26066e-2411-39b2-b995-55b39ceee4d2,4
3925eb22-9e0f-32d3-aad1-a711a266f52a,4
ae6263e5-ea05-3d92-ad72-b924004b03a7,4
ac24a1c2-f485-37cb-8fab-f454468332cd,4
262768ef-1632-3598-a65a-25e99402113e,4
dd110ec8-d1f9-3622-bab3-035966a5a9e6,4
7dbab910-9a06-3627-883f-567c076f962b,4
e640c667-bee6-3c30-b88c-c08af95da42b,4
de886333-3337-37c4-b09c-fe347d21a8bf,4
fc4978f6-b567-3ea8-a3a7-b84fc2dcfa82,4
2c52cb15-6420-36bf-aa3f-cca92316fe8c,4
e1a10aaf-3da7-3d5b-9527-cbf6a9db974c,4
189a7f34-6448-3219-b18a-0435acb83732,4
3926f097-67ee-34e6-b8fd-d5a516d033ec,4
2dccf947-46f7-37cf-a907-a54b83eb44ad,4
6ad17c43-3381-3240-8429-63fb985f1f5c,4
1a70de54-9e5c-320c-806d-779973a24478,4
202d8756-efe0-3241-8415-6f6b82c20144,4
2c2c825c-d15e-32b0-bf14-11c894ba4534,4
25fa10de-b719-3988-aecb-e09b54dde97f,4
18a08a72-5261-3373-95f1-593c99acf6a7,4
378a0bac-8c9e-3896-8821-d70c1973240f,4
c84da713-4126-367f-87a1-d3ed57b46fdc,4
290f3084-a158-3e1b-ae86-9b4e9b6d85c5,4
c07f2cf8-239e-3a6a-85f0-44fd234cbff6,4
7dc5259a-891e-36ca-99ea-cf1accd2dfc7,4
99799823-fab6-3901-9cd3-27e51a56ddca,4
41b688f1-83d9-32de-af09-58d3d6144585,4
bbbbe30c-fe65-3cc5-a45a-b4a1f7b29d7c,4
52a60d90-9b98-30aa-9743-1931e02f9a50,4
280689ac-7a74-3bb5-ad37-9f9dd02c2a94,4
0e2a154e-f75c-31c2-a002-4e04efd2602d,4
03067623-0092-3c1e-be8a-18c111e75cf7,4
c2d4b368-0dd6-38da-b2c6-46b1a5df7193,4
7c08b930-d1e7-3e2b-a178-d3671d6edc79,4
c651bf38-880b-3bed-bf79-ddfc6e26cafa,4
6570e48c-91f6-3997-94ef-e9705f167940,4
2bf907c2-28ab-34aa-81ae-8114ca48a1d5,4
654f59bb-7728-3d36-a131-a268eac21fd0,4
db8235e4-2a95-36ce-acd8-1e526024689f,4
18c586aa-e1d0-3250-9f08-5661f531f339,4
de5c0a29-7324-3836-82c2-452333312b81,4
1348fc27-9324-3b72-bae6-e359204bebee,4
4c7e8631-9c91-3552-93e2-1ade338bbd6b,4
8cb4fba1-84f2-3edb-9532-5f0757eae5f3,4
4f2aaf1b-f170-34ac-a284-d7126b4511de,4
12e14cb3-a1ba-31db-b0d2-8fb36ca7aea6,4
622daa3f-2615-383e-a06a-d252876eef23,4
afad4d0f-9000-3db4-a3c0-b057627dec5b,4
67665007-3c99-3c67-9867-5d5df829679c,4
55dbd88e-76eb-3dfb-a7f7-532c6b005165,4
5db44842-d29f-3fb6-8310-47ceac172d24,4
e8ab94d9-14c4-3b57-862c-e13c3f4b46b1,4
0b4c390b-ca0f-32e8-8724-7c0aeb7215f0,4
3a2fce83-f345-337e-9404-197d09fae571,4
da500576-eb13-34e2-ba8a-dde00a6caead,4
e0be69c2-4d36-3a56-b4f1-b804d8db47ff,4
40822fbc-f6fd-3a9f-9ec0-ee8f9b6b8ea3,4
c3bcfc11-b8a5-370f-8f2e-8e794434a0c8,4
faf8b9c9-f252-38c7-b333-bfd9f4011c34,4
b315dcc3-3d8c-3d02-ab1f-4994a0d482ef,4
1132baf8-ea95-350f-b641-89bb61f5d7ae,4
dc3499af-8b35-3d9a-aa2a-c840ca03a343,4
c3a1900e-588d-3ebd-a1d1-b9184ae51008,4
4e30fd72-b272-3958-8aca-8fc5d161bb04,4
2b966cd9-954c-301d-9b5d-7d148264d885,4
aaf48c77-b671-3639-b72c-0efc2764763f,4
cf6e9bcf-2a5e-32ac-9291-5460889cfdbf,4
6de11be0-f094-3f4e-a8f2-6a52751f57cf,4
b482ea1c-67e4-3f82-91d0-b8eead0dde58,4
2183baaf-2625-34a8-954b-83e73b438f36,4
4bed2ece-aee2-3325-b23d-3654ef8e71b4,4
2d5df30f-64d5-3db6-9f0c-185cb72cd2c2,4
f49546ed-9bd2-3c08-b5b3-643ec0b8b328,4
8bb83afb-569b-3a97-bf50-9bc656cf4dca,4
5134cbb9-6043-37ee-9749-1f5e43665dcd,4
62ad9664-18e2-3f66-ab2d-65a7ad41d4eb,4
af321076-70f2-388e-9418-d83d677f75f2,4
3a479730-599d-3581-94ac-158a53ac9487,4
c1d661da-ee22-3542-bbd4-cf15207f7d8e,4
ff092cec-bcf6-3408-8d84-af977e119e30,4
2ff8e8f3-5a75-31b1-9dd2-49251f7c65b0,4
29c01b68-eabb-33da-b4fc-2e4b8967617a,4
f6ea9c37-bb68-3e73-b9e1-69369bd307c4,4
789220c2-85f1-33f3-a16f-19e1fd1cd18b,4
b2941078-ca5d-30ec-bb60-1d5b60443825,4
954be055-80c6-3c52-824d-e24093573112,4
4ab71e69-814f-3e2a-b4e5-bb8836e88d42,4
b6f10754-d3f3-3664-b657-3d1e42a29c7e,4
edde5171-b2c1-3f9b-bbc1-5b54e790e77d,4
6eb2a87b-87ed-32b9-90cc-9e0396e1ba56,4
bc3c7f26-1aba-3d41-a494-2738c038ff6b,4
cd1c4659-54ae-33ed-8ff8-b5e1bf6871a8,4
6e6a21e4-9ed2-3d91-96f4-c0419ba234f7,4
a1667472-c8be-3223-b029-2d763c056918,4
a7c1c2a7-f1bf-3898-bd8a-baa9d5ab3c5b,4
8a3259f3-cb29-31ea-b9c1-7d846a008bf1,4
c843fa05-80c1-3abf-be6b-119250c6cdaf,4
7b526d5b-3fce-36d3-a196-7498145ea180,4
063f1ad9-5997-36ad-a1d8-770bd9d6e0da,4
5b771b28-bfff-324f-b2a7-204905351962,4
e6706ecf-acc8-37aa-95ae-8200ed59671c,4
e95078c8-8848-3598-afee-71d3159ff022,4
ecbb3ab1-95a6-3636-a2c7-f32efac62234,4
b796edc3-34fd-3d53-a12c-fb0977a52327,4
17ed6769-e2c2-37dc-ac7a-c3cd0369a726,4
d3009c37-c735-3083-88f7-d219250a2a57,4
21c38fe4-0ec5-34e3-ba34-e72b4d54cc9a,4
42f33064-3807-32f1-966a-660fae0b87b6,4
fd7a9526-260c-30fa-a984-5d9a3202b12b,4
9639224a-0fc9-3196-830d-a4d41cbfc091,4
114cdaec-1146-314f-a10b-72a79dc02309,4
8be0f226-9af2-3b7d-9bd0-e0b623857584,4
397531ae-9896-3d4c-9276-f0e88abc8426,4
6ac32206-e42a-3c5a-99e8-786ca7b1a497,4
bb4121f8-4488-31fa-b863-12f6327f9f2c,4
095833ba-fed4-379d-993c-b6cf9a13a74a,4
756c78ff-4f1a-313c-b54d-9cf1baaba3a2,4
7e394787-d5fc-39e0-9258-0a2000e8b6ed,4
b9be1c96-d089-3196-bf62-92b4699bf13c,4
b347bfc8-4543-3075-8d5b-ab5c31e48aea,4
416a8b28-bbea-3aef-ab5c-e8277720a505,4
b40f4b46-cfd1-3fca-91cc-42fb669b4f59,4
562556bc-7850-38d9-82da-5e3abc7188b8,4
d3282966-9714-39f2-af48-65bccbee2be4,4
c9996d30-4991-3b47-a7aa-e0fc471f25c5,4
2e6d4011-076b-369e-88cc-68138bfa7fe0,4
40a8a562-31d5-3843-b76d-f5f1a8ed32a6,4
3cdd56de-ecc1-3d7f-928e-265908e374ec,4
ae1e4b91-f741-33b1-ab57-42890d0cdeba,4
f993c2d8-022d-3158-869e-e40b2d92a653,4
70fafb73-9134-3327-8189-00792fe8f0c1,4
435e8f93-a895-3015-aeab-404b5b9f7b0c,4
7634a626-d28f-3858-9394-28979d2af902,4
a0557478-3f30-34fa-9166-82a41adaa78e,4
b9833e34-2a32-3922-a1df-446a5189b06d,4
a9217163-0f80-3f42-8c79-aad4146cbfcb,4
b01040c9-3702-33cf-90eb-996218088806,4
e160c824-955d-37fb-9659-37819719b6e3,4
23f3b147-af3f-3bd6-aee4-da18454859a3,4
9061a72f-5f21-3125-a503-c7e346f7345c,4
834b2022-7c95-3ef4-92aa-21009997cea8,4
f479cfe8-867d-39fc-bb79-d270788e1bf9,4
93ba760c-c2f6-3152-a5af-b7053ecea7ee,4
9bbdd205-4d40-38b2-bb1b-ac39a2c239d9,4
bceeec98-0f0e-37f7-a848-0ea1dff12760,4
aa2fdfce-ecdd-3c1a-8671-b766953ed40b,4
2ed28a01-a803-3316-b015-51942d12d6af,4
cca24f19-1885-3e82-ac4b-0eea875d5d28,4
9268a403-98ab-3c68-adc0-441853153406,4
695b80cc-57b5-3a72-aa6f-7856a6c3984c,4
3a6abf26-bb24-3f67-a816-aa5ba2eab735,4
f984a9a4-4532-30be-9214-0659ab049348,4
f0c849d5-7a2f-3b14-894f-c0d7eb2c6d04,4
973b7564-498c-3fc2-b496-19c4ac42a317,4
cbf79a10-662f-37f4-b099-83ce37dfc9ef,4
a352ab9b-04a6-34e6-b88c-82e8f815b09a,4
7e689a67-1fba-30bf-986e-b4115f3443b2,4
44d5449f-5966-3e65-b4a2-1edf010bdbdd,4
b19abcea-1182-3428-b731-5e83c8bec65d,4
b3bc67bb-2ff9-3986-9817-ad518887cfb4,4
bfeb342e-04f0-391f-b629-a6361ef70f4c,4
fae36d30-1f0d-3c72-8e89-eb220c3feb3e,4
79c00786-d48e-3e5a-be93-e74b0a126249,4
61619b18-c8bd-3468-a2f0-68dd51fee2c6,4
c2c7b750-e233-3fea-9b79-2002a541239c,4
ccc6d274-5849-3e4d-8d2f-a180d2bf08c8,4
11cd9381-7825-3273-87cf-0c3f1cbd6e15,4
869cfae5-9b0e-3bf5-bef9-2cec0d13590a,4
05fb80f8-83f3-31eb-986b-38bc5b527921,4
201070b7-a5cb-38b8-ba3e-2d78d69062a0,4
c02bc346-273a-3f92-aa7b-203fa4cb704d,4
1a3b0072-d1f5-34e2-9763-1ece3535e04f,4
0ee9039c-2b4b-3ea0-bfe7-06fdf1d31073,4
ba99ad63-49e8-3baf-89e3-627e8729a60d,4
5d6dfa81-6591-3b60-ae24-1dd57ae66f4a,4
50c6ab77-18da-3759-85fa-2f7947001e09,4
a859fe4e-f39f-37cb-9579-c1fe71df2281,4
939bf6f6-419e-347c-938e-dbac397c6832,4
22189af2-1c15-317c-bd8d-f6ed6312dcbc,4
36c4fadb-a677-3949-a69e-998a6f061667,4
99664c90-5c9d-33b6-8960-f7d6d8932123,4
a178c44b-5c32-3f80-8340-c7cf9d4ebe29,4
3341b6b8-606b-3a2b-98e1-cfb494913325,4
90c798b1-d755-330c-a500-b3b132ee0f85,4
b120a366-162f-301b-95c1-6f4ac797b911,4
429ae43d-2df4-3777-9bd8-d26f1680a688,4
71ecb12c-451c-3d40-86a0-366616d0a045,4
6757379e-b5ae-3d6a-980b-34facbe36a40,4
38b55802-c71d-315d-91b5-099bac3ca8a8,4
420f6dfc-32fc-3b39-8cab-bdf20bc12c25,4
df6e8185-1ee0-3558-b486-1e9460871b92,4
49bc877c-0add-33ae-a21c-6d5928dc0850,4
4354c11c-a0f7-3cdf-82f6-6ee358807fa4,4
b9a7edd1-6176-346a-a867-fc654a38aa50,4
acd3976d-d39e-3405-bf4d-5bbf59471efc,4
61fb6f69-af53-3f5a-84ba-15493e5a68bc,4
aa2945a3-03da-38a4-9c08-934429653e8b,4
7a089d5b-768e-3157-a2a3-8bfb4dafa886,4
f7a30dd4-5d8f-3afb-8069-093c644ad32c,4
c95e2c2b-d738-3244-8acb-e636cfa71eba,4
7a07f14f-9672-3c36-a01f-1d4c236a0537,4
96ffca8c-1a91-3f32-b6f0-1c9ac829f01d,4
8ed0b6d3-6f7b-3a44-83fa-cd282b7473e0,4
f8db3294-8ba6-3b16-992d-ddcc2d79a7b4,4
21f87647-f675-3154-9170-249f829fbef1,4
ea28bb22-b028-32c2-a51c-c44bbaf18e15,4
848c2d75-34f4-3ed1-87e8-aa822d7c76bf,4
93c2e23a-5baf-3ce4-9d3b-7e7cf558b636,4
3d1bfffd-3dc1-3a0c-a9d0-f5df594e26b4,4
c18b5047-15c9-37d4-9ed9-bf7360ce9b72,4
c6924093-7ede-3a39-b229-976024dbea05,4
01e74ad3-e891-3c81-a737-d62de32ddf5c,4
0c582f0c-7b62-3793-b844-7cba81bcf021,4
47a14cb9-4f3f-382f-bd57-040db0f7fdaf,4
21f20a5b-26a5-364b-b0dd-0d50dbb4c704,4
00e987f6-895d-3743-b0a7-0dacc75d6763,4
d00e15dc-c330-3308-90b0-0c1039266efe,4
8b5571a3-ed07-33d2-b691-d80bb206380c,4
f5f8fea9-2e26-3bad-893b-a8ed221e28b2,4
f338cf90-9448-339a-b7d3-9a5fc461a1fc,4
7616d97f-0945-3975-9778-2b102edb154e,4
c6ba7c37-ea71-3e34-90d7-9818fa725d31,4
62b1668f-13cf-3152-bacc-8abfc2377ffc,4
d712f919-c818-3b34-a2dc-b7e672cc2411,4
c3f00d75-b8d2-37bf-a032-c39e9007a3b1,4
8db95aef-2ec7-3c15-bd14-04445e82f3e3,4
a4cf8218-93c9-38c1-9ad9-6443f2c1cd45,4
eaeac240-4b7a-3034-a34f-f089536cdf85,4
ad2eef3b-c166-3ec6-b719-008ce4296bc1,4
9a1bd0b5-11e1-3982-b8a6-0ab7d62bf907,4
742c277e-4588-3636-b082-e4e9395590de,4
299d032b-b886-3a44-931a-9deb62915650,4
ad80ffbb-ee57-3792-82a2-8b0d0a470729,4
f85979cc-55f6-30d4-83be-4975f1fb05a7,4
8ae2993a-5e6a-3dc7-9d76-ec0c2c78bc35,4
3571ed70-18f6-3d7c-a390-7ba3f3fd5e79,4
abf7082c-e434-3292-97d6-35a491eb1e89,4
36563817-4d81-3154-bac2-3b02f06b9d34,4
4a190225-8d84-35c5-9a5e-7b65141acdf5,4
3dcb4913-4544-34a7-8546-a9992d4f521e,4
8f614ee7-1eba-3931-b4e8-b02bc35e5f3c,4
7bf64fb0-52ae-3a4c-a2bd-0c9a49f93a17,4
5085c1d8-4564-3735-8d49-308a1dc2cd62,4
1a01fff8-e2f8-3692-a14d-c91889a71774,4
cda82bc8-95a1-3b43-b700-603d1305a1d8,4
5829cb53-821f-324d-94a3-843a1222d8bc,4
5d6e34be-51fb-3a1b-a3de-ab2feaa3b91e,4
b5724432-0352-38e6-8d3b-884772b9b3d4,4
abab24e7-19d2-3105-a7e8-591c3511aafb,4
2a973921-4f78-38a7-983d-689a81fc921e,4
1abb978c-2a51-30fd-850f-9e2c4aeb1e98,4
57789ec1-2687-3c8a-a671-924239c4190a,4
817047b8-dec1-3740-b6ce-d42a7e5df359,4
68ec2d2c-5a5b-3434-908a-9118a1ce88c9,4
9479b012-fe61-3062-95ec-3cd126bbd980,4
d517eb55-4eb0-3960-b193-5be487cf7755,4
acd75711-7a26-3e8d-80fb-8e8dde2a3eca,4
5925cbf7-b1fb-3128-a101-e5262de1606e,4
def46d96-2ffe-38ef-b9ee-019aa57b5f08,4
15c67453-e250-3a34-9ef2-8c41221d27bf,4
69674ca5-ea26-33b2-9534-cc5314c0a5fa,4
f1ab1763-3b58-3c0f-a0e1-b6ca0bec9ed5,4
aebd07cf-fb6b-3d1d-ab61-c900d56923d8,4
acc30339-c322-3234-a1b8-90e9b0a62e86,4
46106a06-74e1-3247-ae30-1d9d0cf17b35,4
8c9a3d11-b048-3cbd-8f2b-baa565564cac,4
82848eaa-04d7-3b1e-ab0d-09133e306e38,4
b5198e27-8cce-3099-b759-84631b26d35d,4
7eb881aa-54c4-382c-905a-cab2dc4c0480,4
9c5b0ce7-0743-3f12-924a-077736cc8d26,4
81447409-15dc-3934-8198-43522cf54780,4
887f8fa3-a083-344d-bd54-775d62c300c6,4
784ea585-7489-3844-a0d6-9090957d5ef2,4
14a3d76d-7077-3cbb-8d92-c0ebbb140f9e,4
09df1273-1824-3b7d-a809-8110d570a44c,4
f82a83a2-646a-3fc6-b617-6af28764f0ec,4
209da787-8bdd-3576-a2c4-29546d1b982b,4
2de9a3d9-dafb-39bd-963f-e6ce1dbfd4b2,4
12834b52-6b9a-3ca2-b75a-cad666d3e517,4
f88f6c8e-ff15-319d-8674-85e6e5c6d565,4
2c83a57b-1987-3e4e-a5ad-c990d39c0f4b,4
bcfcabb2-1fde-3202-a0a6-db1ab5fcee31,4
6d64d2d9-963a-3119-b18e-4c4b7ef0a578,4
9dd98d3b-87e5-3dbe-8a68-a832c3a11a7f,4
a23415f7-1dce-3c62-a8f7-2553b744f815,4
0751bf3c-2c2b-3c44-aafc-a626792d8f60,4
2d8b5f6e-ac81-32fa-8577-a482cab3958b,4
f6b1ed24-a6c6-3089-8fe6-65701fa72929,4
7a8b3602-5819-3b03-89b3-eb526c090e2c,4
7e74bc8a-09a7-372d-9df4-103fac3afd8f,4
3c52568c-a713-32cf-8208-5a2732accb3c,4
b40a798d-9715-31b3-b26b-134f81c13161,4
3e6ebfd2-ec80-33f8-9802-2feda4ec5740,4
131f0932-3ff7-3e12-9458-da12949fdc0d,4
e521c022-35b1-3bb2-ac20-2414cbc530bf,4
f93c5c9f-a00f-3e80-8f3a-19b3d69d4f5a,4
e7b2a2dd-09e7-3349-8c33-1ee8c73fc2f8,4
a713fadd-2f56-37ef-8047-6fe3646b5d60,4
fea24634-0cbd-3111-9888-67ff1752e8eb,4
45b2474c-9511-3552-a610-8f4b58eb50dc,4
8195af78-1b7a-3469-b2ae-1759939c4141,4
aa1fe95b-2256-39ef-be33-8ec3c3496cb0,4
a3199458-e82e-3a30-9cdb-aa4538c68557,4
82336e97-6fb0-3163-adc2-75f730f42a4b,4
d67ab755-cf10-3006-9ab0-45406179d61f,4
11c7c954-5cca-3406-84e7-0596218c4dc1,4
02f32970-a0d7-3c00-b528-17445fc61e53,4
55a7dfb3-cfb3-3e1d-8e81-65973741265e,4
60e4ee91-cdf4-3ac7-9907-f8310a3f6d61,4
447c3723-0c61-308f-8b19-2b275532851f,4
6868bc13-c13d-3898-9f30-de3734460248,4
6656406b-2b9e-3542-9b00-7e659424cc03,4
b62383bb-1339-390b-b9a7-9fda06b4cd1c,4
305cf969-02f7-3be9-bb5c-b181237ca2f5,4
4d676c0d-26c5-3c14-9d0b-7e9b3d6741c7,4
b2cafe8c-9851-3304-9735-d1100a7a9bde,4
a98d95e5-c750-3a2f-bab3-62c755a1a0df,4
2251c1c3-dfe7-3f73-8ca9-1b8e2804370c,4
a14d03d9-af2c-377e-92d0-0d4239bcb629,4
42f84904-2776-32d2-b246-f83679781d1e,4
2f5eac6a-6370-33a6-9296-8765dcb095e5,4
0dc1abd5-e2c9-332b-b56b-3beee11f811b,4
6aee4a86-f216-3a21-a0f6-1303975ee988,4
13c55b65-3a09-3e90-8113-14e795f468e6,4
1210d39f-b60f-3b1d-a855-0b922c0c209d,4
32681ea9-c015-3708-a047-a6d9dc8a0a80,4
bf2bb00f-2df2-39e6-bd99-964801c8baf1,4
536ccc95-2841-387b-ab0e-f98ca02d46d9,4
60fed320-bbee-35e5-ac7c-89d53b06b015,4
9b20c429-5d98-3304-a2a7-e322583d6136,4
649b4769-33d6-36ed-9c49-4053c63136e1,4
201ad9c6-9ae9-3abe-a377-5305b42a5e52,4
0bc4c7af-b579-3fe5-b4eb-8c0ef39ef3f9,4
77eb7a18-3225-3420-9429-745edd85f2e5,4
ae1c6041-957b-327f-b2da-fc0efab29882,4
aecbebdf-d1f8-36fd-ac68-6b34a392a326,4
dc0f56b0-0851-3903-afd1-8e05e8d913a7,4
400fce67-2527-3a3a-bb52-65385c844be9,4
ac8f8af8-d580-3068-b4d3-a14337e76fd1,4
a869d9f7-7ecc-3aa6-9c9e-877e46fae4bd,4
980b00a9-ef74-36b7-ae1a-9fe833ac8175,4
4f8db5a3-8ab4-3a84-b126-b9dcd9e32e98,4
ed703fa5-705f-321a-92a6-557872d825d9,4
6a1d4668-fbed-34f6-ba81-5fee3a6cb50c,4
71761b45-301a-38ac-94b5-e871a642b238,4
374b12ae-5cde-32d3-9c92-9e01dd449776,4
2d8649d7-7eee-38e3-b498-7e8678a9b5ee,4
ffe3ef1d-abf1-31ee-87bc-17c799a2b38a,4
33bc54e2-01ae-3b93-a37f-e191fcc69141,4
73cfad14-f22e-36c0-8f92-0d42498f8b22,4
21e721f2-842f-36f9-b46f-adbbbfe7987e,4
305abcca-a3b6-31dc-8678-c401a33bfce6,4
ef512cf1-c70a-39ab-8740-32ad91bb75b2,4
a7cd9882-de32-36c4-a8cc-9787c7444e21,4
cb1ff620-2f1b-3a2f-8268-d6697d505b0a,4
452944c6-e124-38f1-baa7-2a13d11f3bac,4
ac328c5e-afc9-33f8-871d-ef74a9b021a4,4
9eacaff0-d624-3a24-9997-1ed7e121595c,4
638c99c8-198b-3a8a-afd2-b698ee10af9b,4
18bd3f1c-055d-35b7-8893-ffcd472b778c,4
767cc93d-c0aa-34bc-b7b9-2127b71a1f7b,4
8b83a9b7-d756-3033-8dbd-7631d8e7eb55,4
676c1313-2541-3dc2-bcda-201e979510b9,4
defde2d8-14fb-31f8-bb86-9c2fc6440f7c,4
d71a18a1-4b1e-3ea5-848e-29da0e025323,4
410e7c06-699b-330c-a894-c41917266638,4
51c599be-8e1a-3669-95f0-45f2ae54d34b,4
f5cdf06d-5f2c-35fd-a460-871ecfe3957b,4
e6664554-5abc-38e0-a728-584e0ff181eb,4
564ddbc1-433d-35de-b323-83644553b5da,4
9d612984-51dc-3570-a462-2dc53486a5a8,4
f5c8f936-ecdc-3e64-be57-2fea9152d9bc,4
62444da4-2e74-3c01-9485-64a22c14c08c,4
ba9e8d6a-1400-303e-b844-7d570e0167fd,4
ce79a532-749c-3d05-87d2-a2058a1658a0,4
ff98dd0a-99fd-3c99-b6f5-c64872876a83,4
9dce989a-00f5-39fe-9345-8cdf066e5665,4
c627f126-57a4-3f5b-ac09-ef5ec19992aa,4
e3464458-9ff5-3df2-b945-2b23e53b9497,4
7e15d304-2976-3f7c-87df-46f1e2db8e51,4
e9a2a57f-b77c-3b51-b775-f7253ebd7c43,4
5aef6f93-3283-36f9-ab64-38e07282abbf,4
174b333a-d720-35eb-ba66-ac019c82f55f,4
16f50445-d545-301e-9853-c0006fa6690b,4
6db69c27-6939-3e88-9fa3-ff5ef6eb0086,4
862ab759-1ae6-3c64-b7a5-c4c974add8b9,4
4779b4f3-1855-3ea2-8d13-15b45c6f66ef,4
de6aa436-1ede-3042-8798-5a353e4c76c2,4
19514dc9-5604-3ce7-9cbc-1f953dfc468c,4
e5daad94-f6bf-3977-9112-7ac91bc71bbe,4
bbac4849-2aa1-3a20-9614-69f28e1e2f01,4
cdeeb63a-d7d7-3d07-a6db-ebc18398390c,4
e1b5429a-dbe3-3f2c-b440-0ebbd668ada4,4
220e6a56-38f2-3de5-8de2-d72d4f6377c4,4
19daca08-5f5d-3d33-afee-bbe307d1a2ff,4
ab4d8d01-9fa2-3747-a30c-3f4fabb4f6b0,4
2e4dca72-1aaf-3ff8-8114-2e4cb44c04c3,4
de0e3b1a-3eb4-311b-9ffd-934357ab6904,4
99b7c62f-7db0-3e48-901b-4da144826884,4
1160393e-8719-3496-88d3-ca4c0217f9f0,4
cd49ab2e-b49d-3870-9c10-a6f4a3dfdb76,4
a1d62d3c-a14b-3a1d-ac9e-a4eb8f5f8178,4
daf6c7e5-37e7-3079-9adf-5b4fc3ee955a,4
a67db75b-0bef-31cf-9993-8db7b5be8c7a,4
6ec4f25f-b8e2-3257-8052-44a15a0dd259,4
f1caefca-317a-3151-82c9-1036c5fc83a2,4
44a68d67-4738-3c55-8ec9-ddce8bf60b66,4
f03b5266-b36d-3bdf-9002-4e046180f14a,4
8bff927e-f25a-3d97-a668-40b5e6d7d069,4
e432bba7-86c8-3c15-a8c1-664a47190157,4
e3b8e99b-e0a4-39db-afde-cc5c6b604323,4
231f97f5-d003-3844-a797-441b942f8536,4
2bbaac25-7442-3b1a-ae21-0f47deb06abd,4
8d0bc045-343d-37e7-9129-f029832174c6,4
ee9d9d9f-42cf-3391-bfe5-e7e545eef2f0,4
ba2c3e53-3d8b-3a06-92fa-da9a5e3499b2,4
be4b6a3b-ad79-3370-bf8b-706c37f63f31,4
147ce846-5fcd-3369-aa23-6ceb4b3e61eb,4
5690905c-3a5e-35bb-8754-a9ef1b5653af,4
5cb229d0-5c9e-384f-87ef-b1a60f02a99c,4
e18c8984-a1b3-3257-bbb4-ca573eabe21f,4
9cb702ba-e618-3a10-8c41-2617c679149d,4
deef707f-8b2e-3002-a9ac-65313403a77f,4
a64a05ff-8cf7-3372-bc12-738a12f300c2,4
f765c2c9-198d-35a2-b1a8-bef51641008b,4
f9807012-df8e-3f70-bd85-7ada22f1d37a,4
60b2c6d1-68fd-3857-885d-343e1318f576,4
1f0e1db3-5d33-3167-8347-113eb5d0bff9,4
b37b9a55-a635-3712-85b0-93147bb1fdcd,4
a1bf2e47-00ae-3adf-aac7-79ef6f75a6fa,4
8eb18ed8-ed7e-3c93-afd7-113c439bd128,4
cd3187ed-235c-31d9-a2e6-a6a081ac1fa7,4
a45d1ef4-0553-3367-8fe1-4b87059a53e3,4
f64376b8-145d-3b71-977e-e143c49a4d65,4
3be48e5a-7b5f-3627-8896-42fc4224bdd8,4
dd5351e4-b8dd-3b84-a853-e024c435a04d,4
7d7718fa-65ae-3f51-aa1b-8157d78ecf06,4
15f83fc5-7480-3026-9d1b-e58405927fe6,4
e74b599c-e526-3b32-ba0a-1729195f9268,4
3156ea33-896f-3a94-be38-ee813e5ecd7e,4
ffb129d1-a923-3f51-9dbc-60031d4e9503,4
4dd2a371-6d24-30fe-acc9-1ca26b544ae4,4
a6b684f6-73bd-392c-bc03-cdf909624a41,4
2911ae12-7728-36bb-a780-8a52c6b3243a,4
c5f5d9a5-dc74-3c4f-baf8-ff8fafb06038,4
e5beed54-1a5f-3e84-8430-198340f2bd09,4
d6c5de84-b6e6-3649-aa4a-5f33d4939ab3,4
d9cfdad3-8cb7-344d-92c9-b3f90bb6642d,4
9001b85e-780e-3b0d-99d1-ec70faa60c5f,4
e1640cd5-9f1f-31a8-9985-0bbe04d47392,4
37ae47ad-c41d-39ee-b310-dc07b2831b35,4
eab2be67-079f-3573-8410-9032b06675b6,4
cc8be123-700e-3926-9b4d-46856d852fb5,4
df14df6a-3580-3463-a4ec-4a0d47ddd0b8,4
4bd0fa39-8e57-3c0a-acb1-10aa7a42ea17,4
91a20a77-34da-3306-adcb-8783a94798f7,4
7435a387-1312-333d-ac65-2ddd56d9e50c,4
73e089a3-d097-3e14-983f-36abd3fc2a57,4
980e5bc3-c8f5-3f45-a44c-4eac687a3ec0,4
925db0ba-c4ca-3e3b-807a-70fb9d805812,4
f7d5213b-ae0c-396f-b719-5b1f24914387,4
6940295c-84b1-3720-a410-439f89ed1176,4
b8d909cf-5f4c-3685-b1b9-ee9514a939f2,4
a13e8452-4194-323f-8f1c-80ff395c1145,4
4b5899e1-97ee-3d0d-8b13-d32b7f6ffb8a,4
54e6db92-6ea1-32e7-8c54-a5dbc53cb651,4
6128caa2-eb48-3e6a-b0f0-d897abe3e97f,4
2c822121-9f39-30d3-b568-21c8b9ee4bbb,4
d80a17f0-73c5-3d8a-a4f6-378016387bfa,4
0188b3ea-191e-3f18-84eb-ecad2ae902e5,4
cae44418-b649-39da-92c1-000d29ecb845,4
fecf5a83-dfb2-32d2-942b-90c2d7c6e7c3,4
3aad5fd6-571c-31c2-8cf0-3c893e02d228,4
64cfd424-3906-3038-ad21-db36d30097da,4
685471b3-84c4-3a7c-a52a-3921f2b27be3,4
527f943d-37e5-355b-abc8-89782de98648,4
10fdb761-c038-3872-b4db-5015de807e43,4
8c5086bb-420e-34ce-9da9-b69563cc69ff,4
30f146fd-2e4e-317c-ae0e-3726b7e09e69,4
cd1cbea9-bc9c-3d60-91bc-76b373e3ee27,4
8a1bdcc4-ebb3-3522-9dec-a48d68e5d5a0,4
6c10bb7b-fb8a-3e2d-8b61-056e114ddc26,4
f58d5cc8-a617-325d-a559-6fa04b486790,4
f289221a-e94d-3d2d-a90e-8863ff25e08d,4
74f94724-cf12-3ee2-8be5-bc67531a0ba9,4
8bf915a4-295e-312f-a4d1-6c05c4b084fc,4
96b4a38e-5227-3e4c-8675-33bf9630b97f,4
3bf5d2a2-19e5-3b8f-b7bd-2d7ef988c86d,4
e1688b8c-7dac-393b-825a-314140b3f10d,4
ddb19e5e-083c-38ed-aef9-4105fe6f0e86,4
ad362404-6926-36d5-ab30-3ca4c055259b,4
312e7f6a-b6be-3bdc-b0ae-10f2852498f8,4
9687daf9-a3bc-397c-979d-8e1d473c84f1,4
9396a221-bba6-36b8-9e70-ec54cef744c8,4
d3fdf7d0-0094-3eab-ab46-c5644c72824c,4
4cbaefe6-945c-38d1-a38c-b4cd98a72956,4
d03018a2-79c5-32d5-94f2-23dabde3fac6,4
964cd145-1a12-37d8-8463-8c60a8194e21,4
505fc6fb-36a8-3dd4-896d-ac7053f64d23,4
e13d1f82-d41c-3851-8872-79bde558939f,4
51c33c50-1924-3daa-9a8f-1817fe406ecc,4
1f0c73ea-6962-3901-892e-9bf9bee7e9dc,4
e02f5d0e-86d5-32c1-a2cb-1fc54809034c,4
72724089-8c80-3e79-b95c-a6abbd7ce22b,4
e5dd94bd-394b-3c6b-b172-dde7042b3107,4
378967de-98ff-3d72-b6d5-d15d1d9741c2,4
a54c4915-fd70-3cb0-a3f3-f96a0be85719,4
96a6d8cf-beb0-3860-afaa-93f8edd1a6d5,4
3f48dfb9-9a99-3b03-83d8-f920e71dfb23,4
dde4efc6-76a9-38cf-ae8d-3ee4c42677d1,4
19ca8abe-13e5-3454-b298-aa6838c370b7,4
284045c1-f1f8-3278-b1da-11a6f0453b22,4
5d928631-06d2-3b91-b816-e18d7030b0e0,4
85c943d7-22a4-333d-8033-2ba2628334fe,4
44bb2ab4-7231-3866-a325-0aacdf12dc74,4
8f386f25-788e-3c7a-95a3-51ccfea4742e,4
89293ee8-e2eb-3ee1-9e18-53562c99e76b,4
60be9ebc-6ebe-3afa-a6d5-74bd5c4ac7b6,4
e414d8a9-0a5b-3747-88e0-00d05200fa02,4
d102c1f1-7eca-3e6b-984a-8059c9770282,4
ed97331f-12e8-37cf-9ab4-5183999147f2,4
354042ed-db7d-3530-ba81-c9fafbc875d8,4
4cdde666-915b-3770-867d-5647f3ca84d4,4
49dce33d-6254-3b37-a515-e3ebdbb5da9b,4
4b88f0d1-7919-38e6-9bd6-dfe211a798a8,4
f77ded8d-832a-3b5f-9583-e1f137a2a4c5,4
ab6a4f2d-c358-3965-931c-c86ffa4b4256,4
ffcf832f-ebbb-3a19-8a67-5002dc7c57a8,4
c12d89c1-6d33-379c-88db-a082fa71cc3f,4
678ad8b3-81e5-380f-b3f2-999971debc53,4
ff9de89f-db86-32ee-a2c2-37895f0554f5,4
2c0e83e6-cabe-31d4-8c00-3508f0ade39a,4
7be9e068-6c77-32ae-93c4-26ee7c720e1b,4
56435137-bedc-31f0-9a95-c4daa63e58e3,4
6a43d72f-db54-3d33-af72-2c7058fc2f48,4
3d47c474-cbbd-3e8e-9613-1e9ac9850923,4
c7486dbd-60cc-3378-975d-0e87997c5e9c,4
56f22f46-d3dc-3a0a-ab13-b636e2077c8a,4
aea980a5-afc9-3087-859a-c31bb4319439,4
1254e3d5-7885-3140-a8b7-df8ba36cf04f,4
210da85e-7f9a-3c6b-ad57-db48ce568c70,4
47fa1718-6ea0-33b4-ba61-38bb46095706,4
63507700-a567-38bc-8bf8-29db8f57c937,4
20e56705-cce4-3b89-bdc5-dcd325ef7276,4
f41d5d26-89c1-337a-b481-bf67628e4a88,4
4060275f-6c35-3bdc-8743-8c5c6a8a35df,4
a05768d2-df78-342f-a6af-1595581a497d,4
0fec6d71-1aa2-3d5e-b1f9-56bf28478804,4
d72a9223-a1e1-3367-a578-67cce93753f0,4
13521964-128c-33dc-8b77-9a5fa162df77,4
b68fa2d9-367d-3b37-9738-2f566e1ba1d3,4
6308f319-e601-3b84-8712-5af5407ddd5d,4
bef036a8-2372-3f19-8330-30baab9c5ced,4
bea2ab5a-b9eb-3655-9b25-6cd02775c6da,4
3317c56a-b116-3702-9168-defbe276b957,4
afaf3f65-16bf-3924-ba30-aff49cc09b3a,4
f1c46118-e3b4-3690-b7b1-55cf442163d7,4
eada254e-a158-3557-973b-7a53d68428c6,4
532ab755-adf5-3e32-9d1f-daf1f1fa8984,4
65f190ad-874e-3c91-8c6d-86d4c25c9292,4
35243a01-5601-3386-9c64-decb2e72deaf,4
666d5c61-cad9-300b-a634-7f9e0ce1c367,4
2a41fd1e-2d6b-3ff9-87a2-83ff6ebe86b4,4
1ffbac21-0c88-35a0-9a0b-b77c7acf9288,4
4eb3d420-8630-3128-b68a-3f9366af3641,4
808b59cd-1799-3d47-b991-d117503af142,4
70ffa98e-4f0c-3307-bae5-c03f3b1ceac0,4
080f0a3b-edd7-3fb2-ae74-6faa98ee03ea,4
01d00b12-3502-3aa5-9fd6-b3b9694c8f2d,4
13005610-4b9b-33c9-80ae-00ad60ccc202,4
4b109f1d-15aa-305c-bf74-ade6cb947fd3,4
3512f014-2797-3e2c-8dcc-ecad4f44a007,4
88b3f953-8a2d-35f9-b80c-1db75df167e4,4
301b027b-acb7-3d75-88a5-29bcc597e6c5,4
bfc111bd-e49d-3a76-bc31-ac208551a985,4
0567b035-1e94-3b64-9840-a3d1b98aa477,4
13b5ab11-6dce-3fc7-acae-b249e9ce1964,4
95bf2cbf-9bf4-3334-8217-ef0bacf66c97,4
b68e1532-89cb-371c-90b0-3b48b690b3f5,4
bc01fff7-0fd0-39e5-a1bd-5356321894f9,4
3955ee9c-5250-3fbb-962c-589468722a94,4
58690feb-7621-3e86-870e-5c6ea567e208,4
030c6acf-05af-3d6a-beb0-3464694fc9c9,4
3235531c-f1fd-3983-a8f7-4bc7bd082e6b,4
565ceefa-bd29-3af5-824a-90ac1f6e66e7,4
e623a280-c4f7-38fd-a385-a8e53371e0eb,4
d5d78d8e-99b2-3111-90e5-8bcc4f7bc3a1,4
007157ba-0811-34cd-9226-5cbc8aee41b8,4
88a09ab8-1683-3f24-a581-a2ad5be28447,4
19248ec7-3c69-3df2-bcf1-8747e57cd265,4
dc919a82-a014-3218-805d-c862fd87b84e,4
949d88a8-9702-3097-b2d4-4c6c3bd26545,4
5be42f7d-d038-35d4-a913-5637300021a0,4
f2d87140-1d5b-3398-b4a6-5254fc7a1bb2,4
7584f239-1c63-3297-87a8-e1a6c0b4c19a,4
99b52bd8-3a97-3236-9647-310ccbf79b43,4
9e81586a-450a-3d5c-a3d3-a19c1e447ca0,4
8875126d-a78c-3275-97ab-55a3a3031ce2,4
cddf3d53-2db4-3a75-915a-8ffa33bb682f,4
afaaefb4-94ea-37ac-b253-d439a17160d2,4
627b9ac7-32a8-3b2d-bc9d-fadcc6c11b90,4
7a820882-0eaa-346f-8c43-83bdff6c8dec,4
82de0d90-18f5-3607-bac7-0664e037f87f,4
235a8942-7430-3e37-9ef3-71ef2e6ab42f,4
acd64e32-0f37-3769-bbfd-e8e529515b6c,4
bf48301f-c6e0-3d73-8e2a-ebe116e467f5,4
e6d2c3e0-a858-3341-98c9-fd29eb099610,4
e2a0283d-e655-32c4-b7b2-c1ef4e7531d3,4
abcdb6d4-d5f1-3f35-aa3b-48878c6550d5,4
fd8822ba-8b62-3ea3-8161-fa50a95fc15a,4
774b83b6-7f2b-3d04-b1d7-1a1501052847,4
33f22e90-a27c-31fe-be58-2f76ebb130f8,4
299bb315-bd15-3763-b60a-aa3aed4f3fdc,4
80277efb-ca79-3783-a407-678b471c5e66,4
d125f02e-168c-3bb0-9de7-f26992d87581,4
6da72a4f-5df0-3ce2-8bcd-d2629a1b38e7,4
6a5e05b1-9929-3fba-9bf5-899f8f1ca514,4
a2626240-9b8b-3fac-8024-1ca2d84ea4c2,4
c3e5ef4f-96be-3e03-a7ee-efab602048dd,4
f5bf4303-9597-348f-a508-23d4368bd62b,4
0e62939e-095b-372f-82ac-20397554d084,4
40feaefa-fdd9-37a5-82be-047f103550e5,4
15f4cf8a-bb05-361e-88a0-fd96513ed78a,4
e6269d47-539d-3980-983e-845789dca9de,4
f8b50c78-aa12-31be-b404-e385a37766ed,4
364176ef-6242-35c3-8a2b-3151f95ffdf3,4
6d6f4664-99a7-3fa2-9da5-b7f258480ed0,4
a1b9fe1d-f908-30c1-b262-cc64ab21dc91,4
330906ea-0cbc-3887-b075-f11523989b52,4
8e74e931-9f4b-37cb-b023-58253cdef1a4,4
1c65605e-f350-3362-bc3c-e63171e3424a,4
4e35d1d4-64a6-3e0f-8594-2b6a867bea64,4
e5b40b3c-d3c5-3ff0-ae7c-a1bf7f7486ca,4
8cc1e3fd-d5ca-30e2-8455-f19116d1186c,4
82a660f8-c81e-3b78-8aff-ef9607e95bec,4
add9dfc3-eb44-31a6-a460-a46cf3719851,4
24a1f93f-d081-3ec3-8975-136da1a4f5bc,4
4197729f-cf67-312c-9709-908fc3888cc7,4
c1a6c52b-5250-3f78-844a-995a77980197,4
b55a34b8-ce87-340b-84c5-499fcdf2b2b4,4
3f4cdf2f-1c0a-3926-ae94-8d20b685c207,4
f87ed39a-074d-3362-89da-0818417c3fc3,4
3aa3f15e-21f7-3d61-b529-f7e41dc743ae,4
3d8fadf1-5e85-307d-885a-118ef23310f5,4
e4d29f57-9cd2-3fa0-85bd-44875cf0881c,4
02e09b49-c49a-3746-b8f1-1710f51c3d9d,4
221ecb5a-4936-32b6-85fd-ca267f77cc0a,4
cb2c03bb-5546-3bfe-aec5-4579d5b92d88,4
42c3f1e8-4cce-3cef-af4b-dcb6d5f2ae17,4
e2a77c57-6f93-31f0-afbe-108719f72c9a,4
97969210-6cf6-31a8-8e5a-883a39b3169a,4
d2a21ebe-fcf8-35d5-9e59-a60d39e2acbd,4
30b3cf3f-9cf8-3270-84bf-5b7b939d0e09,4
5e5e90a0-6617-3f70-8400-6a21def0c8b7,4
dc6d55d3-6e8f-3c80-90c0-a8ea4e3e53d3,4
64e86f8a-40d4-340c-9661-9b0a95718329,4
a0931159-52e9-38a2-a73b-ece17264c82a,4
97c95ac7-230e-3db7-bd2a-503ff115cf8f,4
14f2a20a-3376-314b-92ba-3e675982c80a,4
c3ad7e53-4209-3aee-ab9e-07c64571c6d2,4
50ce79a5-836d-3c31-910a-b8537aea34bd,4
63d35ca9-e30d-35d9-bbdb-32d12c456dfe,4
b1b8cb75-cd43-3323-b97a-51b0f8907e8a,4
650a473c-7ba9-3cfd-8e10-fa786098d8d5,4
44e397d8-3c6b-340c-a538-09256de3b058,4
837db60d-cc7b-3129-bca7-10071498f732,4
4fc2b643-f7fb-313b-b983-5ae6099732cc,4
77c3e61f-d784-323f-8ffb-547f485c758b,4
cb39d5d6-86a8-34d2-83d5-8a0f8c16ffb7,4
7227336c-2fdb-30cf-a038-96ad373143a7,4
a7e4aa2a-3ced-3b07-923c-fa57bc07a452,4
08e4034e-67a9-37b5-80a8-ad8c716053bf,4
c6008691-3ab4-3ccd-86ef-8d659b286174,4
dec7defc-a473-3a21-9147-671eee9a4c41,4
d411a6de-39a2-3369-a261-624d40d855b3,4
02251df8-337e-3cea-a005-7de763f6b9c3,4
436d8f28-fd86-3e2f-89d7-199f08487ad0,4
ba4f89a0-c777-3c46-a36a-ee03af1f7bf1,4
b2796723-c209-3933-ab94-da6147b3d6a6,4
2607949c-34df-3043-a53d-ea35f1f11440,4
7d3c4b27-74a1-3bee-aeaa-3c6ba50b2cbf,4
50467397-b798-34cf-bc4b-c896a120e7c2,4
55e947f5-ab9b-3685-a972-7832f676a52a,4
c7b2e514-5773-3259-995c-d46c8bd95849,4
07ee26de-c026-3cde-a8c3-9b9ba36d6c2b,4
881e694a-6e23-3bb1-9d76-1c57838e0648,4
a447420b-dfb7-3e94-9cd5-044a816b4cd9,4
7484ceb5-d5cf-32a6-a5cb-9a02d2822334,4
c074fd2b-a882-38c8-8a5c-e32ed534939e,4
a5fceb7b-76d4-3780-bb3c-04cbee5756fd,4
e4c2a866-0c80-3b37-ab00-6f92588487d6,4
d05e9001-e498-3117-a5f7-d8e853ac0ee4,4
751dd7ab-dd4b-37e4-89e2-6d331161589d,4
2ee29ee7-36ad-3cca-a098-e08d0cf1b8b5,4
c9804fa5-d81d-3d45-b188-c2064cd9ade8,4
6055fe4e-873b-3d78-934a-b4a8774c24cf,4
84ebabff-298d-3548-a07f-a825d8ac7b9e,4
48723695-3555-3df0-8355-cd7979060b02,4
03e74af3-d793-3a48-86e8-72461827844c,4
8c6074e6-a20c-3877-81a8-848ced40a96d,4
6d11891d-225c-3c24-b434-b62c66427031,4
0afb1679-f4b7-3c5c-b884-b02b7b3aea96,4
18c2023a-529d-3363-b588-adedeee30ba7,4
7dbf61f4-c89c-3e49-8c99-8637fbc99ddc,4
a47fedc7-3915-3f64-bf5e-c8da389dac7d,4
6f386820-99c3-3cc7-83d1-02990bfc7d1e,4
29ac4418-d5df-3e89-8864-3ad6827a3873,4
b7112dc1-cd8a-3c87-9c64-6ef173bacb7e,4
f3aea344-e601-34d7-92cd-df54e33cc723,4
946678b4-f248-375f-81e2-1d2a3718cc68,4
42ae16df-524c-3087-9ec4-4bb1263156b6,4
84c6ab6f-08e8-3c60-b65e-26795e92e2c4,4
f5a98073-3f34-3877-ac01-7fd59bf9347f,4
07c0a5a3-3e93-389c-b098-edc56e59fd85,4
a8bc162f-000d-36c9-8784-36e140a97b0f,4
83f2616b-270f-3c93-a548-49a981599a67,4
44700bac-79c9-358a-979b-dfae37a1cd9f,4
8903c8a8-f607-3cf5-8972-b0fdb6e7b747,4
9c86561d-4138-3f85-bab8-64b8ccfe1f37,4
afc04ba3-4a00-3b37-8c27-0ec9425286ff,4
75bf4f5c-3818-39af-9a78-6ff50239faaa,4
2b644955-b9fc-39e3-9c30-acb684552967,4
087ef853-e4af-3840-a6a1-941ffd4972d6,4
67c16df4-a301-3a5a-bf0f-033d934e6e71,4
1ca30268-3c6a-36f4-b298-ee09c4c171e5,4
fca7f9ad-92ee-3396-9ff3-b9487bb93ed4,4
b12f372f-f739-308c-925d-bf87dea1d96f,4
ae6d1334-7244-3b66-8e42-6569f3ec2f1a,4
2f5daf15-87d8-3c3a-930e-78421fd8e3b3,4
4c0b8913-8005-3db6-924c-984ee7935992,4
fa2ab649-46c9-3e10-a47f-54e84bfeebe7,4
7916e403-9f72-3f2e-a81c-951af7035386,4
13cafaee-7f6a-3a8d-b7f1-38626509ef5e,4
6060f1bf-433e-3e17-881b-6a86e56d25c0,4
8e033307-cef1-30b1-a589-a59d662fecd6,4
a7be0de3-dd68-311f-8526-5b792894f7e0,4
eaf3ee97-3a05-31e5-ac3b-58c8dacc26c9,4
5279bc32-f424-3876-8d76-1fa9a095adc6,4
9a0e9f23-b8cb-3fff-87ea-522ab5df0dab,4
4f77ca88-7198-3799-af39-a0e2a5fe68ce,4
2c2f87cf-90a5-342c-a6e6-bb5993625817,4
176c6994-a995-3e0e-a006-4d3b834ed869,4
45ccc7dd-1a5a-3c15-9883-409b8fc98232,4
6f93318f-69c9-37df-bcc2-c87e2637a86d,4
0d9511a4-0ab6-3bb5-9f44-a81e44304af5,4
d8382906-aa03-3743-af9b-f36386c7f0d0,4
16f59f5b-050a-3c31-9379-e211b1c295fa,4
6f93f6b7-e526-3f05-8828-3edcd4076ab2,4
b31473e0-9290-30a3-8ddd-edf0f4cb9cbf,4
b467b6fd-ccd3-3fd0-8a2e-3a9160512e14,4
f282b088-abbc-3907-bcb6-9c65cbc51d87,4
e55b2e63-84b4-3055-85db-b192464a6f47,4
7be66677-faf5-3c7e-bc21-792506d2b7ac,4
086ecd6f-7b8f-3ba9-88f2-b78b7f6b4b16,4
dc4aade5-6a7e-3495-a560-bcc4e8b646dc,4
22d0d355-8ec8-3cd8-bb79-0339e5385e07,4
54c7d772-9228-3b5c-b354-555665ce179e,4
d4ac1929-915a-3c3b-9446-5129132ea8bb,4
9589bbf1-dcc1-3c6d-8fc6-1138cc5c3c04,4
6c1814f8-168d-3d4e-8814-2de4289790c0,4
48356e7d-c1cf-38a5-bdc0-dbab82613862,4
f6fea807-dfed-3285-b4a2-2f44f63e3a92,4
2013dd27-21ae-3515-b653-f161feb8737d,4
f8424035-a1b7-3820-b106-02af67dbe231,4
e20bf60e-2b3a-33ce-96a2-0781ad73ba48,4
b05d047a-812e-3a4d-9952-841f89df554e,4
f7a43e48-5058-39c5-8049-525eae0f98bb,4
a904c58c-3c25-34b6-9fec-98539b0df416,4
b2fb9456-596c-3591-b101-51bb69bef30d,4
e0643962-a93d-3ca6-949c-104157601dce,4
2c66af0e-4766-36d8-963d-a9b32cbc5348,4
5b39e10a-472e-3bba-a4d7-746dec820ff2,4
bf56a8bd-f337-33cb-b555-789371f9c831,4
a8f4443d-6874-31d3-8512-27e435563290,4
578012c6-cc11-3f05-b803-db7132438989,4
4ad0422d-f920-3c76-b5aa-decaf0b8dce3,4
5bc98a54-5b8f-343c-a6bf-653731fad54d,4
1e486cda-8701-3416-a4fd-a745ad4f5a40,4
963ca864-f712-32a0-9084-9ad354453ee5,4
0b16e93a-5264-3689-b472-ed9b69d1ddcc,4
2c907866-8901-334b-9774-28bf9ac4bbda,4
0561900c-aa1d-3baf-b279-f3d81c6cdb81,4
07dae17e-c668-3db0-aef3-717d61715836,4
47501982-c504-3f3e-bf40-990cb8598ad4,4
756a40b1-acfd-3687-b950-2631cfdcc96c,4
2d42d10e-85be-3b5e-ace6-5e3524fb1385,4
987495f4-5f06-38e9-8356-3f2b86a36a10,4
a842de79-c57c-321d-9ed3-89c5095f4f32,4
2ca43e93-85c3-3cda-8c77-2f1539ff4c3a,4
05fa68e2-338f-301d-b752-846da3a67ecd,4
6a80b3ca-af7b-3ffa-9470-9dc8fbe06f9e,4
287642e0-3a02-3c66-9056-6582e3cde6e9,4
403ffa46-a8d7-34b8-aaa0-bb2ec0b47e4c,4
2dc94acd-0171-399c-9d59-26aa2a4a46c6,4
eac96e6f-0c34-33e7-b188-c1bb1f1559a9,4
54ca7b2a-b775-30c7-84ed-202e74d85ead,4
b539344d-611f-360c-8da8-86811dee61e6,4
08a6f2ad-b8fa-322b-9639-60ecf7aba830,4
a3d9b44d-81da-3b8a-9ee0-b9fcb6ad9658,4
d52e6b4b-b726-3b8b-af0a-abe33e145c34,4
31ecc12f-5062-39da-8c29-9530ff174b8d,4
4af7dc97-dbdd-3138-ac2e-5b8d8a89244a,4
5a13ebe9-a70a-3e51-a161-cea8e760f666,4
d883ae86-7df3-3575-bddb-945a90e67b2d,4
6c77f6a2-e968-390f-8149-bf2f67e1ff5f,4
6d4b815c-a0aa-37a8-b6b6-a5c64e7529d1,4
e03d86ae-9c2d-3441-9a0c-9791ff6289cf,4
9ee4a80e-f7af-3985-b4d0-0f995a3f6a2d,4
f65fc423-3ffc-332e-93ca-ad0770ed93a3,4
044b92ee-00cb-32a0-814f-90393739acc6,4
cdfff24d-e528-3e81-a6f7-c943642250dd,4
d0f5fa9a-64b4-3d9a-af22-e37ed5d32ced,4
e6a33328-22da-30af-9df0-e0cac551303b,4
a736c814-0961-3be4-b3d2-76637c76018c,4
33e0085a-e729-3b4a-963e-ccfee64881c7,4
9b480280-65d9-314d-8732-b23b4828f174,4
02ac70a7-579f-3d8d-9c7e-e3457af6f597,4
aea43eb4-5081-3d4c-94dd-000e9cd06b7d,4
0b856f60-e271-3fd0-bf77-481fd4b0b40b,4
397068b7-9ffe-34c4-886a-26f1625fd473,4
1a7cbab3-a879-3bcb-8433-ca84fce25ced,4
09252623-8a27-32d7-9bb0-d9ebd85b548e,4
fd1c2124-0a3e-3980-9043-41fe32a1eedf,4
b8053ede-6d14-3040-a624-5b4a8b3cac0f,4
c6d74d14-abea-3c56-967d-01d0395c5de9,4
db73e8ff-cffb-3974-bb25-ae31b6c5e3d8,4
554bc8d0-913d-3268-acfb-9e943b8872f3,4
33cfbad2-9892-394e-b9db-e3698d99cc49,4
7bc0e7ba-0598-3f2b-940c-67de0dc02fdc,4
0515e312-5abf-3164-ace1-5cc6b387ce28,4
fab7a7b5-e0db-33f0-8b7c-9d320e8bd2b7,4
a6fd8db9-1a4a-3231-9bc4-0168514682ec,4
d4886d4c-bf14-36cc-b121-ca5fee6aef12,4
7482f210-d6be-3d24-a794-a72495340794,4
39e66f25-e002-3544-a40c-61430fe92a16,4
cf6fcf69-5c07-35ef-868c-ec4f86a2574a,4
55e0d082-549d-36f8-8881-493e171ef292,4
26b67cb9-2ceb-3fa7-9a59-99338874a83c,4
48bdc593-0103-3f9b-8760-7c39a6c5854f,4
b357a08d-f1b1-3abf-abe1-4a4f92f9015a,4
fef8db99-5bcf-3cfa-9957-89a1856e5c0b,4
6db6efb3-42de-3fad-a793-3a40228fc073,4
793f4cdc-0071-3b6c-85df-52a2d9d29af7,4
a070a66b-a388-3ae6-ad49-c46645b8c7ca,4
68608416-0d7d-30e5-bbfa-1d526b276b9b,4
eab7f122-33ed-397b-bb5b-537918b3a75b,4
68aff214-520a-33f6-b209-6d713158b967,4
ebe3499a-4a13-3da0-b026-d45527a9c9cf,4
561fb3a7-a872-3ad1-83eb-7e7a3413c5fe,4
f3b36ac3-d74c-3701-8d34-f54eff9cf8b7,4
f55e7bee-31a6-386e-884d-d9d02b247057,4
ed96bff5-afa4-37d4-862f-2fcc50001551,4
8eb5616b-7c70-3309-8c38-6e461808e329,4
2ebb95f4-8c0b-38af-9d51-2ab9b009a0d7,4
d224d650-cef3-3c66-887c-a1b15f7e607c,4
e78fa65e-3456-32bb-8a34-ffbf5595df4e,4
b610d69d-dace-3a5d-a923-d1a676c73554,4
c40bfdc9-ea42-3a4e-88c3-9c34d0e3733e,4
4fba8261-4f73-37a5-a44f-dcc0715da042,4
0bca6656-e9e8-3cfa-8c7b-c696e0fa4795,4
dbfd3aa0-5aa4-3f69-8781-269ebdd3869d,4
1be61759-b39f-36c6-8eb0-89f165b39bc1,4
684bc2b8-fd5b-3898-9ea8-8f94dbf4449d,4
4799a027-7ba0-3545-8318-4ca2536c6864,4
3def9d21-3b9e-3a79-9392-c5b371325b30,4
5a1cf365-24c0-3a27-bcea-845d0e72482c,4
1dbc47a9-459c-3c26-ad67-3e36ec2d9a6a,4
e0250f45-1cf1-3bc1-9f0a-e4f82223db85,4
cab55adc-6345-3917-96f7-ae3ff0ec31c7,4
d0971717-9ebe-3ed3-ac35-5acafe5713b7,4
004fe090-1a36-387b-a4ac-b094d89ca622,4
f71e70bf-ec54-32d7-afd8-54427fd696c2,4
dfd2afba-8d5e-3589-9a4a-1f0247a763f4,4
d34e832e-68f7-383c-97c7-44fcc6e2bcfe,4
bf26151c-ce69-36dd-b858-c72aa9cdd3d2,4
ab6188fd-8e1c-37d5-9483-232874995e99,4
f268e7f1-226e-348b-a308-1f55702e1910,4
6f88ccc5-9f7a-30bd-a4f2-f29bd78e9e9a,4
7d48f1c2-71b4-3d4d-a1f0-789545b5b1c9,4
de9b477d-a3f6-3fa1-8430-ff891987ad6d,4
23f30161-69c5-3599-ab16-bd3256ca5457,4
f806b3db-c75d-3dc7-aa56-b553cb107a2d,4
09be23a9-50b2-3a8f-a50a-02c33d496819,4
789010ef-cfe8-36b3-8d33-76ffb3013745,4
db86fe0a-8d40-307b-b109-dcfea854f1ff,4
bc54b101-2636-31e4-9da6-35da54bda79d,4
b4a1f8dd-37ee-32a9-8410-0401b8fa57cd,4
61c46fd5-3998-393d-b7d4-8278d27dc0f5,4
8d5c3e19-1465-3f40-b10d-eb80b0f50b8e,4
92204e4a-9b3f-35e8-a43d-6af54d35eb71,4
4e8bbbea-18a5-3e96-9fab-7097435c7e96,4
1fd44823-0481-3256-b6f6-7dcd1de5933c,4
22fc5453-3ce2-36da-b535-45daf7887256,4
98c74ead-7aa6-313a-b998-bae4c8f35d74,4
5d1807e9-cc4c-36fc-8431-9ca27175b0fa,4
71985cd7-85aa-319e-a8aa-a7aa24da1a63,4
5ea320c4-a701-3b77-ac50-69abac905a8e,4
e34ca656-e422-3d9b-9f5a-fe5aeb4757e4,4
9b67c14e-abaf-3119-8c7a-4bc79bc4695e,4
0c07b944-54ad-35ba-9f8a-ef3ec2149027,4
445576c8-185a-3a63-8c68-236e8e36151e,4
94816f53-48b5-3321-8b33-64ad576994e0,4
ce1eae9c-7ab2-3879-96fd-67c38bd119a1,4
19e3840e-cd96-3ce5-a041-38f209562b17,4
4cc8dc5a-6e19-35e1-8f76-13931b6fc7a0,4
3fc84ea8-214f-3b5f-b7ec-c0926b7598d6,4
934b4433-bb7a-3a72-a289-0391e141eefd,4
bde6cbe0-04c4-310e-a328-de502fe90b12,4
cd7105e5-ce11-3461-956d-633bc3bff61d,4
5cf99ebe-37be-30eb-bea9-2daf8219ef47,4
33beaa88-e850-3fdb-ba7e-a8bef81e07da,4
53685938-dfe6-3c8c-964f-dbbf055d1a06,4
ab229b2f-1d8d-307d-a772-c41f9bbb5cf8,4
95104d63-f27d-38f5-86f4-1607b83d2323,4
cd5b5a42-2111-31e3-be32-a989b2bf4163,4
fe9e47a0-cf0a-3c27-9c3f-32a0d0c12dd9,4
bc5921cd-eb06-3e3a-9428-704819c77c6f,4
bfbcd383-d8d1-3763-8551-e6a61b24145d,4
961d8660-a5c5-3d0a-883f-8887c2bd94cd,4
03095555-1db1-3b55-b8bf-886b696706fa,4
08e332ee-52a4-315f-ae42-932ba842f67c,4
53c433a3-e26b-3b55-9b56-b4717ddbf7fb,4
d43834b1-65f2-3e5c-a6f3-ff07ca6c2bf6,4
163a6e08-8ec9-36e2-ac67-02646cd5ef2a,4
68b5ea20-1be0-33fd-b5cb-4a8b3d7bf82c,4
0f4caa60-1f60-3bf8-901b-8595aa0e4038,4
2278dc1b-87f1-371c-8a0d-effa850f48d4,4
6d06c7f0-2327-3abb-9a0d-5b4ac69e1c24,4
6593c904-d76f-31bf-907d-5252f1638d47,4
76e4d93e-2679-39bc-99b8-ff7d9ef8e4aa,4
066ccd06-4aba-3f94-9b0d-fc1343c3f5e8,4
3637b5a4-2218-310b-ab94-fc88c43ef8af,4
f7a0d1ac-f7cb-35f6-9287-b83d6c703ca7,4
463a53b9-fdd2-3f78-a491-15076506fefe,4
6568c12a-2ff0-3f8d-a4b6-8309e98a8efe,4
3952fd84-ea3e-3695-af26-6eccd669d38e,4
1f8796a7-52ea-3270-af8e-5d283372e8b7,4
2e091733-607b-303a-96f2-bff06ce71b31,4
796290e7-8e79-3a93-acb7-b21eac0879a7,4
4b0950b7-f241-3e1c-80f6-9c0843a6cb9d,4
f49c1a94-1ec2-3866-9e75-ce654564e42a,4
e28d78b5-1b5e-3100-bb7b-a319bfe90506,4
f65fb8a7-87ec-37c1-bb63-ef5f9ca74d13,4
4b533579-cc14-3be1-ad6c-48a40bd22530,4
236342db-47e8-3840-9eb6-71c61eaa6662,4
afa8d3c4-4b6c-3fa3-8ad7-69f71ff9463b,4
ecae124f-08dc-3c9c-9584-f38e5c80d6b3,4
4901577a-93fa-36ac-a331-e20eced8138f,4
e0c1120b-5a8e-3e0b-abdf-7c522758ee04,4
ae5430c1-13d8-3426-abef-a239794f8745,4
304e549c-d267-3839-abc1-967a975ca869,4
dddaa572-05ba-3478-a976-0596908a3062,4
e742d4c3-4db5-38ea-ae4a-702505edf36a,4
2c38d20f-7c25-3e10-b3e3-cf275d77a5e3,4
f5cf411d-65c6-31c9-84bb-d70d82eb6b2c,4
f7dc2970-705f-383f-8fd5-70851274662a,4
097dc8c8-6b46-367c-8ef9-9d6271473ed8,4
0410f3b5-4aeb-3176-9c22-5c63523d14ae,4
a482dda1-7c4b-34f6-b919-eb62b407a418,4
d1c341e3-cd6e-3690-a9eb-87884f157bb3,4
b892e024-f429-3b35-a173-e5b5c7d28136,4
557b1f1a-c718-3fe9-bdfb-59504e413b09,4
6a10a1f3-2a64-3b96-baf7-ead65f145acf,4
c40bf4ce-f161-3131-ba32-84ca6d0990b9,4
68c31d60-cf74-383d-b7ab-b7580a99525b,4
7455fce6-2612-367b-9472-7b87d7533b06,4
b94d0b20-43ee-3f44-9bcc-817f5ca4ed1b,4
7bee2b5d-416b-3665-b059-88326b358bbb,4
ba3fbd2b-5783-3ddc-9fec-d11f8dfb444f,4
d86aeb0d-ce48-34f8-a9ce-918c15e1d7a4,4
29b5acae-4374-3e45-912e-3989d7137a7a,4
d16b08de-4819-3ee7-9f11-f548c34356ff,4
aafa60f2-0b5d-3d03-9076-23e7aeca7807,4
386ee05d-0706-37e4-8225-9498109d6b1c,4
8dda8b0d-c43a-346a-81d5-ed582b021132,4
4ffb3114-b0c8-3558-9d75-160c4822c1ab,4
a0f4e6e6-724c-3dd4-aed7-73b5f94d9339,4
8a8f1459-e82f-35c9-adb4-059a0232c749,4
8396ba73-7f8c-353b-a578-16b4c010f7c6,4
e19ca9ec-cf8c-3864-8fc9-9ad2fb80b0c2,4
3dfdfb1a-cb08-33fa-ab03-b9f5a86d50cc,4
ec98ccd9-2e15-3fbb-bacd-45428e3d55e7,4
0e4b87c6-261f-3130-b217-a7e20b93048a,4
7fbbbaf5-9e95-3079-bfa4-8c4a58ce0571,4
d0f0323c-46e9-3ab1-9331-94a1d6ca2da0,4
60882cb8-dfac-3b09-ae29-6636a0061b77,4
2f4de339-0475-32f4-b945-45550b6fe13b,4
eace676b-9783-30b0-bd61-d54b49bd0ebe,4
9117e720-d677-3ae6-9558-0909f735e8b3,4
a23fe52f-980e-3093-99e2-3f3f6856fdcf,4
b1773b8e-a380-37da-81ac-ce5d41372000,4
7571aef7-9a90-37ca-b3cb-96a2049ca11d,4
bac4f064-2159-35fd-b79b-1ab2c1694b56,4
005e1f85-cc08-309e-8fc3-7f1e348a7159,4
b275eb68-ee00-3179-abb6-75d750c90e3b,4
e84a8bde-9d7c-3bf9-a832-c7c97f96523f,4
19a9d740-40b4-3574-82e7-58bf830ab4cb,4
5c3e31e9-1866-3812-8587-5014f23c3f02,4
51debe0f-9e61-3c5b-886f-38a128e2d23a,4
db3a8dda-1fba-3900-a2c1-e7b7e12c5d18,4
19cfd79e-190b-3841-9888-8a2677e70e3d,4
d9ae7e3e-7a64-3b05-8a09-008fa4bee479,4
93efb8d1-b643-3c61-888c-ed213be65755,4
c9c8a5d4-140b-3e84-95f9-607f523582bf,4
9af72290-e732-3597-b3c0-f2a5fce1ecef,4
f0447827-c4d4-3f5a-bef5-e00cf776a017,4
3749e1ff-f677-3f28-bdf8-a868081e284e,4
7f70c840-b100-3f02-8346-da287eacfbaa,4
c496bff7-8b8e-31af-9012-bff3b3be3687,4
6a0539ba-6204-3bce-ab85-9e537220c4e9,4
36fa5c8a-52a1-3a85-ab2e-462bca1f764e,4
5211f3ad-e34d-3bbb-b3ee-23af6d5ad6ca,4
cbac16d4-4d6e-3ae4-a503-bef4dd41a814,4
7fff295c-5c1a-3235-8e46-cd58ade2a0cb,4
b0214f7b-3f63-337d-9aa9-6222d2a3e6ac,4
747a564b-f427-348c-bb68-6a79a2f5000d,4
6ff2cc03-7c80-39b9-8c77-c86caad5751a,4
67bace73-074d-3c59-8e53-9f3e3e088305,4
644ed476-88e0-3bde-b264-630a4b48dce3,4
fccb5881-44e8-32ee-9ce4-1e655febf8a8,4
452060e7-9425-319f-9167-dc2e22a9e9b8,4
2288cca5-7c11-3ca8-8c2e-73f6fac5ab6c,4
ed6f948b-3b0e-340b-ac40-53063caf9645,4
8a7b5ad9-c145-3669-9715-e3f4347a8c1a,4
292b80e8-48e3-3eb7-be56-91996c79ef2f,4
eb69a24d-9cf7-36de-b68d-32f28c2aa68d,4
8267c212-35ed-3b05-a4a2-b420142bbf21,4
224a6183-0b70-33bc-8b37-d87a7a334b1d,4
de3cfbdc-3aca-3188-b873-76abb10cbeb7,4
54c118a4-4ff3-3d55-89ec-eff88c9ee4f8,4
4b6fd4f6-d676-3344-98c7-60570b206c41,4
dd8bc75b-1e39-3a46-8bce-969a48c01301,4
c5954244-e065-3dda-9dcd-7b16f7743cb0,4
60f329a1-a3e7-3e30-8f9c-00f06a4545e8,4
f805d80d-5555-350e-8bbe-8b6bb2485976,4
97150783-33cd-3e13-ad5e-ccc07b4f49c9,4
db53c201-5d33-38b0-9aee-ecb4faff462b,4
b9e7c1a8-5092-3620-a0b8-95194340d207,4
5835b7e7-5ba9-3a91-948f-5140a910ef65,4
995e1578-7ed3-3beb-963a-b6e106265969,4
372b3673-433c-3be0-b35c-7adab78c278d,4
4fdc204b-feb6-3190-8857-7fe56b4824a2,4
03493b0d-1e84-37bb-afc1-03c977d08055,4
e0ec5189-2ce4-3ba2-baea-4d68d6b5e040,4
5ac1bc94-84aa-30ee-90ec-f490dd3036c0,4
65430c9c-ff4c-3b7a-97ec-2d217812e5d3,4
29c2cd1d-81fd-373c-9675-c69bbb98411f,4
6b97c0e8-ba21-35a6-9db3-afcf91cfb415,4
66bdd384-62f3-3ef4-8ab6-2816319f9451,4
d5874b04-1ceb-37d2-9307-fe7ae608c556,4
e5abfdb4-b0cc-382a-9e28-2dc55d13ce77,4
e289c269-3b16-34fc-ba77-8c0029c5448d,4
0985025d-7fae-3dff-81c5-d5a6b60ed69a,4
14e6e231-08b8-3435-a40f-d914797c98b6,4
4d9fa5db-6a83-3f9e-8039-bbe76624b885,4
dd8767a4-d621-3f11-b8a9-56adbcf68a3e,4
b6337100-64b8-3991-8db0-9c17c701eb60,4
372eb447-bb38-3703-a327-a3e53004afe8,4
cc55e73d-5f61-35a7-9627-c4cda315e8c8,4
18381bbf-8e30-3a22-af5e-8035ef1def15,4
e36c4f5c-d459-371d-8790-9f199e313040,4
450a1ae0-65a0-39a6-922a-ba9702d6ed4b,4
a43e8e1e-665d-3d1f-9c9b-db34727bc832,4
bb2384bc-ca1f-3ba2-b80d-dadfcbafa79e,4
4539921d-ce5b-3f3c-87a1-d9460785ec95,4
d2b740f6-ce28-3ea3-927b-f28fc427acde,4
8276aac2-b29b-34b7-be4e-7dcca785d598,4
585d883e-8a6a-372e-9aca-6c6e4098da8b,4
e0e3e58b-57ad-3dd8-8b0a-b556580041f4,4
6f744707-a843-3f99-89db-addf1a3a7e1e,4
dc73bde9-3433-306a-86be-667788c5a3c5,4
78be4996-d0f3-365f-8e44-cf69924edf12,4
0f7f4698-8686-3074-b4ae-0cca3343e97d,4
8e7a62af-7a2c-36f0-9f3e-e7b1b1905a58,4
89e8a365-1fe4-3260-a557-23d31cad213b,4
56a3d4a2-3a2d-3ac0-83a1-dbc3566d002b,4
7be678d8-9098-35f4-bcfe-9f92167d6989,4
e8ec5187-9da5-311a-9a37-184eb6c7fd0e,4
2fd036ab-ed62-30cf-aa0a-1a114c9030c5,4
32eaadb9-7f26-3050-b60e-29f68fc57bc6,4
1955b293-24e0-3ec5-83ac-d102db5124b9,4
4fa1528b-93f9-39f3-8d3a-7c1dbb5b69cc,4
2032a18d-b984-37c8-86f6-af40223a1482,4
ae67aa45-ade2-3c10-8c14-832350b87771,4
22eea3a2-0e88-355c-bc4e-f223fd7d0d96,4
efe4dcf8-f991-3aa8-bf98-4bcac52f0e9a,4
dac00576-6b2a-3959-aa47-3ef1d32be9f2,4
4f356278-6264-3f35-9147-fbc63750fb11,4
881e5ca8-7604-30c3-ab04-aa73bc416b70,4
243eb1e9-83b9-39e8-8114-eae04cdc24eb,4
7a65a5cf-59d6-3477-9de2-3c66f41c8dd8,4
31569c7c-fa1b-3cad-aada-9c6516ecc7b0,4
4b544b37-318a-3722-bdc0-f3557485d126,4
15ae634b-7cfb-358b-8f6e-390f3eeff944,4
2f0dd63f-85e1-3d76-b2f5-b0ee133a44c3,4
18123b4e-972f-317c-a43c-32b7147e3b81,4
7166554b-1afd-3da7-920c-46a89de6c602,4
265c9920-a100-3fca-88e4-9c9081b67bd4,4
07e3b934-5b40-3c30-b8dc-6bfb9f47b86c,4
911df257-8d63-3f88-a432-6a4a78107f59,4
3002ef9c-c7e0-3efa-85a8-3857bf3d786a,4
d325840f-cf82-30c9-b67e-7993b205440e,4
1932b790-62a6-34da-ba7d-110e9152eb06,4
823034df-adf5-34d3-9eb5-fd6ef0b9c924,4
3a7fdfc8-7a96-3a55-ac9e-5c30c6bc2054,4
2d6bc292-e3a4-3a66-b455-4f494026c478,4
e33dfbc0-a1fb-353e-8cc0-591e363bbc0f,4
43fb525b-e1c4-3695-bd0c-649955d0152e,4
b13b799a-c559-3dd9-b47a-05225bb3c58c,4
6fa95bca-3b17-3e92-9cab-ccfd7f6d6656,4
343cedd9-5202-3880-bb9b-9b7cbe917c89,4
36f5ba31-3f84-3947-93d1-51b3e26b8262,4
19ecaed4-db97-37f0-824e-07313a9b92d7,4
71f2812f-a37d-35aa-9290-d3b723d993e1,4
c9d64579-3f80-3617-baa3-575221d2fe0f,4
4bcb7185-aed6-3be9-b200-cfd64e80ae0c,4
25ce3260-797d-3c10-ad14-76e8f8d1f6c3,4
20ea0e76-b08a-33df-99e5-4ef61c73f8e9,4
9670c2a2-7043-34c1-a658-e629a355bfc5,4
0b79221f-0b17-3948-8ef1-4eb7ce15c890,4
5d4d217d-842f-3fe5-a7d8-d53c374d92fa,4
199da557-463e-370f-8afe-25e14db9fcb2,4
350be931-04e9-393b-8420-e55e615dbcfc,4
a4da2862-8762-3c2e-a681-3921b4e13f2a,4
19b0453c-4bf4-3ec6-8a14-1eb9653c68bd,4
36740b02-3926-3ede-8c75-fe9436d72bfa,4
65b1699a-a267-3818-93a1-8071597a4565,4
11132d98-acf3-3460-9262-d893b1c9bdb6,4
10518d8c-9c09-3603-8ed0-a72191b2ba4c,4
d6f21127-e275-3e82-a4d7-ffa445406214,4
1d9946e8-9274-3615-993c-308b11cf4419,4
7ea18fcb-e97c-3ae0-962e-a2b568154b8e,4
7e0432d1-67d8-3103-a380-d180ca9891c1,4
87fbcd84-7eb1-351b-ade0-dd11ffd33539,4
bfad6117-01e6-3070-8bd1-59d04c6e3174,4
0f7324c8-09ab-3a7c-9355-7421bdc71a21,4
a17f5804-8add-368a-add3-5f7fd77f6cf4,4
07cb2292-b193-30ea-997a-0bd6433aee3f,4
49325fd9-c85f-3198-b39d-9018fb5eec49,4
d4c769a5-d9a5-3240-82dd-ebed50daa74a,4
08ed1172-1524-341a-b847-e1debe3fa22b,4
cf3eee6a-7b8a-3565-8690-1180896c1379,4
92b58cff-0d01-3179-86a9-9fc4158949b0,4
2a6aa379-322d-3f19-b689-05360ea33c1e,4
6c8b3ed1-c21c-3a8c-8746-a91a02b089db,4
5f184955-29f5-326e-b4d4-6de0a07e5784,4
6668678e-d3ef-3af8-a963-e93a0381f38a,4
52e6fac4-b755-381d-938d-5da90190709b,4
bb1dc3e9-3d88-335a-9131-b73b596acc90,4
57d89c9d-7111-3660-8036-e4dd74a7d6d1,4
28ee14de-d7df-35e0-b312-0c49b8b30146,4
a3cef9c1-ef2a-3d0d-8239-d901e08f4b1b,4
29c54ffc-305f-3db8-adc5-9c1ce1f5b1a8,4
a00a82c3-36f0-346a-9bcb-23af9ca655c0,4
d557489f-d0d4-335e-9eee-6e99a0397e43,4
57fdbc9c-ac00-32e8-a5cc-c47d6a482152,4
ad0da23f-316b-380b-8654-caacf8cd6525,4
20198c44-fcf7-30c5-b410-713e065c77a9,4
e76c07a3-871d-307c-903d-42b56324e0c3,4
12cca11d-d561-376b-8a4f-f8cd01830691,4
88319c21-7e6d-3944-bafe-eaf2ca856bbf,4
d64aa65e-55d8-3a85-8236-0cd07dc62754,4
cf22b878-f9fb-3872-a013-2a7dfdaf40c8,4
e13937e6-3065-32fa-afbb-b97300794486,4
6b9ffa08-6182-3754-934c-b3272ecef657,4
7bab9761-bb90-3a4f-b90a-d5d2bf1ca229,4
5d0ee29b-e6e2-3417-9472-3771a27e5197,4
4b67615b-4435-3f4a-8af7-a69e369f2902,4
2fb77344-ad68-38ac-b7ae-0eab3344f7d2,4
f5b5f4f5-18da-3d02-b620-d340bc24fbd2,4
f39cead7-aa2b-318c-acf4-c4599f43375d,4
22c997cf-744b-31cc-97af-3944d39c3c39,4
797fc128-a5fe-3f54-8635-4b60c688f04e,4
8a20aa79-2919-306d-94e9-ac111e8e50a0,4
a64f7060-ceff-3293-aa06-ec7bd912b020,4
d885cc48-1f85-33b1-b1e6-4766ec57e9e4,4
c4e11a48-75fa-32a3-a392-08731fe8dc87,4
2fb7b833-a336-3685-b016-71f951d2f411,4
64bd4b36-0c2e-3c03-84b5-85c6ff2ff453,4
76b7294e-f057-3348-936f-18de9a3913a5,4
2da8f262-e859-3053-9ff9-c1ee8ddefdb8,4
c272db1f-bb46-348c-a966-fc729a2fc5f7,4
c288ed3d-f266-3221-a0c9-c641e7d7dc17,4
933ccd9a-a7d2-35c0-b8af-215b64e9f460,4
740ec698-fa37-3b5e-b441-8eb99b01505f,4
c8994fc2-4f5f-3a7f-8bb5-71c130e677a7,4
ee730c09-af08-3ecc-963e-a09f6a01d6a0,4
0ee0c32f-67c0-3385-89ee-558484820ab1,4
3f2d09e9-d2bf-379f-9b4f-e17f23657f66,4
b889c8a2-d93d-39c8-b2d4-c8efa6c07b36,4
a106810d-ba1f-3799-95db-332f6c0f5a85,4
aa915710-d62d-39cf-ac08-4773ca57c010,4
adce8902-cf1d-36a8-9e77-f5319862327b,4
0a761e51-17c4-303b-a5a0-ccf1d636c6df,4
2d9a52c3-5b72-3ef4-9690-8d72065f42b0,4
d16ae226-fe89-3793-afbf-cb0bb1b2a4f4,4
8cc14c27-76f2-3b0c-9b7e-dd1d5355411c,4
5bca3baa-c9bf-3529-8292-d64a83c3af5b,4
c3b0a0de-ad50-39cc-b720-948743a36296,4
a54af905-ac23-317c-a1b0-128f0ba6dd9b,4
eaf593e4-08cf-3d20-957a-4a505063df5c,4
6a06f9b9-6755-370b-8547-9b0e5ee9438a,4
aba03339-c339-3831-82f1-0fe00947dc07,4
dc0e5b39-e8dd-3d42-9257-db3368cb86aa,4
47929039-5cff-3e6d-a500-2b4cd49f034e,4
de09ed97-0c28-3f9c-bd86-373d9d06ebed,4
b102b1a8-69a5-3278-9eca-43c5f4fa7302,4
ed702ea5-d77a-3f6c-8530-b0fac9b45d9b,4
88caa825-20a2-3c62-84f0-cc6cbb976524,4
30fee661-f492-3a6e-b6ec-5560f86349a1,4
5b0b91aa-dec8-37eb-bfab-b14f9df74bb4,4
026175ad-2288-3eca-baf9-7367e53b49b2,4
094713c2-a806-329f-8577-a00dfad252af,4
632400db-d5f5-3e3a-9600-af61ac0dd896,4
477a447d-5f22-331b-9aab-c9d14c55c140,4
ccd45808-d518-312d-a16f-88cfb10a8e26,4
b63d80a4-6191-347c-a2d7-906f3fd4f193,4
4f8ec753-52c6-3461-ba5b-aeb4ee5dfa8c,4
edc292f2-1dc1-3d8a-a0a8-2a71c785b562,4
a2b22421-94f6-3161-9ff6-47c51013a4cf,4
4a831820-7de7-3852-b7e1-dd146a16b937,4
05c27f8d-67bb-3b38-b091-415b4d455720,4
3321647a-6992-3b70-ac07-1734b332c5ab,4
bac9d9d2-abdf-3629-8f2b-151ab1a01655,4
e41bdbe6-23ce-3fd3-a813-b50dd06deaa2,4
d86d86ef-95a1-3fee-915e-52a603ec1e53,4
09419b78-ca8d-3d48-a51b-0ebe6e06ecd7,4
4d53346f-0314-3f09-a6ee-1326162bf8fd,4
bd65e199-0062-3ec6-b17b-63cf178c397b,4
2b7b9838-c689-3608-b97d-1b37faef12a1,4
d31dc9b7-4150-3995-a537-767778ff802f,4
ae1a469f-6b4d-346b-a434-721218056eaf,4
bdb93fbf-d85c-378e-afcc-447ae9c26147,4
85697a88-8461-3c9b-b2aa-d648a2b1393e,4
7bff2272-c72b-3d0b-8571-a234211f6101,4
a8b819fd-2f24-3ef6-aba6-cb9946d8c83f,4
1612fd5c-d25c-32b9-838d-ef2bb4cfc557,4
e4c126a7-558d-3358-9787-fe4abfe54547,4
c5aa3a81-ba3d-333b-b923-655b56f91bde,4
65022a04-9a86-3318-a315-bee1b72218c6,4
6990bb2e-6db7-3aa6-b9f8-b15cc45f8119,4
5dad28ae-54a2-340a-ac57-f6854d09a258,4
77a6f023-562c-333a-9876-ba99b3e630f7,4
86e33d75-4bd1-3d6c-acd2-70eed07c208a,4
5c23ff0f-9c83-380c-8d0d-086c602fde7a,4
fd0b6d7e-203c-357f-9e7c-c671510ed899,4
1fc8ead8-6c82-3a6a-91f5-d2deab9e5dea,4
5e3e190a-55c1-3bc3-8f75-f99baa266bdf,4
2dcd2317-0e6c-3312-a0ea-2b8139cef287,4
242a8f46-d908-3b68-bce5-69f7e63e8845,4
783e0062-6a8c-3504-b1f5-7177b9f61758,4
354268f5-ca71-3e2a-92f0-b1e511591c24,4
20b35381-bead-3f8d-b482-52c273c76695,4
5c322595-0359-343c-977b-94fa215c5691,4
53940cce-7408-3fb8-b200-70345fea0adb,4
39d003f6-400a-3741-89ce-40024313609d,4
84092272-ef2e-3baa-922e-544d3cdd4c2d,4
4da6c5b9-001b-38f9-a4c6-d73051d3f190,4
853aa4aa-8722-3ecc-b02a-478bf2f25177,4
7be2b8d8-9419-39f7-a1a1-06bc178ffb31,4
2b14b5f2-b743-3bfd-9c5f-7775204b0d8f,4
54eb369a-7d34-3b0f-89a3-8bc86039c606,4
cd8b7bd0-3de5-3010-a698-65bc37e4466a,4
7b6377da-b179-370e-800e-0cd0adaf42ae,4
6fa0b9e1-c707-3df4-b35d-689ae7b23124,4
b2ad3077-2a88-3ef7-99ab-8c6fcfb0e57e,4
d7217645-4236-3c9c-9d78-69111259fc72,4
fab5ee99-6594-3001-9053-a70aefad880f,4
c1534070-04f8-3a1d-b307-6e4c57b87276,4
1aded1c0-fa87-3cf3-8b1c-9c405bc0123f,4
435d475b-59c2-3cf2-80c7-56078e70619c,4
e088f6cb-4d0d-39a1-b2d6-746eaf00dc78,4
3a1d659b-0636-3955-a5d7-687c39984d89,4
b051c6c4-f450-3102-87e5-42d4c552e321,4
da886384-bd6a-3507-8cd4-03f136b424ed,4
f434c2e1-694b-35e0-95c8-6dfbed080102,4
3912ad1f-91a2-315a-b13a-67915728a400,4
3e3b26ad-3c25-3c07-bf63-26e2c3a87160,4
8e2a9965-cf69-3f77-b06a-668523338b7e,4
89112d8a-d0cf-3a81-b23c-58debc25dfa1,4
63ba06a4-d395-3e01-86cd-20e63b1421f9,4
847b882e-1829-39b2-82de-c1b6f0511658,4
83d2170c-4208-3dbc-a4f1-c71f4513b851,4
6f9810f5-074e-3cc7-900e-2c7741046b98,4
10451608-d21f-3394-b777-cf2c06022765,4
43c1359a-3d8a-37f1-a66d-edb22533b435,4
09dd0eb4-f2bc-39a6-ae11-b15a933e3b5e,4
58c1a8dd-f87e-37e3-9fd9-1c6814f4a525,4
bf7ad505-e86b-3ea0-9625-1591b56f223e,4
b15db3ab-8ed9-3980-81cd-077da73b2a51,4
70852fb5-65f4-3f89-92ad-331993b07619,4
12578706-07cf-3163-ba29-b859a6b89055,4
25d32c45-d106-3b6e-9242-54635f6d9915,4
168f8f03-d098-3b4a-ad84-ad7650c8675a,4
c3217378-8db4-3fc9-a453-dd21443fe9a2,4
7b51e40f-27d2-355d-8e78-d1c871f47002,4
6f1b7bdf-7b27-345f-bc2a-d088870ac6e8,4
24161fac-1f36-3d82-88de-1ab014cbf6ee,4
1a1e9ba7-74a8-3210-8640-1254b091a591,4
de7e6eaf-75f3-3766-ba61-c49d2814524a,4
61753c28-ef8b-3742-9e32-34b00395ae9d,4
288412c5-c53e-3168-aba3-5383bfea5fd2,4
0f22cbb5-1338-3954-86cb-e1e28f303f24,4
08375cb4-0b52-3410-8618-d8f9d48e23ee,4
ed0dfc2d-ead9-3246-b220-0a4b7eaba656,4
26a7349b-faf7-3375-8488-9ec4f2556bc4,4
4f442602-84b4-362e-bd35-10b8b5b01416,4
b1c523fd-5802-34ff-8166-2079de072e51,4
b22ff4ea-5df7-3ba0-815b-5977250e57d7,4
31ccf736-f1b8-37c1-a746-696a90890ab8,4
bfa71201-b770-35d4-afe8-44c30f7e0cd3,4
670553ce-5a17-31f4-a9cd-13e5dbe1fff0,4
74162d25-b0c4-3ec2-9dc0-50400763ddd7,4
d398e4b9-e06e-326c-813d-1dc283699152,4
c2f68cd2-d501-3915-ae11-5044288fcca0,4
dd644dd0-bfdf-33dd-b6e7-2691b1b07b87,4
7ccdef41-089e-3275-bd86-2a64e4f2d970,4
f51ce35c-fa79-3ba3-a55c-4491e9dc5306,4
5b14d98f-bb92-3815-8659-a7fc29f16d64,4
4c0211c2-8fa3-3341-a77f-c2783692794e,4
5a422098-9b5f-34c2-9b42-d026082f6135,4
1fedb529-26bd-356c-bcdf-895408e9ea81,4
3d994265-a6b6-3308-a184-e3d1a730b10a,4
653c969c-a75e-3ca2-a06f-49eeefca2c13,4
b948d0c7-49ee-370e-9f07-d777892f99f4,4
1486470a-7f4a-3424-b3ab-d5822b4a9255,4
efc57cd9-12ab-3b17-92d5-2343b8b66993,4
7ca04a64-cfa0-3340-9902-c15811b89d91,4
aab37c56-4b62-3264-8627-3981029527b5,4
76de875c-7202-35dd-895f-9c9e273695c1,4
1e5997da-a0ee-3e39-bde8-6ee223030585,4
955d500b-4a3a-3509-89e8-4b040c9d3916,4
40cbb8cd-8557-3e46-b425-3bf875dcd17b,4
fa28a7f3-b065-32c9-b3e8-537df4b29407,4
e3d8e95e-51f8-3055-b77e-3815cd00ba39,4
9208b3bb-f687-3892-846d-d0c7fada0ac7,4
1ad148cd-63a5-3ce4-a3dc-675020012fd3,4
684b1b4e-132e-35e0-aaf5-52b477909aa0,4
5607e471-01d8-32c1-aa75-f40486f2f188,4
d33ecaec-58f8-364d-8f21-3b1b162516c5,4
1b3265cd-99d6-3032-9c88-432d74d1c227,4
3a64478a-e1a3-3c11-9af6-d2a59fe68272,4
b9be7ace-cce8-3c45-8096-df0c79526152,4
c719d930-03aa-3023-9687-9f57f740abb8,4
47d28290-b7a8-3dd7-9e8b-76ed05ee7537,4
6c455e1f-6e29-35b0-96c8-b53f3189a6a4,4
31498b73-2d25-3b99-987b-3e6c0b165c94,4
af49d943-30f4-37c9-8710-ea31645f1f05,4
9d7239c7-d130-3cd4-b20a-0429487e70ca,4
6796129d-6fbc-334f-a91c-8aab6cb86355,4
3df04028-2d56-3afd-aec7-62088f9672eb,4
f2af8924-5c8e-3329-ae1e-a74c78059e56,4
4ad4be5a-95ec-395b-a2ae-9c54655db2bf,4
6a8fa215-57f1-3643-a1cb-b57dd7a73af8,4
6f640b7e-02d4-339d-83ff-dd4e83ca7700,4
06b119eb-b105-3051-95ed-fb9c615043a8,4
f7ea1ad4-e51b-33ec-8f70-89ebe2833594,4
7f1ab7df-5b71-3442-95ce-73d9f7087e3f,4
9767a33d-3572-3ac9-acc6-daf3a8c0c5ea,4
f4ed6214-678f-3844-a864-9f9616d9811d,4
1d6ff42d-d422-3216-900d-fe5ea2b906cd,4
ddeb05dd-8709-3fcb-88dc-15da5f04aa55,4
6c8950c2-cfdd-3f95-95e3-77d076e4386b,4
f1e01cc3-3393-302d-bb3f-e85c591a71a1,4
fd9b1925-140a-3d5c-bdea-f010f3fd45c3,4
bd167019-622a-31b8-8ea2-b721da662a5e,4
a4578e87-988f-381e-971b-fb7d4caedcca,4
2d2569b1-5c1a-37b5-9109-3f4c28d4bc75,4
48027d5d-4005-3a9c-9fc0-79434534dbd4,4
e77fd0d9-a28c-330a-a544-6ab40c275614,4
7e2398da-4101-32ca-a0cf-c98675564611,4
e4f53305-0d64-387e-b93e-34ff8be9448f,4
12dcc395-1880-388a-b2b8-3aebfc2836ba,4
e1a39f56-94ee-312f-bec6-5c0b054bb9d7,4
a71673ea-39a9-329e-8c66-85c426035411,4
78536938-ddea-3b63-be1f-86b9c39ce918,4
bc550f02-34af-3dad-b080-4cf133ab905f,4
92e8218d-f663-3626-a60d-df910b06ebe1,4
8a55c635-1b7f-34cc-9b5f-238eb1df5cb1,4
5818e354-d9d4-3c77-afac-8fcc44c03bb3,4
29969ffc-730c-3147-b40e-f00a0065ee3d,4
9e9d030c-7760-3b15-9c8e-a1168d3eaf66,4
d3a40e39-1bca-3c57-aabe-8f170af60dcc,4
3c9a30e2-3f59-3ade-b657-ea67e9a67ca2,4
e4beee60-f971-33a7-ade7-6b1acb745506,4
b41d19df-6e3f-3f9a-9575-22fe495759f6,4
0c40cb19-33bb-3027-8e75-3197d6d898c5,4
f29fbcf0-730a-35f2-a9ae-5cea5e4d5460,4
291b6d92-9c90-3518-bf17-865e97463425,4
08ad7b02-b18e-3596-b997-5f4ee8d1e38f,4
ebcf763d-b574-32bb-9ae1-b8f75386a152,4
48ffbbbd-5c55-3a8a-b027-b716de1260d1,4
33426164-df29-3ff4-8b94-bb25d50ad8e0,4
1f8e8cc8-1956-3cfe-9648-aa88d0a7f590,4
45738725-f859-3b36-ac75-2713d91d20cb,4
86fc70ee-058b-3781-81d6-cab1b990fbe3,4
7f410a4a-d45a-37ab-8837-31672ab5a2e5,4
57a7df72-845c-3c07-a15e-2ddea41e3c85,4
52c64c1e-4817-3a77-a7b4-44f5c9587f5c,4
3ca85c5f-94d5-3f27-b68f-1b60d8c96d63,4
8ec80daa-3195-39c2-98cc-eb17266f3393,4
a5a8bea7-5343-3d0b-8b59-c3e5ebb7161b,4
aed13f3d-2f23-3cdc-8108-1e3925d434a1,4
f1e026aa-8ad3-386b-b963-eae7ddc38070,4
68a01a42-2ce4-37ed-b30a-5958899b0d8e,4
3cd5ce76-3f6d-32b1-bcb8-a8b64550f2fa,4
219f29c0-ba7d-3fb6-9b68-99a9db42f7b9,4
d15b7b63-be83-33ce-a52a-b9af2fdd5718,4
b272c130-fdc5-3cee-ae20-92a698dd4cef,4
91beb302-7941-33be-a87f-28d85cb88cd9,4
01bfc8b6-eae6-3728-84f0-0069e4b807e5,4
922d4219-8de7-3aef-a0a4-c80dc0b605e4,4
1011723b-6d10-3b42-97cd-8892b414f93e,4
23b14566-c6b3-34b0-8afc-403e4d97711d,4
4e8d5ca0-f898-35d0-a0c8-3985ab8fc5ac,4
528644ba-6647-3ded-8135-f31e81424b38,4
078ed55d-bdac-3bc7-b7ed-50b56686e1f1,4
b96ba91c-2d36-33b2-82e7-787d1a7b9f7c,4
e201953d-0575-3896-9f49-9146540cc809,4
bde88ae5-4c27-3611-92f8-d568f5e92da0,4
c8a9ffcd-041a-346c-804d-5514cd547af0,4
cc6a9cdf-ae78-39c1-89ad-a28b321ed977,4
8068c299-43e2-387d-9316-097651eb5340,4
97346870-ea4d-340b-8069-255ae6295237,4
3196b2ca-4e8d-31db-a050-7d45229bb2ca,4
dc3a3fc4-8e13-3db4-83e2-0ba332c9ee46,4
815a1e92-0c10-37c9-b75f-d807cae67c3a,4
2127110f-9e73-34cc-9854-5862029595b4,4
81becd36-fee8-3067-a7db-cfac175864ba,4
b76c1a4e-c5e0-3310-9874-f5f033efb26b,4
75c87d96-a680-3bbb-9dec-afb00fab0f30,4
55a12973-da89-32ac-aacc-2b8a9aab5976,4
93e72b60-89c7-3589-a965-c914c58d44f9,4
3e729887-3f63-3b7e-9b4e-eb3cb0827083,4
c5c776bb-63a4-3f76-b8bb-2a86a227367c,4
0b8c732a-c8e7-38e8-b9a6-76e330409ffb,4
c75c068c-ceb0-37fe-963b-087fc75c3f5e,4
35b526a8-60b1-3918-9e65-5d3335927fe4,4
f582337c-35ad-3e37-add5-ab42c3ea204f,4
c44b39fa-3be4-3aea-bfa9-2248bf70611b,4
a1fc0572-f098-344e-a3ac-1d183dfe860d,4
a435cf7e-8b92-329d-902a-cea9196ce998,4
ddddeee4-85c0-3c94-8c55-77715ebed501,4
99ab4e87-ae1d-32ab-a420-1f136873ceb6,4
ad7e2b87-3b4a-3df3-b3b0-148ce1fb226c,4
5ba17b2a-a039-3cdb-875c-7ba8f0575bde,4
66c79940-a0a4-3479-bc8b-df3f423b37a5,4
848cd299-3c12-3843-b80a-62e0d95a10a7,4
3c7b2e18-d760-3a1c-8b77-6f52d5fe32af,4
5712b8e9-f0e8-3d4c-ac51-33bf2445fe3b,4
4fae687e-a9e5-3c23-9410-974265b97c8c,4
39d01d38-67b5-3eb2-a4ee-dc3708404187,4
71a6ee3b-2ae0-3789-b650-ea8e6a52e91b,4
9481007d-59f3-3f6f-a855-4b09896e851b,4
001910a4-472e-34d7-a839-3f0c998c738e,4
1cc04b73-a9ae-3711-b13b-1cff1151cc62,4
44786740-09f3-3c05-a9ce-43438be3c6a3,4
dbdbd535-7648-3335-a443-e33ec64ae6cf,4
818c161f-52d3-3cae-b638-b64520d66a7c,4
bb41b856-b23c-3799-8b32-f8559e6e8755,4
c526b5ed-6dda-3d71-82b1-a38b094a1f9d,4
35e25d26-3053-35ce-b1c4-a9b483365af5,4
88eabb09-cf7e-386c-a9fa-35a975a72c6c,4
5f6dff50-1f3f-3a45-952c-dbca450cbfb9,4
1919fe23-0d12-34e2-8a87-63124ea2da1a,4
3b0f000d-72bc-3fc6-8ef8-a1a7d4cd4114,4
c22a44aa-11d8-3f18-969c-e128c8d28558,4
5054fc25-d10e-3625-8358-95e899ecb9d3,4
5d42ccb1-4d9f-33f2-a92f-1806c708af88,4
e0e98162-625a-3925-b040-5ed2017340cb,4
6832f7af-78ca-3851-957c-e3f05ff684fa,4
a5a8a86d-9839-396a-bbf3-5fc2aba5038a,4
d2afa396-934e-3f1a-9c2c-b9d533d7056e,4
7835d7ea-032f-3108-930c-4d2ce4f63635,4
57e16408-f086-3370-b750-b8496e521f5b,4
9bb0eeb1-dd75-3dc0-94d4-5faeefdc89c3,4
1dc7250b-6219-333f-a9fa-535d7334ce1a,4
bb676946-e13e-3fc2-81eb-fe1116d96fb1,4
f52b7e97-7aed-3791-8cd7-07ba88bd1f77,4
03c1902e-474e-359a-8a54-729093a4a656,4
9a4fdc78-a9f9-3018-ac18-d656cecedcfd,4
8024e738-3bd8-359f-9363-9b18c342bca1,4
0809a2d1-a47d-325d-b507-4dc546044bcb,4
8caf703c-7ed6-3a92-a29d-f64ce85c13de,4
71ba81c6-49a1-3969-9421-e22ebb61cc65,4
5f97222d-199f-310d-b1c9-9ce64dbb0740,4
b18d36f4-5d02-3407-9949-978f83b3fc3e,4
125ac0dd-a7c9-359e-a44a-b27f7acc5cb6,4
d6defa28-6a64-3bb9-ac25-e8cca13db841,4
aa5a13a2-37dd-32af-80d3-6d3a10c9fb71,4
dacc1e05-84a1-334d-a878-a36ee5ff3983,4
41977362-0bbf-3705-a54f-a4f6fdcb7beb,4
cf190ac6-cb4f-3a63-9c3e-277b1ca202a7,4
1e728025-a154-31f2-9612-b30a7e04d3c3,4
e79a790c-75b6-3b63-aa4e-1870f76e5bfc,4
62e7de61-20b3-3d5c-820f-aaea4e6addfc,4
def0ec7a-d0f5-33cd-a550-6c280dc2c3d4,4
2cf55284-eebd-3c95-8ac5-e7b43030de66,4
aa2d76ff-abbb-317b-9358-c770d9ef75fd,4
b3c000a3-17d8-3cad-9b2c-6ae09c9bcf24,4
8050aee6-defc-301e-8d0c-7827e742561f,4
c4b2d7c0-c31e-34c6-9168-189c40a5cf98,4
2b64844f-3e9a-3258-b79d-e70d026dfdf6,4
2608808e-00da-35ee-8198-738d6a333272,4
e7d18237-e18d-3fde-91df-f0658c307150,4
efb2ff2c-0e4f-3281-abb6-7d1c27382316,4
3068d3ce-c5bb-38d5-a27a-81a9ba923ecd,4
626ea591-bc95-3bc6-ba49-b125749b352c,4
89151138-39b6-3646-847c-a5f46daf4464,4
ed16f59d-c84b-364e-9e23-575f5b57f01b,4
6c0b84d5-6ecb-33ec-80e5-5fd75cd3c274,4
936b5e0a-8075-34ee-bcd8-9ba5c36add57,4
c33e4019-cc68-3e7a-9467-8bc68a8e3f81,4
b6a448ee-dabd-3030-8547-c01ce632d200,4
f0b18165-a0f2-360c-9ba7-155e8cfdd3f4,4
4818fc7e-36bb-33ab-8577-e9b2b4ab2efc,4
53c1e5ab-b628-36b5-b6fd-c80c9bf68ffa,4
3245ec0b-b99b-39d3-9a4c-fcdb8cd280ae,4
2391e9ca-1335-3d54-838d-2fd4fcaf1b03,4
18a8707f-91f7-3e0f-9066-a603f9eaa712,4
ca15ec9a-5600-368c-86ad-6f1d2714e05a,4
20920b2f-60f0-3dec-bb2d-7e4d115b9f30,4
e1ea926a-5a78-325f-a38f-61fbda9a3dac,4
a586b195-5332-3822-b965-5a83757e57b0,4
b6280e99-e873-399f-9f33-ae5af260e33e,4
6fba4df5-30d6-3e90-8977-199c3c36eb57,4
e8c27570-9493-34f8-84a0-3cd770b9c6cc,4
7f439d22-7283-36b1-86b7-45360a67c622,4
608a302f-86fb-3ddb-aa20-f3186526a435,4
724cfefb-672a-33c1-977f-bf7e8e2c7bad,4
d87de873-8c7b-330f-8f13-6f2f4c220110,4
323a2364-e038-3a98-b7a1-9e65296d2e29,4
035dd27d-0cfb-3d4c-bebf-9fea84f6f891,4
fc9a9f7b-9a92-33a5-8736-107d70a2a4b1,4
006daa17-3bae-3879-b9fc-fc10babb9c1d,4
f14397a1-6ead-34c0-af78-308f8fe8b4c9,4
3410795e-6d29-3a22-90a0-a11bc142d555,4
961523db-5785-3a67-8145-f27fb229a713,4
44d38ee3-c05a-310b-84e4-9a099aa74273,4
ef4cb3e9-55c1-3863-b4d3-f3dfa970fc58,4
09af9059-0d7c-3d2e-b1fb-4aa89fce6887,4
b9424078-c062-3a9b-ac36-947b395eb34b,4
8b76ebff-ccfd-3886-a650-0321c96fa2dd,4
4f1f5b2d-aca2-3a19-a1b8-4229e78689da,4
bd684586-ecfa-3cc0-b64c-9f516860db29,4
566483c9-0df2-3b01-8370-900c0d6b6990,4
a7456a23-3469-31e8-9026-4961a3396b3c,4
7ddb38bc-101c-353f-a3f5-7c1d51b192d5,4
46e33a4c-a0de-37fb-87be-549d9e4f7915,4
c162dbfa-d360-3a06-80b5-106174cae24c,4
2d02c08a-64d4-3ed1-9cc5-b3348e4636fe,4
b89c193d-62d0-32cb-bc32-131222865576,4
05aed496-4760-3d57-9b63-53291a998c31,4
cf194319-ad85-392e-b34e-dd84b8e8b130,4
0b97d781-5793-3147-93c1-7239289d2fde,4
d07061d1-e8c5-32e1-b174-c3d45c08f504,4
45d41c64-11bd-38e0-aee8-c9b3623d537c,4
22bd6c98-bb58-3335-a90c-31c6228a9fcf,4
88ffc076-86ce-3229-a790-7c682ed481d2,4
0e8ab689-a9c4-39f7-bf71-3bbfe138a282,4
43d6342f-34a3-3e56-ba7e-303bff9b373a,4
098820b9-58e4-3e6c-986a-dc651eaa0483,4
c12497fa-2467-350e-96b5-07aa7cd61236,4
65b6c46c-66b5-30dc-a768-788b0def42a9,4
96c9b005-81fb-3175-bc78-fa612b3d0222,4
469da1e0-54f1-39ec-bf8d-22b1213e20ae,4
fad4c988-47f2-3a9a-adf6-853d1cc0757d,4
c1fa0b38-e41d-3cef-8f11-404bb0302038,4
45102e55-6232-33d9-9d23-ed1867fdc514,4
6733c5bd-364c-3418-8b78-d6657eb87c20,4
a2f1b3cd-2a79-3e64-9b2e-0d17d953f1b2,4
8d60366d-189b-3adf-bbbb-cb41d2b7f0ef,4
26264304-a953-3db9-b54e-a103469341f4,4
9cd6d951-4cce-30ff-9464-31d357dfc5c6,4
b783e1cd-feef-3d84-985b-5ef7dd3bc3ec,4
946be042-4fbc-3258-94d2-c042010cbe28,4
b819bfe7-fbe5-35d0-bdc7-4a644ca41520,4
510d5e8d-b5f0-3818-ae65-b2a1e2584e2f,4
f97b29bb-6b93-3b39-8193-fedc43a6b348,4
525c9d25-b2ce-3f46-a7ac-ed8257132e61,4
f0227f61-11fd-321e-a166-c66c963e8feb,4
383eb7b3-1222-3a82-af9d-5af31a9f3a8e,4
175a3e37-45d7-34a9-b001-efc482712c6c,4
b3dcb714-69c8-3752-81f8-af0aed1b4330,4
f4a33593-df07-3ac4-a815-d1ac244d6f21,4
b9f7c892-efdb-38d8-9e0d-d5a5c00cbebf,4
198c2a27-6cef-3832-a522-a2e15c539e2e,4
e7bba592-07ea-3ff8-9491-c753e2e51f01,4
e0dc8831-023a-37bc-b71c-53522709f25e,4
3c445b67-6f09-3af6-8c81-6cc74361b406,4
98581090-b262-3a35-ab0a-5188dabb2118,4
9997c8f9-df21-3c3f-bed8-723b3328e3b9,4
c5ed6456-41a9-39b5-81bc-9ee82f8ef056,4
bc4be75f-b3b8-3912-ba47-11fad6f60a43,4
802f5672-b333-3a3c-9226-90e942d55bb0,4
f34c8c72-1bbe-3f45-8050-ba0c7c1cee87,4
662efcbd-e8c3-318f-86a2-8194978fffc8,4
9144fd49-183f-3c43-b44e-ea6c18dff976,4
2f334e2c-fca1-3ea2-813d-673422867aa3,4
6c1880c5-07e1-307d-9b6b-b234a254510e,4
394b9922-faad-3037-9026-71d4b065e30e,4
8a1d718d-9b55-3953-b192-0eb2fac5dec8,4
21411fb4-5c5a-3d0a-b29c-1b72400a7eb1,4
f935f1b1-2e76-3345-b8cf-8f400c885dbc,4
ca0b665f-b1bf-3e6a-beff-fb390cdcb833,4
d1da0c92-c3d3-323b-8382-c7102acf93d4,4
3f65ce5a-941d-3eea-92e5-abe7074fcf1d,4
0bfbe354-d4e8-3451-bdc7-cc03fb121bd6,4
b9ca25d5-c710-347f-bc7b-1a76f7fbccbb,4
84493de6-fbf6-384b-8fa8-8822823ed701,4
a2986f07-b57b-301c-9bf7-34fd909df777,4
7cea6928-a41b-316f-80ce-83e39845f970,4
652429d7-603b-384c-84ed-244765aaea12,4
b7236145-0a50-3037-86cc-f68416ebe1c3,4
810602a9-69dd-3f4e-ae86-7bd795b0c649,4
09070fac-2636-37e3-a230-6069918feea8,4
49539835-1c43-34a8-a985-2937e2f7ec3e,4
2fb78dc2-a6d1-3281-83da-0ec6441b53ef,4
9eac4c44-0b5d-3468-a26a-557d6f5aeaf3,4
fd065cd0-47c0-3adf-824a-936343142b59,4
8a228525-bc5c-344c-8efa-c9e991bd0edc,4
bfcf2efb-0cf2-3cfe-ad9b-ef76c8353dd0,4
df5f89dc-79e2-3f6f-beb7-255a513689a3,4
b4b3755a-73e8-3577-9d6d-4333d6e5d7a6,4
588c09e0-9e96-31ab-9740-6c94306eddea,4
2820b00b-03a0-3edf-b263-aebe57eff846,4
a192e92e-922d-314c-bbbb-701846788a9f,4
efaae0d3-1eee-340a-8e5f-f34912b42852,4
2efdee77-e5fe-369a-be1a-b449e84c06d0,4
57a56a9e-1740-313c-94e8-b9c37d85286e,4
51d9618c-e5d8-3d05-9ecc-375c7c65e328,4
5d16fdfe-5763-3df3-815b-2228344ff9bc,4
92c72a8d-88ef-39e8-8a82-b5e2f11d9e8a,4
4ad5179c-38c7-3f24-a766-f88de697786f,4
fa1a4b14-5796-31ea-a7c9-027bdd0935d1,4
a86f7eb4-5386-3a8a-ba08-a38a7b9a03d5,4
a6220768-8478-3ae5-bf6b-53603197d547,4
57738e69-2146-301f-9719-792932f84d92,4
8d4bd005-493c-3daf-8e19-1f4301104acf,4
f404b5d2-4824-39d4-a82e-75754a02455f,4
0ec20727-80e3-3b72-8272-0d6a26a87c3e,4
ba1d8602-9ee7-34d7-af03-258a64a0cbd4,4
2c1712ca-1a1c-3ff6-94b2-ce2906ddde5a,4
fe4ff8c3-8fda-3d5a-bfcb-594267ba4880,4
3b048f1d-40e2-3a5f-bffa-32805fc23900,4
2a8e6e0b-6880-39f5-990f-ed7cfb71d945,4
ac72b68c-224f-33ac-b1ca-3daae1153e86,4
9ed65ef8-54b4-3c5a-b3f9-f0055b36c0e3,4
7ca527d1-4aaa-3213-8210-5f1e490c84f2,4
991628c3-eebc-342e-91df-97adc99bdbbf,4
1864f5e3-4cb4-3fee-8545-53675f8636cb,4
a7c24446-6ec9-39d8-975f-6dacb545b667,4
7f99ab7a-0fe5-32ea-a3a6-15d6a90ca3a3,4
bf9774f8-881d-38ea-ba80-b60f2d952f01,4
bf4a0abd-7bd0-313c-80e8-396aab5f8b2a,4
67f26997-4693-320c-bd19-82ca70b8652e,4
480e46a8-d644-38b0-9a51-3f0f4d048aa2,4
b12f07cf-c47c-39c4-8a79-54e1fb4ff947,4
3289064b-a850-3e2f-8846-97814b032a99,4
577bf582-c87d-3832-8fb1-ddc92cd8b76f,4
32962f4e-6740-3845-8efc-9755075f40b1,4
59ed443f-0cea-36b2-bd0f-bf835b884953,4
0b204b21-374a-3ac6-9db4-ff7cf6b17dc2,4
6b5d39cb-1f98-3d37-86ba-89025303b5ac,4
9f88f445-8138-3ca7-bb29-ab3cb6955a24,4
cac915dd-4f6c-35e1-9e21-a288ed846737,4
eae4bd82-9865-3458-af35-2ccd39489ca8,4
74b9f904-1403-332a-973a-ebf30619cd81,4
8faf7848-01fa-3f11-aec6-f6aa3c5ac330,4
915eb52c-f5cf-31c8-84f5-9af431a02320,4
0ade95ba-4f14-34a5-a9e2-0b411b8190ca,4
a444b5ee-8c14-3955-99da-0c5e29aacfc3,4
922fe6bf-5225-30ad-a6bc-242513bd54bb,4
8ea88327-352a-306e-b215-2f505f7d13cc,4
e0672af4-c3a5-35f8-bd29-d085cb7952a0,4
a313e3f2-8dcf-32d3-ac01-72fd9afa427d,4
6162c2e7-8442-33d1-b43f-cd0360e97ecb,4
28123c13-f5ea-3d70-b2b6-1266ee777db6,4
da31a602-8c39-30a7-9d0c-38037fca9362,4
25bd9a99-6cba-3993-a0f5-634bcb0d4c15,4
25f24221-c712-32dd-a4e3-cad03d81ec11,4
c48f1c51-678a-316a-9412-0d0af42095cb,4
7cfcbdc0-7998-32c5-b387-c4cf024a37cc,4
f6cdd9cd-d7f9-37a8-ada8-cb11d2156a44,4
43a4e906-78f2-318f-b758-9904280c9f15,4
3e87cff4-84f6-3b59-8c52-70ca7f04dc82,4
c97e0a16-cbbf-33fc-b8b1-daed90ae400a,4
9a400f2d-e541-3ada-811c-3b1b0e6a9b25,4
5c7533bb-e254-3262-8172-c310b5b34368,4
7a89e3fa-a481-35a8-a13a-7874a2a9254d,4
d2ee6a4b-065c-32f3-bbed-cff166ba0ed9,4
fc7702c8-5dd7-37b9-9db5-cccb5c664d54,4
4008a874-cbb5-36b6-822c-62a7c16dca38,4
e2ff0c10-6330-3408-9033-8fa35d242b0a,4
6e981cd2-a776-3181-8751-e7c33812fa8b,4
576ea04c-f215-397a-87c5-5569c0367d8c,4
2a88e257-8863-3f8e-ad1c-c77f5f7fa6e5,4
04cda24d-d979-3603-8f16-626d153cbc97,4
42acfc07-fd7e-3748-b228-5b613932b5db,4
7a23e1d8-bae7-31bd-9ca6-4fb56c916acc,4
3195f26b-ad2d-39bc-bcba-cef0e30772cd,4
e5e40872-8fd1-3c47-85d6-ab8f275f1476,4
6cce68a1-682c-3968-bec3-0a5164613642,4
d6d3b333-ec2e-3649-a000-91ff2d686665,4
f3f87943-63bc-39eb-a140-3855e53cb876,4
68f9d0f3-d3f5-3738-9344-d80dcdbdd368,4
f5daae3e-95ca-312f-916a-1ef3e8f8e434,4
7e42357f-4841-3bfa-9018-41254743f1b1,4
67aa76f6-979d-303a-893d-7c7cc46b16a9,4
1c17d629-886b-3f73-a2b3-83dd5b0bbfcc,4
466bd6e3-fb49-37d4-8ab1-41c16a949c2d,4
80cc690a-4ec1-3f04-9711-0be192bdb7a6,4
7d16c2c6-fb8d-3691-af11-8584e2689b79,4
49f83a7c-62c8-3758-8438-cf7f91db57fc,4
75d49f41-11ea-3b0a-91b7-a77aa5babd71,4
584b4c3d-1f00-3bd8-bdb1-533da926060e,4
813d2a2e-dcdb-36fa-9f60-7eee4c6a6c4f,4
15b9188b-cb75-3cf9-bec2-3e0781bf11fb,4
cf9c19cd-e25e-36b4-ab5c-c2bfbaa96604,4
0be9ca27-a4f2-3bc2-8e23-4d3f5880c494,4
60809f1a-8f5a-3646-96f3-b93857b51ff2,4
ae1da8a8-c214-31cc-80b7-d13c8369d4a5,4
5e54bd13-beb5-3e42-953e-f18f6b597c98,4
b118c369-d33e-3f1e-9015-21ad7e42e4fe,4
458fe9df-8073-3742-b483-b6d6aca3bc51,4
a6f7c698-a2d1-3f57-8b39-a36cbbdb454f,4
94321e9f-ed28-3f51-919b-68238f951421,4
936d8f10-e711-3b62-854d-9b650051e7c2,4
ea45b829-0ffb-3cfe-88d9-ba33282e14df,4
e73f47e2-ea15-3120-92a7-02e8d4253e1f,4
dfb5f56d-eb39-3b2f-9daf-807ed1a0522a,4
65842841-3c27-337f-9070-2a6997a28752,4
7342531c-ea20-3e15-8048-e0aa30a7ae01,4
122a5e81-8811-3e59-bdc7-362e1370f6fa,4
f075b093-e310-3019-9b40-c2bf74390f6a,4
daaea414-9a8e-331e-ba8a-a926e8da4900,4
beaaebe1-1174-3a9f-a632-ca9f841691e1,4
7a9b1bda-49ec-3883-a1fd-1be5d25dd987,4
523f97b3-3b59-3d86-a7d2-34d3f0409ff3,4
9df68d29-3751-31ce-8bc5-3c68c8dd7c0f,4
c5fbf8c3-f29d-3350-a07a-378f52873415,4
6ea3fdd8-a8f4-34ad-9e89-8c593a26fa65,4
2b2e8327-67ea-3f48-a561-eaa7b2e37d5c,4
ea6a6bde-f6ce-3267-8666-453a5e3df72e,4
80acbdd8-e82a-3650-a7e3-99082a4a2c98,4
376adbea-232c-3702-a437-53e896ed876f,4
febeaa1e-d6e5-3483-8e39-3484fb6ccf1e,4
73ccda1d-003d-3b30-9e15-fe45cee54151,4
cfc00bf5-2952-3b71-a03e-194fb1af7d02,4
a673cd08-62ed-357f-8828-d23084e0157d,4
74b3319e-73b4-32d3-bd26-4f21ab3d0aa3,4
79cc06f1-8b8f-3d06-b13d-4af1dfec9072,4
e3919301-5071-359d-99ae-d1787b9a5df5,4
0663425f-2e1f-35b8-97c8-cbd80fc2edd1,4
a1e8fafa-403e-356c-afc3-502632cf7d54,4
11acf2c8-3588-304d-a44b-2a500861a528,4
bd7a8359-9cff-33bc-ab09-04a8913850eb,4
1e0b435a-9488-3c2a-ba62-68aa8b67ea81,4
609af196-83e4-3635-9f6a-bf5ee12735d6,4
39d03820-3cb3-3f61-8a24-342881709a93,4
d96a6487-a8ba-315d-97d6-e7d602df25a9,4
24dc0048-c25d-372d-96f7-fe97626fdf49,4
68a2d8b5-3ebe-3b3d-984c-d4c3e3395a04,4
7c356580-3597-3a35-bc1e-e30f5888c775,4
e0cf6de8-eef9-3c36-9568-7a635d093482,4
c41fb66e-34a7-3d04-bf43-b4449069688c,4
315becbb-38c9-36e8-8c84-b5ebe8fbed62,4
6f0cc319-8391-31de-9e90-0beed2d40da9,4
367daaea-2f02-3fc4-bdad-7393971433f8,4
2abb7efd-8452-316f-af1b-a4552985f10b,4
36b1416b-3f5a-3415-b61a-9a4ccc3ce767,4
53b29453-a771-343e-a8b5-60c4b5a0c1fc,4
6dc3741e-aa84-3d05-ad23-7b4b1faa7a6a,4
fb77afdf-3a0c-308c-81a4-ad991a35acf6,4
d4c618fd-3b6c-3f5a-87d6-f9c840da3555,4
277ab1ab-e3d2-332d-b23e-74f543d40a29,4
9e1beb42-5144-3f22-b03d-dec6d1d80f49,4
94e14701-431c-31a4-a149-39954c398ca6,4
91e6ec7b-8446-3119-95fe-178d65d5b8b6,4
fabd6df6-f23c-3e6f-b354-eb2e170b4f11,4
447513ed-ef35-3c25-90b9-bd590ff87a68,4
6be076df-bf03-39d5-b259-7eec135ab5ce,4
1387a5fa-33b4-30df-b81c-56dcdb5bb1a4,4
937aed69-d2fa-392b-a548-5809539a0cb6,4
922ec929-fb4e-395d-be21-88647f28b754,4
d0104c3e-f734-39c6-8e75-01a4d0e14008,4
c3fec2a4-495e-39a1-bb74-b0b26b28665c,4
10461c33-bb26-3c7b-a9de-edbd6430fcde,4
0679444d-334d-3609-a6cf-2f44e6f62e7a,4
e66846be-0db3-38c0-94b3-0e8dde284fcc,4
1df00660-9309-3ee9-beb9-36cc581e79be,4
ff96b102-7ae0-3e5c-9bf2-6296cf8de492,4
a4aa9f50-6a07-331f-b767-2195e10c90f7,4
0d80f611-3bcf-3067-93ab-e5efac95583c,4
94729f82-536b-3398-8c15-c0a82be1cdc0,4
fd3285d5-7007-391e-b94b-631c9b776e9e,4
c62a675f-9d24-3a36-ab05-125e41c695b4,4
633b7a41-e491-3faf-99f8-cbe1b5bed6f5,4
a5361b45-e9a3-388a-b5f7-030c0a40e530,4
65d0591e-75bb-378f-967f-39535b593b03,4
9c1ce339-b8dc-37ba-ae4a-2ca52d94e7e5,4
74d9b84d-7ba2-3b61-9a9a-3650fd1dc10a,4
8b3111ab-affc-3298-93c9-2d5c8d66e1d4,4
a46cbae0-582c-34e4-a1af-e2a5540ffdf1,4
a5c78448-4eb3-30b9-907a-0799d897e68f,4
d1c47bb8-dd4e-35f8-837f-aa83e6e27ea6,4
9f2f26a6-e005-3fd2-8cc9-63d62c72469e,4
089d1e44-1599-3573-94e6-23e0017e2a87,4
68b67f6f-c19e-379b-a8ea-d488da0b98b3,4
5151577a-e7f2-338f-bc65-21fd1ac8c975,4
946d33d0-1cee-3e22-9a63-2a8e0682d729,4
5ae86471-f74c-328c-a069-7b23361d697f,4
bc389393-429f-3812-a9fd-c308d09cd470,4
cd787edb-8a05-3a81-9261-bf1603410082,4
aeee0070-d084-3df0-b24b-e114046cd8f5,4
a64bc140-3469-39e3-80bf-93e38a03d669,4
2c9ca178-8481-3f71-a3e2-d233e2350cfd,4
fa7062ea-8f0f-39a4-8bcb-5c9b48960b05,4
e631263c-56de-3e6d-8fec-ef06685629aa,4
57e4fb7a-21df-3ac2-bfd6-3c043677c4c0,4
009ae61c-1a2a-3eca-af8a-9ecf5f47a9aa,4
7434b7ee-c942-3dd3-91d8-9f8da4b250f5,4
16f8e8ee-26d4-38a5-a61c-3042ba5b689c,4
067abc4c-e3c8-3d93-b22f-104303f2a187,4
371b44e7-d0ba-3762-871b-f80ee5adfc11,4
dc5fabe2-0ebe-36d1-88f6-a1fddbf53cf7,4
b4faf077-fb76-3a2e-b811-128102895b80,4
23522631-3aa6-3654-8b18-ebfc50bb546c,4
3348f960-de1d-3a93-b201-1d2b15157f73,4
602124c4-e3d9-3249-bcdd-465e79d49239,4
d59c2bb3-cd28-3815-bd0f-f1cd0778e3e1,4
b3a3c00d-4bf0-3496-9fe1-83c7969b97f1,4
7a0347cf-30ce-3a3d-95f1-247f54565254,4
a072e999-eb6e-306a-9eb5-0a7afd2a19ea,4
12399903-2e5e-3cb8-b4d6-b34526217300,4
34bf8e10-4065-3ead-bb88-383fe7ee3af5,4
bf95ca60-63e6-303e-b7d2-97f407781778,4
9cea01d5-64bb-3dfb-b1bb-9fa6716d3110,4
b73a33e5-4808-3eb8-a5ad-79ae779ab6fa,4
f7dd9672-3d9c-3580-986d-6e545aef99bc,4
551410c1-6dc1-3aca-9fa8-ae1df7b73b01,4
bfaa0c49-c08b-3d7d-adc9-b7ddde2a11db,4
541261ea-9329-3277-96a8-0a80f7ba9fae,4
ef39080b-5aa7-3049-89e6-da8f7f4ad9ad,4
a338014f-ef10-3b85-8f60-9b005a84c265,4
47c91211-28dd-39b5-8ac9-bd513016f05c,4
56890d05-57a2-33c0-86a9-894ecacb9641,4
eddb504b-8759-31b8-98c5-0ec17a24478e,4
4633f684-dd5c-365e-b274-f28154d802ef,4
189f2305-cee1-39d5-8953-60c53f070649,4
76c9d38d-4174-33ab-9045-2910affffaae,4
47b80e12-df63-3d6f-b4c7-2b45790b898c,4
e45d2a36-398d-3530-b547-aa4edb66f184,4
cdaabecc-b4d5-3eaf-b15e-22582c4517aa,4
386a1d1e-8fcb-3954-8ed7-6d35864e3b5a,4
8c496fce-f422-3484-a257-b3bacc7e79bf,4
4176b1b4-0ca6-3b3c-8388-61d23bf383d8,4
0d409946-f215-34f0-84c4-dbfada0ed89c,4
6793c93b-0d6d-3f8a-8952-2a36bc99365a,4
dbac9f10-f549-32ab-9e35-56fac6050279,4
8d09aa32-54bd-3906-b9a7-a20b69dcda4c,4
c4a948ec-c20d-389f-ae21-e16d546e1b30,4
bd91d3a6-d4a9-352e-b5f0-d8b4d0a8c95f,4
f3af4dd5-f012-330c-b799-0d4f1e7b80b8,4
702ddcf5-e149-3e33-a3eb-fc93e07651e9,4
2ad70b2e-278f-379c-bee3-25e62b698c0f,4
c8f9fd62-b9cf-3da9-ac9b-465f913318ff,4
fade37a1-8432-3dc6-a788-017063ad5ad0,4
ba5f7902-24e7-3447-a6fb-9e5180396b3b,4
eeee286d-b678-3b30-8866-0da0d4699c2e,4
1440c445-1ff6-3a90-b20e-5453316ee500,4
8f911791-f435-3b3a-85a8-79b25bb78e83,4
fcdf7cb7-fc85-386c-bfbb-c1c3d3fc2c3e,4
9eac6152-d58a-355c-b7b8-6a664b7de920,4
a650647e-e4d3-37cb-a50e-e874c1b006c7,4
b4fc3ba5-5c91-3e38-bd3c-195d7e7bfd20,4
c574b2d0-a043-36d0-9a6b-78e92a3ad97c,4
2ba57484-7294-38c4-8065-ab948cb439fd,4
4fefb2c1-1160-36df-9e24-525a9d753259,4
6bac91c5-5ce4-329b-a345-0b96566815bb,4
80a70ae0-71f9-33fd-aff4-f8cfbbe0a697,4
174cca93-195b-3cd8-877b-5987db61e2ef,4
997b2148-6664-3ca0-8440-1db931bee975,4
86e7ad9e-656e-36db-a51b-1ec0ce979f9f,4
0ccfa298-02a9-36da-840f-1f8e2045af90,4
f63a437a-1871-38cd-9682-8153af14b12e,4
4c5815d0-f260-32f0-b366-5f4cdf1e1449,4
315e8172-07d2-3616-b8ba-0678e6323e9d,4
64ea163b-4a57-3eea-8a23-b80b96e6a376,4
87433b8e-1344-33d7-8010-d42c4ac69b1c,4
9d2de487-f853-3c42-bfc5-022340acd33f,4
a657d435-864c-38c0-8d5c-a1ca16ca72c6,4
d57b0826-573e-3e95-a59e-080e9073e3f7,4
8bf2be7f-5062-37d9-b154-8ccbc42f664a,4
129a1788-67c3-3be5-811e-0b6cd648e5c7,4
00c10815-d763-3286-8791-ce457869b1ed,4
1bbe80e5-7dec-3914-84b3-f2f91462f160,4
39f1dd43-da0f-3e83-a492-394007013613,4
98176e87-261d-365e-82e4-a881e16735b5,4
88301a3c-bd90-37ea-8756-32ba653c9d93,4
2213953d-b762-3f5a-aa3f-138f811ff08f,4
44d19d32-438c-33d6-aec6-7fa1cf5e6464,4
6e7c2d15-1dbe-3c75-ad10-c6f498383393,4
fffdf562-f299-32b6-9b01-6060385fed2f,4
9b6aea2a-9364-3a39-a33d-20026c4ef000,4
b563bdd4-3253-3fdc-8e3a-7087beee1b11,4
148b1e7a-685f-33c8-a721-4cfea01f50a4,4
4d68eea4-d89e-36bf-96c3-b5244a8e3f06,4
1769fcd5-1e42-3731-9bc5-724e94418af2,4
c7b0b5c3-20b7-395c-9c8c-19a63e965d7b,4
f6227546-950b-3d8b-b617-69a4f93bdc5e,4
869805d0-9387-3f3a-b31e-dce42505c5e8,4
3e30d406-b87d-333c-8a73-a2fa9e2c31fc,4
8bad8c69-42d7-38bb-addd-cb2fc8695f56,4
57e7df6f-14b1-3dc3-8d89-347c4b1c75a1,4
82d8ed3f-6eaf-34df-be5d-d78a4ea1a4fc,4
25341a88-6116-370a-ab8b-c119c285537b,4
e070abea-31ce-3438-86cd-82aa46a9004c,4
927481b6-ab9c-37ed-a5e6-60ff1781bb57,4
5a569665-ddd0-360a-a37d-66d8e72b1d17,4
af10fe74-3923-3df9-b479-f7f5026b383d,4
aa633e13-b45d-339c-8ff6-ee169a46195c,4
4e059747-2ab2-3e53-9af3-c3a00b8700c5,4
dd1b7236-1210-32f1-b2b5-4f953c21b296,4
c7e80d8d-1a47-3008-872e-d429de7e8821,4
ab525708-0f1c-33bf-97d0-0844dd2e965d,4
bb4ee60b-f741-3ebc-b0ef-7e3c3f532e7a,4
7610e4d9-49f9-33ea-b32b-cc31467d5684,4
99daa373-3e67-3ef6-9d4f-f19271e8ba64,4
238d1ea5-40f8-38be-95d8-0444aa71938a,4
76d80ef3-8dde-313a-88bb-0ef37bea09ad,4
246845c7-7098-38d5-a30c-3741285d86c6,4
2e82bd1e-25d5-397c-b663-5e757e692eb5,4
e429ed02-3fa6-312d-99ff-601aa7c1ddcf,4
ea265491-0888-3f7e-a5bc-6b2479ceadbc,4
0f8a260f-1dd6-3208-87ad-e84f717991a2,4
598058a8-44a4-3d78-8cfa-978d22cfb424,4
dbc6ae38-cd09-37c9-83e5-aec91d96a26e,4
86340408-a191-35f5-96a8-fa2e0f666040,4
e72b6ecb-e1a6-372d-b720-d6f0ddb29cb5,4
2197f695-7baa-3fba-a128-81672bc06be6,4
724de3b1-801a-32d3-b888-7b288b5c5116,4
9c4c9a83-6cd5-37af-ab32-79587380a68e,4
6238a43d-5c9b-331b-8412-2ecb0b2920ca,4
1e031dba-454e-39a3-9b65-6b3e9902df4c,4
c9201d4d-9df4-3b54-997c-0b3df7b42a58,4
0c314fe0-23ec-381f-a36a-b0a5207709ce,4
75895ffe-cfe3-3265-b4e8-011b0b00b524,4
04c2bf62-255a-3a9d-b772-9181870fa13c,4
ad71a86a-0bff-3e37-8222-4fc1d5ec16ef,4
bb840eb2-760e-354d-b444-bc61e53928e9,4
a0eb5558-8777-373b-a1d2-aec53eef2d12,4
a904e5eb-0930-3241-8221-43f2077007f3,4
4d7a667f-d1a1-3010-af69-b806c421dd3b,4
e41464e5-cd8d-39be-a471-285b7ad962bf,4
aca3c46a-3e20-3912-8d8f-5fb7d84d2ceb,4
f37a018a-815a-327c-99a2-1fa23b4659c7,4
da6d67e8-7c0f-3526-b9ec-6fc01cfb7299,4
f8d6c026-6871-3ea3-a694-b0c6b12b58cd,4
6b394d72-a49a-3aa3-b547-c80d7fbb4ab3,4
50fc461e-5e26-3811-9e91-c3e240e79f1d,4
fb767abb-1229-35cb-a410-214bb8956f5e,4
ad5baf3f-fdd1-3135-b138-45232fa19a10,4
7560074f-57cd-3df0-8d51-ef1ad5358d45,4
f3b41611-f730-3e2e-b26a-4c733969d5f3,4
f1f2126e-ebce-34b4-8873-e7332ea3b6ba,4
9db3a0df-a0b2-38c1-ace6-d6f5d99034f0,4
8a5f10e6-0001-3feb-ae3b-e9aa4f90ad95,4
5d8434cc-7a30-3df1-b8ed-f95fd81d7156,4
3aa37b0a-1eee-3dc8-a32b-e30e745d1b35,4
2105085c-e2df-342c-b1d4-e35fb5eadc50,4
4c2c02da-6937-3b49-8df1-d2ff5d253a9d,4
bad893b0-89c0-3fb1-8f61-fcd9bbf89bc9,4
9138d546-6338-3b05-a454-385bd7e350ac,4
a4b8523d-e913-368e-b1b0-82fea75affd4,4
da24c1ed-e5b7-3155-aeb2-d5808c3cbda0,4
6be97838-3dc2-33c9-ad31-9843f656b2fe,4
be3ca347-c177-312b-8293-2c3920804c37,4
66800454-b3ef-3980-9f8e-ccb53bdecc0e,4
11c672c3-6884-35e6-b29f-f0960540c9c4,4
3f89d25e-5f66-395d-a8ad-709e1630868c,4
6d474ac1-3d5d-3684-801e-202d32de1b37,4
1f71090b-687f-38f8-b905-5928a04000af,4
4ccedce4-92f8-3f0a-ad12-e71dde807dc1,4
95c28ed0-20be-37b5-9d37-cba57a6118ed,4
6c292713-9862-3277-8249-bc949c64c2b6,4
8120d5c3-721c-39da-a711-99339f75dc2a,4
eee093e5-06db-3ad0-85e9-cc16a435dc37,4
ab6f944e-0dcf-3c51-836b-631962af980b,4
8d16d6d2-addc-393e-baf0-2bcb706b340d,4
75bdf44c-22ba-34f3-83b8-f30078adfcf1,4
7909aaf7-9dc8-3a09-9784-0118212b01b1,4
fbe35c0c-a849-311b-acba-f292c7f8539b,4
953225d2-c37f-3dd5-8620-4f749d084378,4
b4de7382-9e3f-32f7-84f5-c2fc8a6b9639,4
8f8bafee-3d32-37de-8d62-ad6ba318e871,4
c6df1f1a-04dd-350b-8e8f-8389f4dc8888,4
7e3965b6-6965-3da5-9666-c455dfdc3d1a,4
42702a82-5a6a-3131-ac6b-5764fb144aa1,4
0b60f8c0-3c5b-37ee-8127-a4dcc9ffcf71,4
2363368f-280f-31ec-b1a5-149d591f91c9,4
a4c5cf3d-cfaf-3d11-9fa5-d3da30f6af5e,4
a84194d4-d2fc-38a9-8cfa-24df8dbc7176,4
3237ba0f-778b-3b57-80a1-dded1cec1345,4
a41230ed-f236-3731-9d29-2326d9843a87,4
aa056376-e2c2-3967-83a8-9507b6841488,4
2ace0120-a1f8-3bde-95ee-b71090342630,4
1bcb7f3b-e32f-3e9f-ba36-ee3677096870,4
965ef238-87f6-314f-b0aa-f1734e96cbe8,4
68bbdb42-6b5f-3f6b-a373-7406fb94929d,4
978bd99b-9ee6-30d6-9ff3-f723f6682b27,4
2175525e-5c51-3e92-a1ac-c8b36d6c2ebe,4
d15c1f88-cbce-3911-965c-882d838afab3,4
19a37bf6-875f-3562-800b-2703648bec3d,4
3c47c7ba-7900-3df7-a33b-09e58716ab01,4
04177b8d-c805-365a-9776-c554b7361dfd,4
1a80e262-c16f-32c7-9047-6d5d509726e0,4
abde657b-9cc1-3c2e-aee3-a0f8bab4fe8a,4
54f08a61-349f-38c6-b3aa-4d2fcb1911ec,4
b9e21458-c4ee-330e-94d9-8642f671052e,4
1ff3851f-78ca-3197-9d20-8dabef25e430,4
f01ae2e4-3765-3197-95e5-fa651883d6d4,4
fa31f5ae-5a04-3c33-bee2-c10f261109b4,4
95ec7a14-c99c-3a3b-ae8e-e051e1c16684,4
ff345d82-ed30-385e-9d33-0b31d3649c9c,4
b23251de-e8c1-301e-80bd-16be62fafb4b,4
416c65d9-f90f-361b-ad4c-dd59ff16818f,4
38d973c6-10b4-3148-99a4-50690916d7cf,4
7b408575-74bb-3294-a52d-a911f2a64a10,4
c72c2240-2ae1-3dfc-a1ff-34179ff3131c,4
a6f3bfc9-ddca-3936-b17b-9a5615d88466,4
49e80a14-c86a-3783-b5d3-299fa476fd2e,4
94cf5957-3f1b-308f-b049-590dba34ef85,4
919ae34d-9076-380c-bddb-50dc9a5e4192,4
3282e0ff-e90a-32d3-8fc9-25c3c74eb1e3,4
54964504-658b-3fe0-bc72-00da55480dee,4
a0655ee8-206a-31bb-8e14-f0a397d53a19,4
e7656c18-7597-3f95-b82a-d75ed657a70b,4
be3424dd-497c-351d-a516-89e8cc30b447,4
d6994658-816a-3a3f-9d5f-184ab7f12ff1,4
b05743c1-03dd-3e7c-9776-f932041d6869,4
d938ec01-f474-32d1-b37e-516750f2722a,4
698ea432-9fec-387b-a604-b2d4a5cf6f08,4
6fdacebb-5f69-3d8a-b945-4ef544a87ce6,4
696a25eb-2fd9-3c16-8081-c5aaa13f6476,4
d922603b-27d0-3c20-a015-7f80832674df,4
c3e74b8f-171f-3280-b1bf-425916a00b0a,4
1db792e5-d24b-378d-828b-97dc44fd4e00,4
8667ac34-3cd9-36c8-95bf-30cc63e08f08,4
c8166f49-8571-3fb5-851f-4e7ac7dc07f8,4
f7b69be5-c4c0-3b8b-8afd-e3c2b06ece02,4
e3ada767-c959-345d-b582-7d3f29a34368,4
c2cd9c92-0209-37ae-a4d0-738731d5f52f,4
a3ff485f-6cf4-318b-b219-6069c1ab2d34,4
2c966952-6e14-3c92-862f-5d6a07740832,4
1d53c5ce-86ae-3118-a2e1-af4c09a37b58,4
eacbe280-f626-3e48-a942-ce98b1498204,4
5786f524-e9a0-3956-84bb-b1125a308263,4
031170cb-c6a7-3da1-b760-bc19d18bd237,4
00d80822-3669-3b41-989d-7fcc1867fdcc,4
6b7de8f7-1c51-39a4-b058-6fc185fbc87f,4
76b307a7-e158-30be-a0e8-8d1e1c363af6,4
1bcd800b-4d16-31ce-a77e-352e46de6b46,4
4c9a9c2c-ca35-3d73-87ed-09eabf020b87,4
41b239f0-7027-35e7-b768-eb221f4edde3,4
12afc98f-b762-36b0-935c-a2410ceec015,4
57d4d73c-9cb9-3428-a183-a2f84dab7be9,4
62525cf4-ab09-3458-93d1-8ea4ca3104a9,4
31d2b786-6c25-3b4c-8e19-d52ca37c772d,4
d7204f11-041d-3da2-8849-65db1a90f2f8,4
4d12c2a0-05f4-355f-8637-78aa97b9bb86,4
323b9e97-9d61-3e8b-9fdf-07d1bd41e3fe,4
3e27f4c8-8787-37d3-ab07-0e4f057ee540,4
07f18934-1218-33c3-8d83-0bf85fbb20d0,4
d067b040-53a1-3fb0-a2a8-8a2755532d41,4
b6e395df-2d46-3a97-be54-a8283ed07d9e,4
5325e13b-56e2-3e5b-aa84-86f2e38b2a1e,4
2ca20eba-55b4-3f2f-bc43-5673b7febe6f,4
78dea341-7329-377f-b1d0-c2de39889ba3,4
ddf9ed55-0422-3ee8-914a-53b9ac9b267f,4
abeb86f5-3ace-3ce7-8146-476d7cc82cab,4
d1670711-b42b-37b4-8ab0-d348e9a0d537,4
0e847700-22eb-32f3-b903-735246f8ce2a,4
07936c32-c32b-3a09-bd85-518d965ea0ed,4
71f1bdbf-ea3d-3ff1-a2ff-2f7a2cc6b63e,4
b8230d26-3543-361b-aa7c-8ce8d0b5f15f,4
2bc06e6f-5389-3cf3-b8c4-079d99e52253,4
e8c15919-6863-3c48-8b62-43ebcb57af5b,4
04751e3c-1022-3348-8ea5-af885b6a5036,4
630f86a8-4401-36f8-9eba-1975d4c7443b,4
c3d38dc1-fdb8-35d7-8e40-b44df48f952f,4
fbf2b97b-9788-3f01-af7f-73ceebfdc8f0,4
046cb701-4b92-3ef3-a435-789c15688288,4
ae684f4e-84a4-343c-b7b7-179bde24f060,4
c9499dab-a0b1-36fb-a5a1-e8ef4f4af47d,4
0bfe2acd-fc99-3217-b4c2-ffb664c23ba9,4
a4736810-51c5-3946-ae8f-a0c8a5945cb0,4
a19258cd-75f1-3f30-b2c3-1d487cd189a1,4
a169996d-f1f5-34e1-8495-b8928d3a5dcf,4
9bbe8788-108d-3f3a-8c8b-124a4685e074,4
fcc008cd-e340-3448-a6fb-c2b2decf6e3f,4
68f38993-79ee-3fee-bdc2-187c39ed232b,4
ac853dd5-1b99-35ab-bb83-2df908e50118,4
b6c2cfb2-173f-3840-a104-bfbbd0e175d5,4
e54789cb-adf1-3483-808f-dfbbf9b03cfa,4
70bf7d0f-4983-3e1d-be94-76db278eecba,4
005c6dbf-df8d-3ce2-8cfc-beff726aed6b,4
8a2f5a3a-0a11-37ac-89a4-472a1c6439f1,4
12548395-8770-3ccc-b1ec-d9bca88a80fc,4
501c276f-252e-3f2a-a2e0-b3834372455f,4
34dd810e-0d7a-33b7-9373-1f47267282bf,4
322b8a6e-56ad-37dc-a709-d0fcd5b14913,4
0b373fa8-08ea-31ee-a42b-a9ee686e1f3f,4
6575b724-bf5e-39b8-b70c-1079ce55ec96,4
6a3dea10-91f9-3d7b-a1ab-70589f70d81d,4
3091a6fc-e1dc-3d9b-8ebc-313a4e2d27e9,4
ae5637f5-c4bd-388e-ba62-77de7f7d0446,4
539ce1b3-7acb-3ea5-ac73-6b433764c5cb,4
729e2ddd-0610-3ae1-9674-87ed62c11bf2,4
cc0c6bb4-aca3-3c1e-9d27-3d816e9b8f40,4
414de78b-7319-3215-bb00-75951fb6d6a8,4
a64b4d08-ab6b-34a9-821b-82353a471a26,4
76df020a-1571-39e3-b84a-1f7644add1fe,4
bd6c83e6-4b6e-3695-90fc-9a3686d5559c,4
1cff4c92-9756-3b8a-9f4a-6b9928e7dfd4,4
d4a9580c-260d-330f-9e36-66bf6ee5c5e7,4
813ac9b7-7e93-3f35-b7c0-b1c074a06ab5,4
853a3fac-700f-319f-8665-a61a0c65c008,4
a6b02abb-963c-381d-91e7-4d58df55d66a,4
7342905f-9f7d-3ee3-87b7-a99f4176b84e,4
ee26c9b3-567e-3f51-b19b-907cb7a5f041,4
cb01027a-8d0f-3d40-9612-c955a5ecfa1c,4
9b3c2487-6d0d-305c-bb43-efcfaa38c4e1,4
0bc04a5e-5a7f-3dd1-b370-4952c986c9e7,4
342fe85d-210f-37ce-b7ba-e731daaf8170,4
4b831888-7942-334b-8086-9b39814bef8c,4
6dc3dbe6-efc9-30af-8c01-2eea2b319894,4
720bb3b2-5dd1-35fe-bc44-ac160a3789fe,4
3bfcc5ea-ceca-354b-8ce0-1a6d113f0b11,4
55a50ad9-93d3-30bb-83fc-61aae2d4cffd,4
9e32bac1-96db-361b-82db-889d568cdef0,4
872daceb-4842-3943-aeb1-0e792b0f1376,4
9afef509-6d1d-3abe-af3e-b488b02be9bc,4
47eb21a1-e7f7-371c-b5da-f90d6005c531,4
59e4469c-f3d9-3324-ab1e-c8171628a8c2,4
363623cd-fed2-3c83-89d3-2f2e0b55eb37,4
f09c86a3-47a8-3487-8b2a-f84faca36305,4
4dea829e-8bd9-38ad-93fb-3206c84b8945,4
ee01b0d9-ae6f-3e6e-b013-d7822b76197b,4
260f48ef-2525-3123-a668-33391c66bd57,4
b602b34a-3406-38a6-87a1-6d4da7d254f9,4
48830438-ac2a-3c0b-b945-cda6779fbc6a,4
fb29e6cb-a878-3cb6-a1c8-0afbbdfb716e,4
502eb8e8-11b6-3a88-bb45-0528c1abf1bc,4
8e43dc9b-f154-3601-b174-a5c32826bc6b,4
e6ca7183-4749-3579-9a40-03db63a95d2f,4
4c4d4cb9-af69-3f88-a2a7-43eff3a29295,4
c93b0884-af6e-3649-a40c-d4d43d251143,4
261667bc-f39e-31bc-87db-c39ce6934795,4
840bfcbd-3eef-3df4-8769-298e76e0c8d4,4
1c1bdd41-831d-33b8-818e-91d99fb966ac,4
53fd5463-8a05-3cdb-ac2d-9a046ce4168e,4
1565621c-0ba0-3c02-8fab-b9f0349b10b2,4
28d51629-ea7e-3815-bdfe-f1e3bc4ad378,4
12b29b20-7230-3017-a2a6-97338cad76bb,4
c236c483-0b53-376b-af7b-926c41773340,4
c6c914af-6b55-32e7-a655-e93b4e3d3bbf,4
30b2d36b-c6fb-393f-9e84-2b10db40ca16,4
c357f9ef-06ad-3d7b-b693-e668d34c0823,4
bd760772-d66f-335c-af53-715c73c950bd,4
a8a90a32-9522-36f3-84b6-0f8098e6a74a,4
d43a4be0-1ab9-3045-9a14-52041013cbc7,4
297ec811-bf59-3864-979b-fcf0154fa1e4,4
a98bb422-ffee-3414-8d6a-9f72dfa8f3fe,4
ac07fa1b-59c4-3efe-b52a-2286557cb2a3,4
c4c2dcd3-9e85-36a6-9ea4-00c8dba29650,4
5b3d59b5-4341-3b7d-ad5b-392dc53ba779,4
da35902b-4bd8-3ea8-86b6-0dbf0d04766e,4
1d8b1cf5-326d-3b1d-8aea-1d7e00919db6,4
fb807036-bded-3e21-bdf2-8185600ef0ef,4
90eb5508-ae88-3a80-9e8b-8bb6e661f5ca,4
8125cfb9-51cc-30c8-87ad-b6f882890116,4
b688b421-cb1b-381c-9302-fa9bce345d7a,4
744f9b3d-db42-3034-98eb-ba8ba7361c83,4
38d8fd64-eea3-391b-8dfa-de188aa01a9e,4
8c982c8c-4d6a-3df5-9b8c-d5f785eea2e5,4
227ca51f-f148-3932-8b7c-39f30409b64b,4
387d33cf-4b9d-3b6c-9361-f712cc893156,4
b8270de5-b77e-3ef2-bff5-03258d8c70e5,4
d9903f95-6a52-3c01-8f12-8259fb4230f0,4
9a432ffe-5c7e-3f75-9b55-edcacdae669d,4
e6d361e7-1574-36bb-a025-8ebedb511abb,4
880eaf50-c681-3892-b159-571c7dfb4e04,4
245c5845-6ac2-387d-bd1c-19ae0e3fbb4d,4
3c063459-41ef-3d9a-8888-23cc4a7a9063,4
c7982073-1041-37c6-bd55-df76ef1986f0,4
015e8e0b-7dd9-3ea0-a3da-d1c28f64057e,4
06e122c3-7f37-3d96-98a4-47e815c116ac,4
976d879b-27a8-3ad4-9a06-75a6734de7db,4
ed5ea72a-28ea-3c6d-8e0b-c25a9ae973e0,4
a269cd92-3169-3a39-85ff-ea184cfa4dbf,4
1ed2e97f-d1ec-3cb0-839c-4353051a1145,4
2b5519f2-a98f-3029-874c-bc1e3a003491,4
d6c780e5-428c-32ec-a9c5-af4474fcadf9,4
604bd893-3483-3ef9-9953-160dfc87f226,4
25fd7fbb-2160-34e4-be0f-a3b3cef1242b,4
eb7c2f7c-7120-378e-a558-dbb585af7af1,4
cb00d0d4-749f-3d2b-9cae-cd1cbbd0fbb7,4
198ca4b7-b269-3994-b3df-e00367c9e900,4
3ad35307-070d-37be-8de8-580a7e8c449d,4
deb15bee-a86c-376f-a020-e7db3b260eed,4
4d8c79ec-fa65-3661-a3e8-dd61792a73f1,4
ceb6e8a1-dc98-3179-8931-0b3c6b1bc4ed,4
038d9568-6088-3196-9371-89dc30588175,4
8a32fb22-cfa7-32d2-b901-4dc262dea797,4
93fd2934-b704-3dcc-a1fe-bf035d5c379b,4
96d3c4c9-1e3e-3132-8496-ecb54f31f31f,4
b5544517-202a-372c-964a-d3fe02098c19,4
6d59fe2a-ca56-3966-bec0-e3dfa0778d54,4
6e4c1063-620d-3977-951c-3bfc1cdc536c,4
30e6cf80-c860-3c42-8285-35b0f83c9480,4
04f92105-63b6-330e-92aa-f57486502bae,4
d9f27dfe-25b6-3fb7-8688-ed98aadb9784,4
427a961e-ae99-33d8-9dba-4417e18ca5e0,4
fa46dba5-7801-33cf-bfa3-b19fed0b2538,4
b2128853-615b-3e6b-8beb-6342eb1b3b5b,4
1284851f-003f-3181-b19b-f0960c714c81,4
84f5ce35-46fe-31b6-966f-c5d11b308fbe,4
d9a27b89-1458-312c-a184-eea464d27de3,4
a2412c2e-273b-3586-a4da-a5ca368f69e7,4
185c04d5-6d30-3545-93f2-3db14029949e,4
42b71456-c3c4-370a-a64d-913789cada77,4
567814e2-217b-347c-9882-84a03e3da021,4
2cbb846a-2a16-3da3-8e9b-a5c5d4362344,4
58714933-a195-3098-bc9d-2f63b606e492,4
525e3153-99ef-3788-8250-e8ca536230a2,4
088aa726-4627-3e79-a19d-f2a354bc934e,4
1a3bc465-e4c9-348b-b6e7-982c0ff052af,4
e5750c00-e589-3067-865c-560db8883549,4
33d1f195-5e96-3436-8ee7-18ed322082a5,4
6a3793e2-e518-3326-a1d5-816ec357f1de,4
7b528ae5-8802-3727-85fc-cf722c5ca64e,4
4ae65507-7078-353e-9a2e-35387a001f12,4
58fe7720-2e8a-3cca-a221-2620adebd751,4
4fa45bf8-76bb-3ec9-ac18-521470a9f067,4
d2c7cb56-275c-32cc-946b-d1d50565378f,4
3185db72-047f-37f9-bc72-29d88c448a39,4
efba8181-92c3-3d5a-b831-f6ba53ec4712,4
21814cbf-8a65-3c59-a3e9-b4b5ae39efd9,4
5f6d2529-7dfa-3196-82ab-15c279cdc2ff,4
c6a6ddad-ef3e-3c46-a0ca-8ef4e5d15c72,4
4261abe0-a688-307b-8c9a-e3ebfd13b75c,4
ef142cea-5224-3f46-bdde-ca8e590244a1,4
5f24367f-28e3-3d1d-b736-5eb5195615dd,4
6b235987-d9a0-3f86-a62d-528fdb064fb2,4
43dcfe11-6681-3adf-83f6-d685f2bbe986,4
aec96d61-a211-3dec-95d7-aee8f71ef9a9,4
b104cae9-81f8-37ca-a87d-f6804b839e89,4
bcd1f759-3778-3748-a3d1-fb106f6c5f7b,4
54a57cbf-1e6e-3894-b482-2c06833d4428,4
6bed1cfe-2f14-307a-840e-5322f724a091,4
255f2071-4d8d-3a8b-9a37-65dfc7dac9d7,4
e0bf8e73-dc2d-3ff0-95b0-0f5af13ea7a1,4
13d44fdd-656b-31d8-bc05-63016739dc62,4
aa821e5f-6437-3a70-aae0-1d1de89173b0,4
5dd1f256-0eac-3b22-9da8-cb13d012cad7,4
868234c3-5d4c-3903-9870-c6a404f3d279,4
04c9e088-25c4-3f36-a1f9-3aa0deef78d9,4
ef85f476-7835-3286-bcba-fbea19715224,4
75be58d3-e98f-37cb-8f22-c5cb6839feb2,4
1a5343b3-ed8c-3d74-b3fb-0ff457c9b4f9,4
68f44570-2861-3160-a22f-df48149a358d,4
75938af8-ce10-3728-8da9-ca82c612e4dc,4
3229481e-86c3-3e05-b39a-67257f0e7b7d,4
c9186059-887e-3001-a080-4f199051d7ae,4
9e26b690-22a9-3609-b80d-fa2eb3ed2f4e,4
1b0386ad-b255-3fdf-9b3a-bbf69570d7c7,4
0a8cb327-8ebf-30b9-b419-1d26c2942586,4
368707ae-5ca3-3b15-a593-028370d6baaa,4
4d1a5424-f7a3-3185-8637-d595ad476f7d,4
6a231cb4-62e4-3adb-9f74-af6bed85677d,4
6aff104f-27ea-3cd5-9142-5a38cec92435,4
391b203d-1216-3635-9d37-5642387dc402,4
f0b480f3-4b00-3ab3-8c28-5a73ab8c703c,4
2e50a51e-6a9a-3018-a0d5-6e67cc2a8e62,4
00f690fd-3f1e-3248-95a2-b469e351399f,4
fc32287b-fc67-38ca-bb21-7f2331ad173a,4
1ee3443c-378b-3004-b45c-9cc402aa9dd9,4
6ba29b29-a6c4-3920-9cd9-9db93aece425,4
2b4cc59f-fa3d-3abe-a55b-55b12d1fafcb,4
8844d499-2235-31b6-b545-bd51a16d7593,4
67b1e222-ab24-39f8-b16d-4493ffb4c73e,4
801486e2-33ed-3b2e-bddf-45785ddf2f7f,4
3ae593d8-e2b2-389c-b635-ae7ea8020c10,4
2ca2dd3a-4d2c-37cf-8c7d-bfb2657882fe,4
c7157f4b-d411-353f-9a86-c3ae26772598,4
9f44a2b5-824b-3171-8ccf-f1a5660b6f1d,4
53c2ea90-ddb0-32cb-9810-c0f16a7c96b5,4
c8d672fa-1aae-3ab8-b9a0-f68db847edeb,4
0a76e720-e4b2-399b-ac8b-e09bb010c5f0,4
d236353c-84ab-3afe-9233-0a8ef18f4b24,4
5cf49e82-2ab5-3ec7-91ac-b7d041717818,4
0abf8a17-1aa1-3a32-ae26-306e2d7821cb,4
af9616cd-ba74-35f4-bab7-6e0fa122614b,4
f3ff76f8-738e-370d-adb4-98158f4afb32,4
fa5917b9-5fdc-3d0e-b267-bdd05d3433c8,4
5fff232a-70d3-3d45-9c90-fc7599b93a74,4
3a42954f-79aa-3c8f-93e3-273a404ae0c0,4
a0eda184-6c6a-37ef-993e-4d607c332cfa,4
4520cf60-1217-3383-b1ad-0c5d793e727e,4
820ef991-e12b-3ee9-b309-bc62b213f672,4
7c2c97e7-4c99-3e13-8b8e-972b40099044,4
f5668f66-30f9-3269-a80d-443209cd2306,4
c062d8d5-1e05-361a-a09e-bf95476b016f,4
794322a5-4948-371d-a1e9-d6fce990927a,4
4df02642-1b5e-3e17-979e-ed47d0b14866,4
9e7f03ea-96d0-34fb-93cd-1f60eddcee17,4
51d8899e-4985-31b4-af9b-66b772b9dc6a,4
9cad3e98-d7e3-325c-92e3-9cd0daf89816,4
e5967d97-e60e-3019-9073-ca7998ea84c3,4
526158bd-2222-3445-ad52-09d23de3633c,4
6989b231-e2e4-3071-b865-3cdacb2be925,4
85575bb1-60d8-3016-b7c3-71038a3ab4ee,4
abdd53cd-321d-35fa-9829-c20f4b440ab4,4
d513a158-5b1f-30ec-b0cd-fab081a427d1,4
06762126-be49-3e90-90e5-9e37f7717dc3,4
4e520c2b-7043-35a9-900b-42d77342474f,4
a923810f-9c4b-3154-b221-8ba25065ac65,4
e052b625-ecba-3602-aa25-6fbbcc1012a3,4
02a45aed-7be8-3778-bd9d-345001a3552c,4
1572ab44-ade7-32e7-87fa-80fd01e564e4,4
702be26b-aa63-3a7d-8728-158341476322,4
00d020ea-d158-303b-8ff2-a79c9afa6782,4
873f1dc8-72e6-38a2-8676-1bad31185817,4
2aab5f5d-041c-33de-bb0c-59f8c3c05ee1,4
2c0e0254-6691-312f-9386-52e677f3bc60,4
c1bbff68-8d5a-3aa0-a350-514ab83706bd,4
4b46784e-883d-3b2e-bb7a-2f4e451495ee,4
621d682d-2dbd-37de-ad0d-63f6e4eefdea,4
bc80b9bc-595d-349f-bd03-10556b532af2,4
11f4d07b-d4fb-375f-b12d-5176d72ad3ab,4
f7dde972-9de2-392e-b675-6a663853396d,4
f539f33d-1da7-3887-a9f4-7e4ee79bd0e3,4
87581025-3dbe-33b7-b2dd-4650dbdd09ae,4
f44ada3b-1919-3c9e-ba0b-522628d2f5b6,4
2283c385-1872-3405-930d-44e1dce02805,4
eb618625-f73b-399b-86a2-7ee24f22a32d,4
79d229ab-ceff-33bb-9f28-e428da485d52,4
76014d6d-3a41-34bc-84e6-690986717cfd,4
701eac95-ff94-34f6-95a3-24c10248e8ca,4
37b60d0e-daa8-3c72-9355-c569092e24af,4
9ccafb94-da4d-345e-a652-4e2ee1fc1cd9,4
1fa5e74a-d498-37b8-9877-dcd225466ca2,4
80f0a4b8-8812-3b98-983c-f309154f92bb,4
a1251c95-a77c-3e9a-b6af-866e73b5df89,4
ed5600b9-f167-3ee1-bcd1-21ce52d4bf78,4
57a15c2c-def6-3552-9c3b-54673094ff1c,4
8189b518-3fa9-3039-abc5-19f103ab4f1f,4
b48fd255-8848-368a-86d0-50d6e6f4392b,4
66f1361a-6e7e-30c8-98da-672ac08edc11,4
e347a5b9-5560-3387-8a35-4ddbd543d9ab,4
9aabeab6-5a9d-34f7-9ba9-78378e6d4cb7,4
142bce36-cd6e-3d37-862c-f9e1eaf7abea,4
7996da5b-fef8-3714-b2d2-91535623231b,4
8b27758f-3548-3aa5-a7f8-32131a42059b,4
caee227f-6ea0-33e1-91ac-1dca16dc78a4,4
fa60ebf9-29ed-33a2-b711-a8dd8a1af17b,4
6cb2d84f-d16f-30d1-839b-b0a53f300193,4
1c2edeeb-713e-3834-85eb-4b5c4b1fdd13,4
429d3005-3208-3167-8dbb-a775e0dca7b4,4
26171598-0605-3f55-8fc9-df2f899b9b61,4
0f31b227-f0e8-3959-a115-6ff65e8e2183,4
da453b59-efdf-3589-87bd-57039d5a4d7e,4
363ed6e7-f24e-35a6-b8bc-0581cefaba56,4
e6d84539-eb2e-3b72-a5ba-f8865d67d154,4
4c11b74e-3074-36f5-be9a-d3e6f55bac38,4
39e919b4-0dec-3b53-bfef-d38cf4bb42d1,4
9bbc9ff5-4017-341a-87ab-e1872221991e,4
1bafbe9a-c878-3e73-a31c-456a030aff04,4
009fd626-7674-38ed-aed7-b40012b4e877,4
d0f352be-d6db-3684-88f0-5a91335cd3e5,4
eb06c103-d046-3273-bd52-185dbbdb1087,4
a1dfa777-4fc4-3ec7-8316-8dbb4e1226df,4
64b52870-9989-337b-b667-969544c5f535,4
b522ab91-1bf2-3085-bcfb-cd4028346122,4
a0ad3a27-550d-3630-9c11-c7c7159402f3,4
3723e799-0994-35c7-8c5b-a0d2c10c1bfa,4
4e9ecd67-8d35-3256-81bd-3deb08fb70d5,4
ed85eea2-1824-3b28-a67e-f759dd5237fb,4
872cc8b3-a434-3c0d-9bc0-f7ee40180197,4
e8be9a48-fe92-372b-bfdb-39495e1c816e,4
0c619828-d07a-321b-a5de-baeec6bd76d2,4
2bb9fb4a-933b-3f81-b09b-f0c09e9491b0,4
da935fe3-4b1a-3e8b-8b5c-79aaa1422376,4
6007bab1-f890-3361-8cd0-5151f3f69539,4
0c29629e-b8ca-3ad8-ac17-5899671b37cb,4
f6f15dd1-8f96-3ac3-becd-1c772e1e5da3,4
8f8046fb-2d50-39d0-ae95-54110fabaf5c,4
4f66f468-486c-3d0f-ae1b-905ed5575882,4
883c115f-8e88-3ab4-a7f2-59c11f6ca30f,4
96dc6d2b-103c-3893-980e-09f84d7a5c48,4
e6468add-eff9-3521-8abe-df9a2a1b30cc,4
ec6890b9-50fe-3805-96c2-f19237a4a34d,4
be4517d9-5110-37c9-869f-79abdf09b091,4
14cac692-dd60-3f65-b1a2-5d83c0635fc4,4
5261b626-10e8-31c9-b60d-d416200e0e44,4
044458c0-c7da-3bf6-bc08-63a4abbce613,4
7d8bc898-eca5-32db-ac4f-76e1b8b77284,4
5c09f7dd-2170-3757-9219-2680c892efc0,4
aa6b87fc-fdd2-3dbe-a17b-4f5fe567416f,4
8f196b26-4112-34cb-b1b6-b7891edf7335,4
5a8ee817-c942-35bb-9c06-3f218e2a2bc0,4
f3d60aa6-f0e9-3579-b37d-7a50b46aaa9e,4
d087dccb-3451-3c0b-9300-3a9039c29cb3,4
5fc1adba-0a8c-3235-80be-3bf7b2a16800,4
a904e71d-e062-3e04-b63c-f8c13291660d,4
a03ac235-3eb7-3108-8794-a21c53ec99fd,4
84203fd9-ff92-3b30-90ca-ab03b45ac82b,4
8808ca33-480a-3946-8fb4-d612aa5156cf,4
caa3b726-c9c3-34f1-bcee-f4de51febf36,4
b91acce1-ab24-3757-9761-df57e3262158,4
cba20919-9f8a-34b3-b606-edc80fabc46e,4
2e34d246-5bf2-3853-9dec-ec5ca79f18eb,4
f5d8406f-e131-37ba-a612-0b2d8b1b5f75,4
0a1bd4fe-dd23-3a8d-9f00-2ad7377783b5,4
f7d967bd-9c56-3fa6-b427-af3953d7fad5,4
3335b7f6-82c5-313e-aefb-1cd1ac5af7dc,4
486ef697-0049-34fa-b9b1-945b91f28e5e,4
d5371352-6b99-3cb1-aa0d-a7a66d19fad9,4
dd215f29-3e45-3082-9bd2-27ec4bdfe75e,4
9ad3bc45-74c6-34a2-a2ad-1316dce34e4b,4
b0bc5cdd-78ea-3e89-ae1f-e7e2f29aee11,4
c1a97c0d-1495-35d4-8efe-a505fc3866cd,4
4a9c8325-4dd0-3a51-a17a-0a45538c0c24,4
876840d5-276b-3cdc-83a2-da6c415aa1aa,4
226dada1-25c3-3642-9075-ce4fe70b3fb0,4
eed290ee-391e-30d5-a5a5-280cea091c4c,4
20fce9a4-338e-338d-bb08-6b3e03fdc551,4
797e0865-99ec-3910-9da8-2d7a16882854,4
fb456a0a-e5c1-3048-8e71-886ecfa6ef53,4
a201e558-e4ac-3884-ae59-d8946a55a311,4
00f7ed57-d23a-3867-b451-fe7d80b177e7,4
33cc1afa-233b-3320-8716-089217dec1a8,4
5aa6adcd-d964-397e-b956-855a8644a2db,4
30500eb6-7af6-3d47-82d0-5fba444e7bea,4
dfbf2c09-4687-39d4-9d24-81b7800721d2,4
80e1be57-be15-3378-a882-b4eb0edb726e,4
38c518f5-10da-3f1e-89a2-ea1ee26f68f1,4
d7b6234f-44be-39be-8c31-fb365a032afd,4
c8802398-18a9-371e-a3f6-252b3326df83,4
56bf4b47-fac0-38a8-ba96-9cf399fba00a,4
a65ef9b4-800f-3061-b14c-d76c1f451d14,4
aa37e5b3-2aa9-33ca-8180-20414c3e8f2d,4
649fe5d6-a50f-30b5-92a0-9633ee69bedc,4
4f885eaf-64f9-3c9c-be8d-ca2c0d2f7e91,4
0389d8ed-0e27-3d21-be20-5ba3e16cc01a,4
6094fd5a-b0a4-3153-9542-bf8ffa4dccd9,4
e45ffd90-2ae0-35a9-956c-1ede48549fd0,4
137ace8d-7b20-3f91-ba5b-c43c3c061b8e,4
1e7818a7-5f03-33da-b131-b2230c24153d,4
fd985c78-d7d9-345f-8f3f-6853ac1b62dc,4
e7511494-b09e-35d9-aa26-ee1dc88078f7,4
939228af-2a3f-3086-8aa7-f86335098509,4
0ce862e9-f6b8-32f7-8dd9-526d82e79246,4
58e5602a-b48d-3d93-96f3-3137294227fa,4
12c59dd2-4138-3a67-a8bc-6ef3febadeab,4
478ba7fc-dc94-3a5a-aaca-0a879d7cc0b3,4
3841b33a-163c-36a5-9530-effbaa4a7435,4
07888f92-4a85-3622-b27d-d51a2c65e54c,4
c72c79bf-9e82-330f-aa72-d932af6071f5,4
7c492e9c-f4b0-3ea2-993d-959b9677c5ba,4
add99c31-f588-3218-a654-6b5298f240c4,4
e4879e67-dd72-3bd4-9447-4bb29cb3f00a,4
867e1885-e9e7-3e15-bdde-558c6f845c9d,4
90a9eb46-77b2-3a8f-83a9-3c1f88c7650f,4
01eb9198-1490-3f65-bce9-08da4b1a5270,4
57dd6df0-5f5b-3e9a-af35-4cac440b10f6,4
891f554e-6261-3dbc-b14f-95a7854efa83,4
63147bcf-279a-3ab6-9e37-1379fb6a8040,4
cb907580-f74e-3640-8d92-ffa2b1709b0b,4
724a147f-3cb0-315d-912d-c5788ece8cc9,4
14b2cc49-f587-3905-9daa-184bede2f150,4
f6fb87fe-f9a8-3e15-8ee6-4e13a3f9fe60,4
911a162b-37fd-354e-99f3-e0913f1249c3,4
f82119fb-9ee6-3893-b9c9-f1eb334be0d2,4
a4c35c55-9700-39d6-887f-6f5e93019742,4
cce6a870-44a8-3bbe-8878-aadc45b0ea85,4
64e54673-a69d-384e-b5a2-9eac15cac20e,4
00d1d342-bcde-3740-af30-4db1db517d5b,4
3fc0bfe4-41a4-3eee-8578-f5ec6f51d2d9,4
21275184-53cc-335b-acc1-96c4caaa3e24,4
c4426201-19bd-312c-8adc-6c2883809b17,4
a95c4ea9-59ac-3f6b-9043-8567f4dc29ea,4
7b9ca89d-3f89-3b1d-b56d-ed936d258b8c,4
9054cb0b-74f5-3894-85f3-a4eaaffd6b96,4
df420da6-cade-3660-9f25-adb7912c86c1,4
484e32a7-3200-3425-8eab-ac184ab9f93d,4
c7b046e0-add9-34e8-a6ef-5e60bbdb9fb3,4
dbe503e9-eed9-3495-909b-c9e059cd58f6,4
5a0a592a-6a6e-3b72-ab8e-52af70f0d712,4
d1ededb0-2ddc-3709-a11f-19ab904a1a5f,4
59bceb5f-58fc-3581-b2b2-21f7587aabed,4
239e7a56-4dd0-3ef8-9539-cb2c820662e8,4
a9bce7dc-c4f0-35fa-9cc2-5b31c65a8d8e,4
06004e16-26db-396c-bcf6-ba03412b8b40,4
41e61060-9db2-3b4a-8e1a-c0da4365772c,4
d5844c4f-2cd0-3be0-87fe-b24a0dccd21b,4
a76a216a-f1b3-3724-973f-f262bb3427df,4
3ee4d18b-b05c-37f5-9f11-682f83156766,4
2734eb08-571c-3adb-ab88-fc085403f7e3,4
f06785e8-693e-3445-a23a-e43eb791a355,4
09d1308d-4fc1-370e-bb17-630dbeabf429,4
b025f012-0085-381d-94fa-0f0af68a6c7e,4
dd0f699c-e32d-3fa5-a935-89e139792386,4
c710b68d-218b-3dd4-b222-012c9e203d11,4
da890078-84ff-3141-b46d-434d1a115f02,4
12d24e70-6974-3e85-9d30-a318acbcabe2,4
edb6e9c6-6a6c-3de1-a5db-cab4c8693ff6,4
d19457aa-471b-30f8-90e5-10fb83041480,4
72ad4462-1642-30d1-b10a-13b29fc7369c,4
988c4436-4400-3624-b149-abcc45884789,4
e6ac93ab-e062-3d80-a129-321cd8fd5541,4
510f3a72-5d38-3494-9c81-1f5d971b5101,4
a0fa155d-2b8f-3615-b901-63aeff568fe3,4
0550caf6-296b-3c22-936b-22470a1e7e38,4
c57cb350-c631-3f29-91d4-fc1551b10794,4
406ab933-9b7b-3ca4-bf23-b3a5a647b85a,4
f39210fb-3bad-34b5-bbe3-07d0153058e8,4
d2753f59-d216-30fd-9112-e492fa40f14d,4
6a0dec75-ddf6-353b-a6ee-1f8e72610361,4
547b10d2-44e7-32d9-908f-b10719251c97,4
258b3cc0-fde6-3703-8890-46c6c2e90d51,4
2cfdc18f-048d-302b-8b19-cb0b30840606,4
45a8628e-1bcf-37cd-a55c-bd69218510c0,4
7c5c5178-39d6-3a94-b41c-569f12ee9435,4
5dcfa489-55d1-3016-92f8-7c948ffcb9ae,4
f0b580d1-0bce-3302-b207-69f3a846a416,4
a729e747-c6c5-3e7e-9804-643c47e8a1b8,4
bedfb23c-6159-3f57-b326-e923f6b7978d,4
ec05b2c4-8c22-353f-9264-a4b87bd5c331,4
87536466-2391-3de3-a374-c6914895225f,4
346af8e3-c0ad-36cd-838d-9bf9b284fde0,4
a4edf3ce-16cf-34db-8b27-d86895f88471,4
22f70bbc-bc56-3abe-afd1-d3e5ff79fcd9,4
8b1bef27-1940-3ef2-930c-6c6cc1053d27,4
554d8891-e425-3a2f-9ab0-b4c56bd844b5,4
ba2f9c44-38e5-38cb-a3dd-c6c952f402c6,4
f967436c-6742-3ac1-8d82-01c6d2039b33,4
e4feed05-a967-3f6a-82d3-792a04684b8c,4
e9f7027b-bcbb-3da0-beb4-5509eb97667b,4
7bccd304-ff0a-30ab-9d62-ecc5ca424ff5,4
78ea895f-4e84-396c-a82b-76e0aa72751f,4
3abdd95d-f886-3c86-acf1-cf82f33c60be,4
0f67e9fa-0ab8-3488-b183-e0f525d02806,4
e73af9f9-5432-33e4-a7b0-df59b2e08de9,4
36444326-46d4-3cf5-b71e-f186756eb551,4
5de98301-207b-3943-b66c-bcb5e50782c8,4
81c05a00-c41c-3a6f-9360-3c283c830f35,4
ea2a57d4-897d-3fc1-b85e-c943cea90291,4
6d66eecf-c980-387c-83d5-7940e2669442,4
e35ab34a-ee8a-3816-90b9-c372259cd2af,4
e4fe37dd-4e20-3ce4-96bf-bedad31e8548,4
c7a59844-2c62-37db-a279-48900240bf43,4
a578cebf-8155-3fdf-8c95-e4fbdadf31d4,4
2334b53a-480f-3abd-8521-caf1e8284d19,4
b8278c3c-fdde-35bf-9c09-ab2dafa96a8b,4
f073a2a1-50fa-3d33-b6ee-063fc832983e,4
4c6d257f-cd23-32a2-80d5-b179b8b4e6d4,4
6cb363e6-6862-3ed3-ba7b-9c6c51af1151,4
18c897fa-2b9b-32a6-b4d1-072b9caa42e6,4
643f975b-0244-37e4-8b68-773c6f15cec8,4
9c074e3f-8906-3d8f-9a5b-b02c726dbdd6,4
296093f9-dc40-394e-86a2-7f1cb97ab8fa,4
29641914-a33c-3539-82e1-898c647c4779,4
9d8c365c-214c-31f9-878a-e62393e8b2e7,4
64e2b0cd-1b6d-3fb6-810c-a6bccb4bd7f7,4
fb933123-11ff-3714-95dd-982f308b65b2,4
ac912d63-bacb-3db4-96fd-b6bb854e957e,4
94b1caba-d0f0-33bf-8c4f-1b3daaaa1dad,4
dfa83cff-3919-3dfc-b01e-1e883c285837,4
f9d1ba6b-cc2e-3151-a2de-a5d620e53085,4
d776e88d-d42f-3425-a270-4e13cd7b5a3a,4
c892feec-39e7-3c4f-a634-fc75d00bee53,4
d857e1ec-20bc-36af-b736-fb9818f19456,4
68c6d83f-8580-3e8a-af53-b638ce580842,4
858ac8d8-7b60-374c-8c4f-0be2611289a2,4
157b8ccc-4369-3989-bfa2-815c2577337a,4
64c9647c-2b84-35cd-9244-cafad4281f34,4
b7ae83c1-3356-3864-8162-39b6ea644f1d,4
33d151bc-d6e1-3b69-8592-f253926c0cd2,4
f2801673-2b03-3849-936d-eddfddc99d32,4
d51e7983-76da-32fc-a38a-9ffb08d3d138,4
4c77417f-b606-35a8-9d4b-4ce64af13371,4
728ab938-23b6-3657-ba66-ace3cc16a6fa,4
b477993f-1001-3c0e-b8b2-e09313bccc9d,4
ecb5a96a-33e6-3db9-b791-c5f998557cb7,4
7bccf2a6-4b18-34ba-8885-cd8e3cea9aad,4
d271bc82-096c-3b8c-bbed-0165a7fdedbd,4
049d6459-8e78-3424-8723-ea3e8a4da165,4
e15efb41-006d-3fbc-a577-db070c66036b,4
7e1b8126-563a-3bb0-bd70-677ae589b9a0,4
95910b26-a9df-351b-b9dc-c24604ff4259,4
3e5c8805-dc41-391c-ac78-aa932a144479,4
97cca1d6-13f6-3ba4-ac5b-6de9a1a581ce,4
67c073ad-bfd1-3c12-a74c-9ddd00ca756d,4
06afd898-629d-3035-b0bb-f490fc33ab9f,4
0d074e05-5702-3b8b-bf36-02aef8adc5b9,4
3190b38c-78f3-36a4-8568-700bd833bf13,4
dd0cefae-7016-3c83-aeb5-b43587a9e1f1,4
f19177f7-93c1-392a-8de3-b8ea9b3167a3,4
5632cd09-a9bf-3c25-9900-f6102ddc386b,4
91a4ec82-dec8-3521-a188-14251742567a,4
66c190ea-72ee-355e-85b7-9ba7755475fb,4
c467daaf-5221-3c81-85fc-acd6533312ee,4
a1012791-e72a-39b6-842f-25ad4d8f0810,4
18a6e92a-14e6-3def-a83e-c70d14511471,4
76c390b4-121a-3427-851c-a408c2bb2487,4
6f631114-ae58-3ca9-8051-f4f824a7d936,4
fdda506e-02d3-3f43-b31d-c894fd22254a,4
930be3ec-453b-3f80-8f18-3e7513b18af2,4
a97637ef-f648-342a-adff-443425f0d7ff,4
1be8f0c4-33c6-3c0c-a2bb-38ee841b1d37,4
fdf08bad-c6e5-3876-a0f0-efa12f15f82d,4
e761f495-b8b4-3e9a-9388-aa6a0d413865,4
55ccdd71-6858-37fd-b589-b770291c2be8,4
41ec4c62-f4ea-3f00-99ad-079f410055cf,4
faa1ff05-4a17-3e0e-b615-e6aca16336a0,4
126d72c3-da69-351c-8c1a-10c4575eebb5,4
e488b080-76d2-38c5-b045-63bb74c27e01,4
a750221a-d027-3ec6-a086-994240860837,4
ed8f3623-deca-374f-a173-87f317788348,4
2efdcb26-e046-3b8c-9e2f-11b4a8d87fc8,4
50aeb7eb-bb15-3f26-af69-71eb546b3194,4
df8a0561-252d-3f84-8048-9c146f6afe3b,4
21a83ca5-5643-3adc-8e60-6fea9a500c96,4
bc4dc6c5-9630-3245-b0d9-1e35f4c200d3,4
ca8e06fc-e7ee-3f95-aada-b021bfadbde7,4
38ea931d-5590-3298-a338-8a47bdac7ff3,4
661d241f-a9e4-3c44-8902-fd7f911714cb,4
25890933-4175-3dfc-b1bc-fa2ded3cf883,4
ce4bbf9d-ef3f-319a-99bb-757fceded585,4
ba8cb361-25fc-3223-ac01-397d68d2c956,4
b82648cd-bc60-36b1-bc30-8949e5e3fc8f,4
a56a215f-50ca-3d58-9121-03f702dcb11b,4
8b55a1c1-3f5a-3299-aa78-4a2bf71d7ae8,4
6ac142cb-4298-3d0a-930b-527a15c23875,4
98093886-c783-3cb9-929e-d42f7d052f88,4
80577294-86fd-30a0-9b4b-c1baa34ce759,4
329c97e8-5ef0-3e8b-aed6-db30fc27134e,4
f8953d68-9cdd-3fb0-8384-6c380cd81001,4
a1876fc0-e205-3895-9656-014af1ca73b1,4
5f5fcb78-e10e-3740-8edf-73eb5f5824e6,4
3f6f6992-81dc-3c15-80a4-697678f4e702,4
dc765958-b408-3c15-bccd-281a57d2adcb,4
ca627cb3-7032-376e-a445-b8459cc9c834,4
0e81351e-1f22-38e5-a003-c19ec1b4e49e,4
d55b518b-ad83-3803-a9e4-336af4584f59,4
a1bd014f-d748-3dac-9031-9e43d5d0cdc0,4
eeda45ad-0257-388e-af96-88d745ac5d08,4
4f917b62-d589-3932-96a6-23371abd7b3b,4
afa4a794-7dd7-34c8-8eda-e643c96ff086,4
577ddf0b-7364-3671-8415-f8503995f07b,4
7fe20a53-5cc1-389d-83e9-0543f2d88e9d,4
2c20feb6-ee1b-3da3-a993-e6ae09663662,4
7a1ac50f-ef63-3f35-b91a-d555e3665e68,4
59a1deea-acda-3893-9e74-47439df4d06f,4
fedb7695-bcd7-3248-a072-1f4e2c0ab47b,4
0d86bc27-b9dd-3b2f-a24e-4266703531c4,4
b6257781-38fd-3663-b88f-61cf787ab1df,4
76faefe1-36b7-34f1-bc44-e07fed375261,4
48401ba1-b39e-3975-9758-5ded465008bc,4
a4f2f032-3501-334b-80a9-be65f16a7570,4
4a13f302-e553-3145-ac5b-270bb6145dd5,4
d79148d3-25f6-35d5-8485-6802d8e08ed3,4
4a148d3d-e908-3e2a-8bfb-39fc9dba4bc7,4
38c2ec10-efd6-3efb-80c4-98742f6286d1,4
5ce10b67-2a60-3f67-a50b-c84aee7267ee,4
b527d328-0338-3154-95aa-78836bccb184,4
abcba1ef-83dc-36de-8e26-110b327c78ab,4
d6d40278-1590-398e-b292-46ddafc21729,4
6da7bc1f-7649-3ea5-b932-7ef898077f9a,4
c0041c13-98bf-33ed-8b65-551a39c559ae,4
7f5ea64d-a990-3aac-b573-2994ea6bde00,4
eb8a8165-56b5-38f0-b465-63cce2620f14,4
002e064b-8263-3a0b-ba3b-4598d06b3bfb,4
58ce5a7a-62f5-3a27-b1ab-78cc58886079,4
0bec695f-04ec-3412-a225-544de983dc4c,4
24ef6619-3ff2-3e08-84ff-b399e50bc461,4
7309e176-656e-3757-9668-513d388c7607,4
75ebaadf-08e8-35d9-9348-9013b77bd6fa,4
ee792d64-c7f7-3fe8-8176-0227489d7bd2,4
b9bd0281-f77c-35b1-8702-f5c0697c88e6,4
e0b99ded-c640-3e90-bd24-51d3bcddd921,4
11f6270e-f2fb-3090-9269-425040ee5316,4
3277b28a-079a-30c0-ae12-541c06e33d98,4
ff6fbc65-ffb3-3fdb-bffd-8e21ccb59a77,4
f39d6642-e814-3e36-a066-78c3d0f3d2b7,4
f4345924-4552-3173-84fc-391690e2ed14,4
456e5e29-6e41-30e8-82d7-0bdd20a8f771,4
193248cc-6c32-35c4-91ad-e9175dfd4ba9,4
3aa00133-dbed-39e7-9bf6-6e62ca5693ab,4
ca1d982b-d04f-3d27-bb7a-8102ef83385c,4
9c8b4ef7-beb7-3a8c-b671-c23722fbad6d,4
0613e21e-daf9-3716-8e7e-d97bf924a923,4
bac25665-7030-397d-a3f4-d42f1ff333f0,4
6157f215-a14f-38df-b137-92f1c5bc7442,4
3bede211-4568-3c7c-8cc3-ece505719c60,4
da2eaec0-c003-326a-88d7-a9af55d1d86f,4
ca92b360-0989-37b4-a880-c05acf40aa81,4
dcfdfd3a-ab37-3fb0-b33e-1fbbdba684cc,4
448794ea-b404-37aa-b624-12dd324a96d7,4
4bddec5b-613f-3f0f-bd9c-32730dced6b0,4
169b30d0-4e84-3a0f-a7ea-c884afe1e98c,4
9fa84b7b-700b-31c5-bcc2-319c04c2981c,4
5e83911f-1b0a-3e70-bf28-0e8a3680de30,4
77b185b9-52b2-3756-956a-d30c8dcde9c4,4
3536cf85-8e7b-31f3-8bb7-19e022328a70,4
ff6eafb2-c09c-32fd-ae23-5b14ca2f7dd4,4
39b5ea8b-87fd-3f81-894e-9b5db492acfb,4
72a0672a-d2e6-376b-b1b6-1bd89e36b77e,4
71b5f104-3362-33c5-b635-1f14328c53d8,4
3857aa5d-ebff-3deb-b07f-a7bd4cc4e2cc,4
b2709425-aa9c-3e2a-8e86-518f88d63319,4
a6345821-42b6-382d-8aad-a1b0f218e090,4
e1b22d20-a78c-3a94-9693-5c2980acf184,4
2f5c8dc5-fb8c-364c-a26f-614fe9ca7606,4
bb687ca7-90ab-3a6b-99b2-3340a1f6ea9d,4
3dcdd7c1-63bb-3482-9881-bc8cc8e8d781,4
654ad8bd-19d3-34c1-8a9b-2c9bfd2049c8,4
6ca8519d-09ba-3a7b-9fcf-918fd7083d09,4
eca37cc9-803b-3df9-a32f-4db396258385,4
360340e3-f047-3bb9-b232-3afbdf3e5f3b,4
dfe3faec-a7c5-3a51-b1c0-8f2b6430c395,4
94626d57-f2f0-39be-9074-4f78e772b2d6,4
1ed2c4a9-3e02-3dbd-8f6d-d4580bee8896,4
5aeda418-44f8-3735-9e3b-60ef401ab4af,4
8370844d-8b94-31ff-98dc-f52e15587ec5,4
27598a6b-c999-358b-91cc-fe8917c78055,4
a4682429-7330-313f-8fff-4cd316e6e67b,4
419db8ed-4593-386d-8419-6ffa21703dbb,4
974b742f-3bf6-3cc6-b2c5-21cb30a3cdd2,4
591fd9a8-1a34-305c-8f06-ddb641bd33cf,4
17055a87-72b2-3bf9-befe-dfe83d5be572,4
915a3f79-92b1-3391-846a-6300df3886d7,4
6ab8e8a6-5ad8-36ca-a01c-f2b3f03c41da,4
76474e1d-370e-340a-991b-8226fa4fd237,4
fcfe31b7-bd9b-30d6-beda-7dffe22349be,4
15bf176e-7aa7-38b6-bf21-91fba264ced7,4
492bd912-8f19-34d9-a7ec-db5a3f62577e,4
17b5444d-82a4-33b4-bfe7-f8b3eee777ac,4
b7b48f93-4ffa-353b-834c-da2f08ccc23f,4
771f5aa6-4f4c-3ca6-9566-072b439695d7,4
344d8926-93ec-3189-95b2-a14794c98be0,4
e4a341ca-e85b-3944-b799-eb80c37e0aac,4
9f6dcdf9-c13e-383f-ae24-58310d97b766,4
87a22975-f9e8-36f0-b143-6d1146df0cee,4
8833857a-a35d-32ff-a154-a45cb423451e,4
6a4739ec-c77a-31dc-9004-93e38647d642,4
309fb55d-eba9-3d86-be89-add34a879702,4
2eb3fd6c-d7ec-31ed-8418-265436f81549,4
e5598041-a8e8-35a9-8b4e-3f2b0c126445,4
cc892ab7-e618-3ab7-b69e-854895ffa2e6,4
220946b2-877e-3bd7-ad17-0ea2c232b3f3,4
8f1548e2-28c7-3707-814b-b28083bb768c,4
a43dcdc3-9828-3896-a82e-e0be4d9a9fcd,4
6b575dd9-622b-32d3-a653-8f07e23c0f1d,4
c20de065-4327-3d0c-851a-aad20087c4da,4
51f3d426-e3d4-36ff-b7b1-b319aab13f99,4
8a1079f2-80dc-3eb5-96e9-15e2f2bdeb78,4
afe9fb91-4176-37e3-ac31-41b9d60cb7ad,4
1e72cb32-f3aa-377e-8eb6-6e957c8bd924,4
b7590ae2-f3c2-3433-bfb7-a9a873e440c1,4
e7d793f5-5071-36ef-ae45-84120a2f5f94,4
15c3d1f9-78f0-3dd3-bebb-ed50a66affe4,4
6707a54d-3361-3c6d-8a07-19b230f1090e,4
0d81ca79-9cde-319c-a1a4-9e53917bd935,4
85251e8b-8803-35af-aa94-efef4d7ec78f,4
9ddc4500-8aae-3f71-8864-1b37e6603b38,4
27fc895b-3d88-3ea2-af55-d6ac416004cd,4
c8fdf647-4234-3062-b0a7-93f5413fc136,4
3f57d90b-a280-33d2-aaec-6caae90a8806,4
21a12e74-1a0a-32fd-b4d2-56eab25da341,4
4e1f5f5b-a7b2-3e88-b497-84584e5a4cff,4
61beb9d2-7d31-353e-806f-37b041c8ca91,4
e5afbb9b-d3c7-3b42-ba89-d338904dd23a,4
342583ad-8701-379f-ab93-62e0fd5aee7f,4
411a4644-5ba1-3a1f-ae14-22b8d4b844f7,4
ecacf26c-d7dd-3a3a-aee0-5247d8dda5f4,4
a0ccead9-5d21-3bb2-bc08-372c82536ab0,4
7a94ee94-74b4-3d2a-b181-99ae17a6f950,4
21739791-f508-32ed-a9e7-4104389ae957,4
46a18755-1448-3b6c-aebb-d90dc19f4dba,4
05d68a60-a5ce-3aa8-a962-a35560536202,4
8d6c81f4-0fa7-33c5-bf93-681299aa9da4,4
10f9d1d1-89b6-304f-90e3-59cabce9ceac,4
f1fd4459-436e-3921-ae3d-2ed0c1baebc7,4
518f5258-6873-3208-a3d3-a4718657fe21,4
02e4df0a-8890-3d67-a808-df5b1ee94cee,4
d030ea41-8107-368f-9a6f-ee526ba5a9ff,4
2e8010b5-c6e0-33b4-bbdf-08eca0622c72,4
95570c51-a63c-3daa-aaf4-bd27bfa80a64,4
1b1d448e-01c8-3b31-aeba-981ce9ed782c,4
b57dbd7f-8f72-383e-b67c-a890b333f2b8,4
3be5e930-2295-3428-a914-828a0ba31056,4
b3af01a1-92d9-3b20-b7f7-d4b4c23a132a,4
b60d4813-155d-333b-83e9-063644fb5a84,4
3a0211d1-ae74-314d-bebe-8fc711ff46ce,4
af7a75e0-ce58-3688-aeec-527157f31c13,4
1d9068be-4dbc-3e4c-b97b-57122beda75f,4
2bde8f59-fb5d-3102-8657-d2c6188b197d,4
cb03930b-af2d-3fe8-bb48-483bf622c83c,4
2e512c9d-a817-3285-8f23-a5d23bae5968,4
36097069-6eb5-3079-8073-cc0f4d894d34,4
6251d578-059e-3a09-9188-68b5fa43c642,4
9e2206b1-b400-31d1-93d6-5ee865b5595a,4
f1ca1af2-04c0-3c1d-b0aa-c113154405cf,4
c4f79084-f3d2-308a-b272-493b9518793b,4
017154e7-a4c8-32b9-a413-22179d015422,4
c8915d1c-4080-3266-8fcc-811bc327bfa5,4
cb7b9d7d-371c-3eae-9197-ad936b319f81,4
bdb8424d-4d58-3e95-a6da-c061efd23a21,4
f315a6b0-324d-3780-abb7-3d3550bdee87,4
75c448e6-4f61-37e7-b311-8499172b1ce8,4
02367ce7-8832-3044-9f3f-cdd9b3f4ca09,4
f26afb54-5c38-3fe8-90b1-1f85d4b24d3d,4
67f6649c-86bc-344c-acfe-59c93c4f5a0f,4
6df2541a-6ffc-350e-a192-7295b5e83203,4
4ecaa6ab-bc2b-3692-a5f9-f19a5da95691,4
9c79b01c-592b-3ce9-900a-19abd960859f,4
2d02137f-2741-32a9-a24e-b5a60f667c8a,4
3587c2e4-01b9-3ae8-9bf6-be9a52d6e28b,4
fbcaaa3b-1b9f-3488-a3dc-3967bb4a33f9,4
8b609894-3bc9-3526-8d99-3e4c06cce972,4
d3edf4de-aa82-3ea3-ae08-bbeee23f8828,4
b9769d0d-d0e1-39f7-84fc-5a988b0c00c8,4
f744bfa6-1f39-3c68-8400-128cd8bdd4e0,4
02810195-96ff-3a16-85d3-26de692e54b7,4
d05c7f92-a009-3788-9970-bd19e6beb97e,4
8301959c-7400-37e9-aa69-50db67d8a0e5,4
72d13c49-cfbe-3abe-994d-73a6bbfe402e,4
5c7c6e96-f343-39d8-8791-e2da7f844465,4
b422b1e6-a7ba-3a62-b413-4db53af2a7ac,4
b0237947-6b1c-3991-bdc5-58f1a1ae44e2,4
175dd9f4-c78f-3477-96d0-a18de7660245,4
c0cce8a2-6c6a-3b61-a7a3-93f3f3e34ea6,4
9a5da996-94ba-38cb-93d6-1c813cdeb944,4
f0e5f30c-d1e6-3e7a-8a43-a90eedc6f6b8,4
bf4331d2-2c97-38c8-ab74-ad2af88f6ec4,4
4ed6f8d4-25e9-354d-9403-a8a75abb622a,4
fdc81842-2723-352d-88eb-dfd35e9e0431,4
292cd249-6d26-342b-8934-7d45c1774403,4
cf8391e3-98e1-3486-9a80-fa86e9b24f7a,4
cc150959-ab0b-3dcd-81b2-0518da7334a5,4
7a7e7fff-0afe-30ce-9a12-d7818503eee1,4
d7c236ba-8859-3d56-a2ec-bdf9edb880fc,4
723e3938-bf10-3ab8-bd25-8846b6cba6d2,4
b2f28173-cf3a-3f33-a7ba-f22dac606747,4
d8af6358-8410-3e3e-88c2-85ea8149c4da,4
bed4ead3-3df9-3cbe-a6c9-6af2638bae20,4
6528e53a-4e8b-34af-8022-43765c2d437e,4
93102e1d-d4a0-3aa3-825c-2e9bc58a8661,4
1b70291e-e868-3f68-810f-db06c89eb4f2,4
19ca842b-65ee-3c89-b3ca-942e412f32c1,4
640c7952-a74a-30b8-9fd8-ccb88e974c9e,4
df60c61d-e8f5-37fe-860e-f0d163aa6b60,4
d88ca232-0d9c-3601-a769-122bd63393bf,4
179a6417-2ec6-335c-817d-a0488e646260,4
42735022-a096-3c8b-a1e1-579c7dada02e,4
ae84de10-0e55-3cb6-8c2d-021c07b7e28f,4
0683daf7-7477-36d7-9365-db3f43237eaa,4
9db0b173-b30e-3971-8c18-45baa4c48028,4
eb3da1f3-78dc-3e8d-bddc-e72b10b9b795,4
dd197e60-a059-3ad3-8949-74bdeb0b1ec4,4
b8473a1f-99f6-32d3-a1ec-28548e83010a,4
ab6d1918-7cc2-39d6-abff-a474397b3909,4
cc9f49c5-5bc6-320d-9c72-b64375c72a17,4
381c2dfd-7747-3de5-81bb-03b57a7a2a24,4
cb05cb8c-e5f6-32d5-8c3e-0630b95d7317,4
6d824f2a-0069-3d3c-adbd-3101cb8c73e7,4
9eccf28d-3cd2-38f4-a01f-6508e803f31e,4
a4c9a847-b03f-3975-bc5e-0abdb607ec32,4
09c0059a-4c67-3760-a8a8-c70ed344434a,4
d5f145b9-0b64-30ec-849f-0e2e0ab385e9,4
5b910d74-d53b-3413-8bf4-3e744ffa97ae,4
228378c7-cd32-3a28-b097-5673c8a3ffbd,4
d5b0fd9c-dfdd-34bb-9d15-5f95312f1ad7,4
2aecbebe-23f0-315f-86bc-8809ca4ca4b5,4
5ade6101-83d2-3540-b04d-1ecef7ba257e,4
cb960447-4321-3f12-a699-e2918b4b9743,4
ee32f0a1-ccab-36c6-b0df-671bb45b06b8,4
7ac0b9dd-ca62-3bcf-b5bb-961ace9214c9,4
ea8ce19a-0ba5-3a9a-9459-ff0de0b509bc,4
51b053cb-7a06-31d9-8a4a-4f4d30fadccc,4
01649715-7bbd-39de-b3d5-e57ac387ec78,4
a0968204-9945-3ef8-88cf-db46d74cc991,4
4360cd7d-3560-3fc0-8b5b-325ee89689a0,4
d603d1fc-1896-3053-92c4-993bcdb55dd0,4
15324a09-9955-36d5-9a9b-aab2394d778d,4
92dce538-9a18-35cd-abbf-a40a358b9278,4
c404c7b8-76ac-3526-8102-2c1bc9b0c08e,4
6f9115a7-661f-3336-8093-615ef1e9a5f0,4
50bf374b-4ae8-3808-849e-de7a8e7c4845,4
1a8de390-618c-3f89-bd80-63f5a7e4309c,4
14354b72-04b5-3d95-b31b-cee7b8d8bfe7,4
ea15af3f-4554-3bdf-aac5-33a3e959702f,4
3e24804a-52bd-3a84-9211-ae881197b62c,4
ca31e01c-09ad-3d64-b733-ee8194925143,4
03cd88e2-3b83-3a4e-ab9e-ddfaed7d3fe9,4
7cb78443-521e-3579-af0d-818e0e1dc00e,4
a2497ab2-8386-3d36-b473-d66af6011b0e,4
f2341cd9-b31f-3e68-a8b8-eff33939732b,4
fef2228c-da11-3ed5-84ac-3081a28e78ca,4
9505c792-96db-3ff4-ab3a-126292ead676,4
127a3e89-3db7-35d9-a961-c18ba9752c36,4
d30b83df-2c4b-3cff-8112-754a1d6cd9d5,4
ec160202-76d6-36af-8d58-bb252d403416,4
d92a697a-7ac1-3aa4-9a88-c363f06cbf48,4
100029a2-f3de-3e2e-94ad-76ae9292cc69,4
c52e35f9-dfa8-379d-8fb3-6c1a77d406cf,4
cf1101b2-9214-3c6a-9eb5-5e45448132a7,4
77d09f89-e195-3910-9d7e-6ae447a539ad,4
b19171a3-fd03-309f-8e90-51bb9212a075,4
e5478d80-43f6-3155-8e38-c646fb65acbd,4
fad9f90a-382e-38fa-b93c-2c82dcb5c3b9,4
a83fa7d8-b52e-3864-ad95-184d18972840,4
54897c2d-ec11-31a7-a1ec-a4609cc644f6,4
13d4a934-ba2e-37cf-bc50-c354c6115f71,4
75e6d8f9-f24e-3a3a-a01e-89b49bf61126,4
d337b76a-9025-3cd4-8ccc-fcfc43b1b5c2,4
d1b4a396-2008-35ea-8756-4ccd3eb15b16,4
d3f48abd-092a-3a88-a8da-3ce5cf59d9ba,4
a755b8e2-0b97-386b-acad-eba46405fac5,4
a887e4ca-3ecc-3b16-bf0d-fc1d66ca65c9,4
5d8ed586-574b-3ebe-8ebb-8d4a51b7abf7,4
5bc8e594-66b0-31f0-b102-3f5acdc4f34e,4
0fc9ad09-a02b-310e-9b06-b24a5e7f43e9,4
93ff6b81-c1c5-333a-a62c-76709300c10c,4
b54aaf3f-b0fe-3db4-94ea-f4428a79a5cb,4
2c09a51d-ae19-3545-9e68-bc6fabb8a7f9,4
d42b4954-e7a6-3937-87f8-bd907cb45818,4
87f8b907-4809-3817-b9cb-06c14c175a8c,4
b80f2cd1-5f03-36d1-b1f1-fef0692a835a,4
187e61a7-e50d-3c94-9e0a-404d0ab8f75f,4
8bcdb961-5948-34c7-912b-ee7a1a224424,4
f323ab67-1c2b-3e97-b2e9-b5a77e6705a7,4
3bfdf0d1-c2fd-3486-b862-dc4c5dd3ec15,4
46150f83-a696-39c2-83d0-346a090790bb,4
b4096949-c71f-31b7-94ef-0287c7743143,4
8a3e96d5-5ad0-3c15-86fd-61ea343e4b10,4
a47deb17-b7a7-3959-82f2-fe8d48e9ddec,4
42754cc1-596d-365c-9228-3836ba14ea04,4
aa5980a2-a7b6-3516-a6a9-4d0b42fe41e5,4
eecddcf1-6357-30c4-b764-506a4013c213,4
99620392-5d0d-34aa-b652-ba1b5fd8c2f4,4
603c58ae-fa1e-300f-bdbc-6ff8ada70e3d,4
5b535a69-167b-3f43-88e4-b07bdb5c13fa,4
ab8f801e-8dca-341e-8195-c5a73971345b,4
8e3eaade-10d4-3c39-8113-a10b570c7322,4
8bcf1ef4-511e-37c4-8a19-704c4204a01b,4
1b80f2e4-64b6-3c67-a47d-d5e7ee7e149d,4
634961bd-4b1e-3abc-95f3-001a2779f58b,4
48748542-b20a-3458-ab4c-d3ee673ff268,4
4224bc14-1321-3c3f-93f5-451e2d8e6ce7,4
593e7b51-3a96-3c6c-8d27-cf4efea9c1d9,4
be09a992-7146-35d6-b4b3-fb015b8a234d,4
762b8798-11b9-346b-8af3-cfc606823f0d,4
acb65273-6d4b-3e1b-898a-a09338751f47,4
fe041b85-437d-35a3-89a3-e05481c42238,4
13636a83-e94c-387e-976d-7d6f6a9f45f5,4
d1b15471-254e-3baa-8a32-cd2ec9f1c79b,4
0d82a0c3-0a5f-3be3-ad33-f87268320603,4
46f6e612-a937-3ddc-9598-4abd31db6130,4
40018729-176d-389b-a36b-3102535e2445,4
5b0eee0b-f882-327d-b8de-65c392af5852,4
ede09de3-33c4-3204-8349-9f7e31608f22,4
a255e2cb-43f6-30c0-8c13-476c303b3897,4
021b6b50-5511-3532-9bde-0a427452593c,4
edc01b67-927c-3a6f-8461-c1a1d05a89c2,4
b4376a30-3e4a-3381-bf80-b520ee1f0a67,4
9340b40e-d70e-3d1f-b8ef-564260670ca8,4
8475ed6f-08fd-3d3f-baa5-473c88b73394,4
5ad928e2-94dc-39a7-9204-ae5c36368032,4
000e0e45-b4e6-3a07-a2a8-da4bc2af64ab,4
80d180e8-20c7-3f1e-b0c8-03b55a6f332d,4
f10ac0ff-9098-345b-a0d2-91673ab675f8,4
ec53cc6a-36f6-383b-aaba-8f442c06a6ad,4
264ac11e-7606-3d92-b59d-f3758df6fe0f,4
6dc26972-91c3-3aba-a6e2-2f7657f0518e,4
49861e8c-b752-36f5-b61c-05e6518140a5,4
e8832f10-8196-3f91-99c2-f8ec02443398,4
000ab8b4-a38f-3b56-a2f7-d9efdc5c6c71,4
21202f9d-e22d-31b7-9878-0721937bd6dc,4
881b0a92-a323-39eb-8591-8879f6b6de91,4
9c9b376e-c05c-339d-a7cb-d2aeb76d75a7,4
a8f36352-1d58-3888-8184-17c8252489a1,4
038d5d35-e411-3b08-9e52-fb690fd1b857,4
d57fb083-9ad5-33cc-a98e-31023bc3d652,4
484237a6-43d1-32e1-aad3-8055e016a8e5,4
7857876b-fd67-34a5-b1b5-14795790a97f,4
77145174-fd95-3b26-915e-2bbe96607242,4
73fed29d-41a4-39ae-9157-c01e03c15cc7,4
2e818505-a817-3b2e-bc29-753a6807af19,4
db0270c9-709b-3765-9076-0de8dd3af820,4
03ae88f5-cca8-3a31-912c-6728c6d43724,4
e5e38df1-4ad4-3f3f-aec5-d461c82f47ca,4
d5842f26-d535-3455-9aec-cfe33123b039,4
fcc64b98-a9e2-3b77-b633-e934eff45b3e,4
bf4b5b9b-e9c4-30aa-a75d-28e998d79114,4
9ee1ecb7-6328-3880-b4b5-809b0bf7d46e,4
7f4d98a0-07de-3765-b26f-907ed4998150,4
7dd91acf-2044-3e6c-b3c8-bca8cacce464,4
c67055c6-b83b-3268-9c01-167bc582a3c1,4
6e745fd7-e7d7-3c34-afbd-27567da13bcf,4
4974080d-f8e1-3a3c-8292-02c08887108a,4
ca2973e7-ce1b-3c04-b8fe-cd176a99e4e7,4
7db2c230-7d9e-3fa8-bfc0-cc0cf3fbf05f,4
e0c4ec56-4c58-3b5f-b8c5-7e9100134238,4
3fcac73c-664f-33d5-80b2-d9ea7082fea0,4
5e36fcd9-d484-3185-986b-22710c344aab,4
239582b1-26a0-3e5b-bd9a-338d48d67d11,4
5df24416-90c3-3037-b3d9-7d7cc02a0978,4
6952d1df-0087-33e8-ad69-4768ab8517c2,4
8486da58-7b76-3baf-8485-088413d6ceb2,4
206d745a-badf-3fbd-91dd-0f0d0de16e5d,4
35be9d61-64f0-38f0-bcc6-50c6304daab3,4
06ecc900-a43d-3f33-a3c1-20c9341bf63a,4
d070a3bd-6bb4-3b5c-8dfe-7b4866edcdd1,4
6fa4b744-4328-384c-8b60-0398edd7188b,4
652e3852-89f2-3dee-aab4-392e7085018d,4
969d01ce-c9af-347f-98c4-dd7b1ba470b8,4
57b98cb8-1416-3e53-844e-51c7186d781a,4
bd69afd9-be63-3173-9925-6b1479664b19,4
69020cec-d140-3b8d-9583-a1b5216e38ec,4
05c25f0b-7e20-370e-b35b-c7ea31c5481d,4
3f091b27-2bdf-3cdc-b819-cf59a422db50,4
957fb025-6949-364a-8664-80d80b089cae,4
1183074a-6243-3a92-a377-18729b751661,4
0f161e89-0e42-38b5-94f0-e9113ef1440b,4
9295f78d-d404-3c63-847b-9a5622c1c7a4,4
eeb81a73-1702-38b3-a9bd-e0c98ea77d0b,4
9853ef70-0317-3c03-8e0c-8dd9fb3384a4,4
475c5f5f-539e-32c1-87b9-b73611f92be9,4
6e9fd9b7-4064-37ba-a408-b5e9e674cc2b,4
d34eb23d-866a-3a3f-ab41-502fa58ee2e8,4
901f0060-ea4b-34a6-bc27-e7f3085ba399,4
7759c715-4ff2-3a0d-9d09-5f6f11f38aa1,4
dc42311c-7e7e-32d5-bb55-62419d543f38,4
aa055a77-9a79-34ad-854e-ba427de59125,4
dbabb0a2-a209-3a3c-92d9-ddcaebb4db6b,4
cdf4cb84-c108-3587-baa5-8ad90ccbe3c1,4
79e5224c-8899-3092-a4a8-1b7c47426b99,4
48e010c7-0c9d-3b1a-8ca1-2e375c2acd68,4
af952351-4855-35d4-8479-a60dcd26844c,4
67f2c0ad-7423-3972-9ca6-cd7233335cb5,4
77e27fa3-b45f-3bc7-bf49-6a94863189e3,4
6ef516ec-c7eb-3594-8c23-d6b7044381d7,4
e100c7d0-3d52-35c3-a0c0-6661f9e3bf62,4
50887fd6-48cd-3937-98b6-c4d63ca7e1fb,4
8fb99446-ba96-321e-9a53-4924df812c79,4
9d4d1760-c1da-38b7-b6cc-04dc2d44ba8e,4
79d6fd71-00ae-3fdc-a823-65247b656879,4
a149c0b0-2ce7-3e93-91c6-5cdce09aeee9,4
978c8e69-1fb1-32a7-a5d2-e3782f55ea4d,4
009abbea-5b17-32e4-aaf7-d15355c4fe43,4
6ef572fa-bf1b-37d9-bd22-4ea937fc4858,4
63647fb8-6fda-3003-ae17-e3809c5ea1b7,4
c0c8f8ea-dbe0-3025-be91-c5de1939ff34,4
f9d12c9c-d84e-34ca-b5bf-0bd4bf7dc330,4
39716c95-fd2e-3084-9e2b-5374188300ac,4
b114ec0d-5650-30b4-a0a7-f1010335c3d9,4
ad68e704-aa23-352d-ab40-34e369857944,4
8ee05cc9-e10c-3f61-9604-2eb4b75a06a2,4
e4ce21ca-3e1d-3fa1-b8b3-d69a99aaa20b,4
c6228dde-455c-3f74-aa11-fd59e02a1a27,4
9b670a34-0ce5-3c0f-89b2-86d3f807d561,4
8310854b-54d8-3485-966d-219fb2f5df43,4
054d17b4-e8ab-32a6-9831-9f6af705ae4f,4
f896b603-1b61-3b79-904d-7d2949bbc7f1,4
30a4d689-49ab-3593-b226-25047340b7d3,4
1525d351-6265-39d0-b965-1f002479d5d8,4
256fe3c8-203f-367d-b83e-47c59f8a1ff5,4
eefffabb-d496-3acf-b470-d52fd5c23c62,4
2d04e967-2722-303f-81f4-1c285f33dec2,4
1d56c974-c576-3aba-890b-ccaf3810b018,4
6939500d-b99e-342b-b758-dfcb57691b27,4
88ddfce9-c3c0-3522-ab02-d485385b806a,4
130458b5-402e-3fb0-9297-323ab1297840,4
dde87dfb-85b1-30f0-8e8c-31a252837bf9,4
32eebae5-65d1-3ffb-8c4a-4b6c1660ea43,4
b7e31b9f-67ff-3196-a212-11590257d635,4
f202588c-789c-3a36-9866-a49123b84ca1,4
585b05f5-60e4-3ed3-87ae-b01b2e25a78e,4
abe3bbb3-97e3-382b-8b9c-0c9cba9823d0,4
eb20de92-cae4-32c8-9008-2fd8ad2bc753,4
5b588751-9b79-3d1c-8a5c-ecce69ca3a37,4
2e926391-5a3b-3a59-89dd-605ca66c4477,4
e017fe79-628a-3473-aa97-734ebec838b8,4
5660ea67-9512-34ac-9523-1d56aab9f01d,4
5cd2423e-1740-3b53-a2f5-4eaab7ad7918,4
432b8149-9483-3bf3-ad86-1af1fc1c0c72,4
06506bab-86b3-30b8-8783-024373e313be,4
049cd809-7919-3f42-9d43-0634be41641e,4
49905ca1-c97f-3af9-b16b-f89b912026b0,4
a2ccf86f-e1a8-3e54-8bfa-7400646b84b4,4
1d1e5626-2f0f-3f3f-a395-80645ab5321a,4
0ff19bf6-97cf-34c1-9993-0b6fc1a8d1a1,4
f8bb308c-9ec4-3492-ba3c-754ca95758d1,4
bd87709c-b347-3dac-9cbb-aa5d6d040466,4
6fd945c0-47a3-3478-87b1-48b61e03cf90,4
f81f5e96-374f-36ff-ae23-e7d299a63cd6,4
07f80aa6-7db5-3f5a-91d1-379519841bd5,4
9f338a42-e11a-3b40-b0f9-2e070f64a4c6,4
87b0d77d-9f7b-349a-aa77-e791d7cdad64,4
ed7970c4-36c0-38ac-aea3-2a03d2f8c5f4,4
d63e7cbd-0d92-3b6f-acf3-ad6c149b4951,4
5726ebb5-83cc-31f3-b04b-09feb15ccc8b,4
56fa3236-a377-3f8a-9210-4b940fa428de,4
b66e8e13-1647-321e-a19f-24bd867c6338,4
b11d1060-1673-33d7-8140-67bdbf0aa443,4
234fd230-e4b4-3847-a1a2-90cc6c032b3d,4
894d31cb-30d8-3fe4-ac42-8d1a4a8527c2,4
51c163db-82e9-376d-ac7b-501c5a410761,4
c140d4c4-6631-389e-b3f4-27639919cbf0,4
0153fc7f-80c5-3ef3-8af6-e5cabcbac2c6,4
b8bac4b7-12c5-3415-815b-5b5bed5926fe,4
4659453f-385c-3175-82c2-31ab219aa6d5,4
f9e2b435-2ef9-318f-be07-c1d7ca52cae2,4
3e12fe23-d7c9-3b2c-be42-7905204a76fc,4
0307a333-3ce9-396c-a859-978aa8dadc6a,4
8f9d4479-4348-3707-87f5-1cfd375a4b63,4
26133a2c-6953-3988-8b6a-fe212acefcb9,4
2e95d2cc-8b95-38a9-9bbb-ac241e2fb23a,4
0f5ac6dd-b0b5-3b57-a36a-d6f788b37afa,4
3db01402-84c9-35c9-a0a6-50e9b0b6430a,4
19282777-388f-386d-a45a-6a89cf411eb2,4
966f1a5a-2539-3a6d-b785-5ca40ae56e05,4
4b4a1cbe-514c-3964-82d5-8715d28ba0da,4
e88376d2-70d6-32c4-9d5b-77885fc9a286,4
afd791e1-fa0e-32ad-b767-0bd140fb19bf,4
3ab6bd60-029b-3813-8638-ed238084cdd2,4
91aaaaeb-3f6d-3982-b624-dee22194a33b,4
90d1cd6e-ff91-398f-a362-b4a7661d63dd,4
e70be905-5e06-30f2-b483-f7c5d73b2333,4
f8689cf5-5763-367a-8f47-5ba1a120a946,4
1c5f0fc8-0753-3838-9e1a-e409600f43b0,4
5d67b65c-6f8d-3a25-9e38-fd0c2e1d2d32,4
f94da8a4-9f9d-334c-b2b8-7e2983296a25,4
f4dce9c7-52f2-3bc1-b300-c9fcb3854894,4
7acebe52-3342-3b1d-897f-717ea20d2c81,4
1ae4ef77-d6fa-37d0-b37b-b53b8dbe1504,4
6ba9e9ad-6df3-3c38-9d91-53086e6509e4,4
4ba5fb80-a0af-3363-8d9d-4f725a5f942b,4
65dff2ec-cbf8-368e-9503-16a68def2290,4
83952e2a-8f6a-307a-b1f2-75d378c49ab8,4
c17e2ddb-79d7-3735-a314-28dcb7f759bd,4
f5626728-46a4-3e92-a703-91e42d7f3a7a,4
2d6283e4-cc5c-3882-8b02-fa9234f76be3,4
667b8372-20f3-3bc0-af9c-b497c31044a1,4
c2fb5822-3f2c-384e-ba64-25c7e3976c8d,4
c83a77af-e85a-38c5-844f-2941b88cc745,4
f486f1f2-7ca5-3a53-a1cc-97d5a61c48f2,4
5a8664a2-8a33-32ea-a66c-fcb259d50307,4
dcd5a2ae-8977-32ec-80bf-0e3c9f3c923b,4
cb0609a4-5644-3f70-b727-df79755d119e,4
7c867544-8211-368e-9269-af0a5ab229d6,4
3813c2b1-de26-35b6-82e0-ac1e2e2809e0,4
da873622-abec-34df-874e-945635505db9,4
6ef5647b-5352-37cc-8798-69de1c7715f4,4
386cf17e-f610-30e9-994a-89cf8da0df1f,4
c703a6fb-5894-3360-bd58-3f868075d597,4
3d76cb0c-54c7-3cfa-ae35-8c1a5474f085,4
bdeb9292-b156-3ca4-b6dc-9b5e668c8b3f,4
b79b5a2c-7307-37d3-9fd7-b42d2c3edb7e,4
c529bf06-27a6-3eda-b09d-82a2f44581f2,4
205dd9a3-cb16-3791-a5ee-4fce738d79e4,4
cefd077a-893a-394e-95cb-eb143e878484,4
246bd84f-67cf-3c78-9c0f-e1be55631493,4
41e4028d-0c5c-3fc3-bfcc-ea457030e45e,4
a9dbe877-c8c9-3f39-b98b-3fcac96fc2c9,4
15a68d09-3c11-3b3b-8f01-c85e3fd387a0,4
b5e7fae4-d3f5-30ef-ad88-c9a6fc219c51,4
b00db3fa-d8be-3bd4-bf0d-a2c72c2c5072,4
951a24c9-80d2-333c-87af-0110da8c0567,4
3cf23984-5b60-3a99-9baf-cf0570d743d4,4
90e658ff-9ade-30f5-9d61-127d3cf02d2a,4
d26ca4c8-5f27-36c4-8100-ab35f5c3efe0,4
3c1c55a7-97bf-341b-8a59-6bee48c761bd,4
e8f7036a-302d-35c6-ae4d-d8cc5a08ba39,4
37414900-359c-30d6-bb2a-dcf091127fb9,4
af0cdbb6-c1d9-3fd2-af59-b7873d1e589c,4
43efdb16-4d86-3bbe-b03c-7099fd15dce9,4
52eeb1c5-0c97-3913-ba06-af979a0115f2,4
e25391b5-a000-3df9-9219-db181de3dd4c,4
b8b17aa8-9965-3792-a4f5-61ef95d0486c,4
e22adb7b-1790-3496-b0be-42a3972be798,4
d403ffbe-6603-3c07-bc0e-51bb0558a9ba,4
366ffce4-f7e5-36e7-85b5-e00bae1f07dc,4
1618217c-3a9a-3ba1-b14a-1ee6ab1c6c68,4
17ea6759-1802-3f6d-b70e-f2acda1f0119,4
cd912e05-bcd6-3757-b44d-6f70a7b8c503,4
9fc2fafd-3c8e-3596-9f20-7a6c7835b9d8,4
004f8f0f-99a0-31f4-bb16-6eda83fa0b20,4
df91694f-5987-33ee-812a-ce598bf7ae2f,4
ffe4abcc-b138-3ec5-a264-91e0a845a4f5,4
ba46606b-5586-3e8b-9daf-bc0e633d6d36,4
9cc7265f-5e24-36af-8760-a0ec39adf9be,4
eab9938d-915b-3f65-9b9e-f85d6c214c77,4
11eede44-5582-31f2-8f44-cc3fc4bd1d0d,4
f69e30f9-b534-3b50-a43e-bce232c2d90a,4
3251d857-6714-3429-bce7-1c640b062fcc,4
d30d3eeb-2943-36c3-aa1b-c54e60ce405d,4
88eaac28-adde-3def-8f30-73b3c9185587,4
43d8b1ab-d895-393a-8e47-e64335fd34a4,4
0607f701-4dab-3ea0-bd9e-94b2a91a23d6,4
dbbab7ef-dc8c-3896-b6ee-29da7fb7c44b,4
cbc74870-dd73-38a0-9f13-7a77b4cef1e9,4
f09cdf88-3f98-324e-b879-ab969e91d25c,4
436220a3-5277-3a3b-91f4-021644a811a4,4
a954e01a-3144-3735-a223-b9f8b3c6fe73,4
8b82fc36-d1d1-3c9b-9f3f-faf3b9fecd3b,4
ad075a47-ffe1-3c08-89bf-72e73c605267,4
9f7df085-f9a6-3ede-8bcd-93aa9a9d1db1,4
f4460325-8aee-3ba5-a8ac-b717bc3ae1c8,4
2f81bba6-8e1c-383e-b66f-27af440c8912,4
74e733a1-d844-3cd3-b3cc-b937b3a0d743,4
115ba49a-8394-3f47-9a2c-54a194a806cb,4
cbc1cb49-d099-33bf-b0e5-9253250f33e9,4
817181aa-6eae-353e-91d9-84568a00e9bf,4
e4ec9d87-8117-39fe-80ea-d7e86468f0a3,4
7e173f6a-d085-3e7c-9bac-a8608a7910bf,4
7331ca83-a8bc-3b9c-8649-c1860ee79f69,4
8638715c-9c57-3e81-a303-3a8a67e3a197,4
634b5190-2163-3fdb-a1fe-3b67a23a5fd1,4
dd37b74c-9f7d-3911-951d-95a2ae9a8e93,4
53f36220-307a-3851-9854-2ba4943d3f2b,4
acb38938-a33a-34dd-b5d2-aefd4ff3d56c,4
8a0a1a9c-53f3-34b0-b2fc-75425945877f,4
fe07d968-dead-3f00-83f8-a104ea36c1de,4
8ad38381-9c06-3b4d-b0e9-893617b49231,4
ccde0909-5bf5-3cce-989c-dd52b1a50dc8,4
664a4556-f720-3be7-996a-2d77abf4876e,4
6b12ac12-03bc-381b-9c6f-be2338b8ee7b,4
dab58a2b-ff91-33a0-bc69-ad84efd10359,4
2ca65e52-a1d1-3b61-be3e-1697246c0a68,4
1812b8c0-3e93-3475-9b77-ba0ef2045ee0,4
6ec3e736-d354-3275-a3ca-141ab42763af,4
d9b8dc94-5678-3759-8f6f-9a8600178e44,4
9c750b8d-b0f6-3768-b2fd-ab1659c22c1d,4
a25af80e-cd33-38cb-8b59-a5e374f8501c,4
71e8b38e-cbe2-301b-af71-8094005ab28b,4
e613ecf8-35c7-37fa-8340-8521a4f96448,4
fa338ff0-2152-35fb-a348-32ad36792e6d,4
0fe3661f-34bc-3771-88b5-c87cd9b13e4b,4
9079ae43-4a1f-3947-a021-6673f482e361,4
d9334b35-a88e-3ad7-9178-dfcbc1f84988,4
fc64d614-f39f-30b3-a0b8-b37585953ad4,4
7e5327cc-88f6-3442-827a-db3d454e86d4,4
4ec80be1-e1a4-3e2d-b0fd-42113953e1ac,4
cd969403-157c-3aa1-b071-3f076d483f28,4
96accd03-ae87-331d-ae44-a022409047f1,4
43961d30-2ca8-38de-8874-0a18c5aa1aeb,4
7ae5e8c9-5be9-30cf-93eb-348575a589bb,4
c6834528-4f04-3c46-82f7-394c5bba3ccf,4
24be6d79-9549-3a4c-a0ed-cd43c88273f0,4
27f2d415-2d64-33eb-a342-e3d92e3cf23d,4
7c3f3ba1-4f30-3749-9679-9702130bc67d,4
99aab0e0-7838-3ca7-8431-ec8c93b6ce9e,4
fc9d33ad-37b7-3481-bc53-350c1ed3f8dd,4
de343640-a7d2-3a27-b6d0-729869b856a5,4
9e3b0f51-6b34-3627-a436-2050ce709ef7,4
eab7b691-a773-3116-b06a-b66e3a37671b,4
eb13fde9-91c8-3b94-8f30-b1275d55b10c,4
55ba0b4c-0af0-3183-9b03-e129f780a2aa,4
e435018b-f222-3004-a937-81254fa10bc1,4
b79032b9-8759-3f5d-9bc2-537434d3266a,4
3154a2a6-fd48-31ba-a6f0-2755b87d6212,4
e5fea5cf-a93b-305a-afba-8c4431ed43d2,4
fa1978d0-d3cd-3138-ad82-dd4004e6f326,4
3c8f9d24-6f77-371c-83cc-939f8e638966,4
5b49d935-88a5-3877-9d33-de878fa5d76b,4
0e0775e6-e02a-33fb-a620-bdb3827532c5,4
8ec0c157-f221-37b5-abe9-e346a4d36e8d,4
d9732607-f225-3e57-9417-37eb1d958ea5,4
2df459ed-adfa-3974-ba6a-c65f53f51411,4
d809a929-fb97-3f36-8c61-d1dc7f10bf86,4
92cb7291-8338-3491-b6fb-286c97211535,4
fed24355-024f-310e-bf31-a09bfcbac95f,4
45acbc1a-6435-314c-b292-a9cfdd0a1b88,4
6367ac3e-9823-35b6-9e33-fcd9b6d121b6,4
e37def64-c038-38f2-9134-3054b62e3f36,4
2ed23ca7-3e7b-37b4-aee0-e74f5a9f5c16,4
6cf79e4a-509d-39fb-bce2-a414d4fc2e68,4
7d089cff-2a3c-3805-bd86-a53f2a3445e0,4
38ae18a4-af53-3e34-9d75-b5fcbd92ed4a,4
6293c62b-b2e3-3296-8344-ee48ad26b5de,4
7521332d-11a7-364f-8f4b-82feed75d5d0,4
2f54dca6-ecd4-304c-a5e6-5030298b79fe,4
f7cb7b1e-9d13-3b18-b062-22a33319f474,4
e51ab0e4-76d0-307d-873e-6289df80df35,4
03cab4d3-646f-32cc-9b07-d26793ec2f42,4
8c0f54b9-3d1a-32ff-b2ad-6fd4438336b0,4
2eb940a8-5451-31f9-a94b-062dd3a766b1,4
b9e5f4f9-0add-3835-8a4b-b460a979853b,4
a474df8f-570e-36b9-9205-5e70e458a0d1,4
bdddbf2a-ea83-3704-9fc1-3612c168fd40,4
e7961402-f43f-3574-b14f-4e3a4f476736,4
9bb7462e-1810-365b-b604-babd7bab21cb,4
2ae0a825-c3d3-3270-8061-5393ee830d0d,4
115f4d2c-ad6b-3eb4-8e79-11df6725c71d,4
40159a30-9201-3f38-ba09-4b2d6261b91f,4
449372d0-32db-362f-b2a1-1252cc380518,4
2848ca5d-9c32-3272-aff1-b726fa7bfa61,4
c9612950-b438-3f84-b498-d49c5218dd94,4
070343ae-96d0-3425-95f1-6b21cb8a7b31,4
800bcbdf-393a-3d88-94ca-a8fddf6b270b,4
05370bd7-c652-301a-9a33-f502d85414cc,4
d654348b-8bdb-3e8c-b6cc-f3537c52794f,4
0830955d-c561-3388-b21b-725b40775889,4
5309272f-9481-3e88-82c4-09ede9cbcda7,4
7a7b14fb-fccb-3244-80a6-b79ae215beb5,4
3e4a3313-4eff-3686-9b19-0aaabd26ace2,4
770deb5d-0456-33ec-a31d-4f6874277037,4
d247073d-dfbd-3c7b-97bd-4551ac1d8da5,4
ea020890-c35c-31fe-8b82-64f0b13e8f57,4
81d4d49b-9b4b-3554-ad34-10044de538af,4
f14ef427-40d3-3ea3-b33d-da49c0c67160,4
7b7d3601-5f85-3d56-8ba3-74561079d9b0,4
94d6f6f4-cf49-3b6b-9985-42c5fa92fdfd,4
328c542f-021e-38a4-941a-82b66287953f,4
6ade1322-e62e-3626-868f-fb0f69149fc8,4
2d15e7ab-f1d3-3637-bb46-e1f647e7527e,4
1c7efd4b-e0b4-30a0-a0e6-d9417c7f842c,4
89fa23c9-7408-3de1-b468-06e73a718c53,4
ebf03414-ca27-3344-91d3-fce331942d11,4
d9548aeb-828e-3651-a098-ccbab52e9d0a,4
29ad733e-c431-3da3-9536-6863479e7bcd,4
8b60c6d9-9253-3bd5-a765-1360702e26fb,4
9bf7419b-f22c-3738-83a9-2e685288b921,4
1321c391-cc98-363a-a229-989ac298e97b,4
80e192f5-c814-30c6-9db0-40c7d3b9a5ac,4
5d70d40f-4b16-3f83-a251-e28a0e13e402,4
d4ba283b-4b7e-3e56-ba93-7a24054a9f30,4
cfdd8dfe-3dd7-3eb9-bb89-16d8726e0464,4
609a9475-3c24-37eb-98a0-7d613a7ce11f,4
fe04efa5-2d2c-3a51-b5b8-4fcf74d50080,4
a6c7ef1e-a6e0-338c-b01b-e70d9b162d98,4
7a84c9c9-7908-3896-9122-fb193cbb4acf,4
92e606df-d304-3b7c-9a18-d18f39cec6e6,4
7239795d-b085-3cb9-a973-02e7c91d6456,4
6babf43e-a660-3960-a5cf-6499a181c43c,4
e93f4f8a-397d-3fc9-b67e-57b61d11cee2,4
16407aa9-a3ea-3251-aebb-1636c01b06f2,4
7a80838c-ada6-3ef0-896f-acde8525746e,4
521e8a76-c9e5-3aa5-bb1d-6180f11e4295,4
01b8e7e3-bc73-38c3-bce3-9c3c9bcfbe41,4
a7e5c7ad-26dc-3317-a0e9-c29488a047a3,4
35013698-46f0-31c5-926e-714381c0e54e,4
0e0a6e17-313a-3962-b576-2158ee62f52e,4
17038550-4045-3e43-90c5-e7ef42a37e4d,4
adc8edbc-8137-3b70-8035-b0b3a9b9072d,4
492d43c2-03a3-35e3-8c45-4ac3a9e8b6d8,4
ab0f880a-3337-3b22-9e1e-adccffaa8aa5,4
c5351d32-d8c0-37dc-8e33-678adad5abbb,4
3cb11c34-2fcf-3e01-bd8e-c90a6dcaa9dc,4
3b45f0cb-618f-313d-a69e-c75de1af4e18,4
89aedb11-f275-3bda-b34f-d9ed98991a38,4
09a4e6cb-f583-36c1-8691-2e7cfbaecb5b,4
731be579-09f2-306c-a1f7-d629cb41bb94,4
8e2a3a7a-ebba-36e7-9be7-0de2dab92390,4
b05c9576-e546-3903-baba-c69abe64032e,4
158985b0-71a2-3a61-ab5a-46eab18edf96,4
648ec94a-1c25-391f-9267-6abe1cf1b12e,4
acfca5a0-5983-3827-8442-612a5e8f33f1,4
4bef108b-f305-3ffd-831c-9e116f70714e,4
cdc0c305-5013-37cb-ad99-c7fb43c44b8a,4
bd2f33d0-f10c-30d1-961a-7548c32b3afc,4
b8bfff2e-0711-3e3c-96ea-da8d84943095,4
b396fddc-abe1-3f47-985d-53f8528c31f5,4
57f9091c-ebc8-3d41-893a-ffee3b15cd66,4
22f27f22-c778-3677-982a-986551bb5620,4
cc7ba0e6-d638-3357-b32a-e6e01738fc30,4
73750e25-e6b1-3222-ae18-57d55e89636d,4
e7824fbb-5028-3f8d-a20b-243461858edb,4
5803fd7f-446d-35c0-8028-d96f8ad100ed,4
7b1733a5-5069-3ab8-87d8-9751aa3997e1,4
05a58231-c257-37f3-bede-d0b230144b1a,4
ab52eedc-373d-33e6-9095-58de7e6229b6,4
b4ba7464-af66-39f0-aab4-4630c02a979f,4
445ed6e7-d5df-3ad4-8467-2bc1ccf3fbfb,4
ebf7c2fd-3190-397c-9284-719da0c08b3d,4
dd552ad5-4500-3dc8-b881-7274f89c1d59,4
d9166249-b4cf-35e2-8947-bd661441543c,4
096c6f58-908a-3d71-840f-f0e9d986eced,4
4725b05e-44cf-38d9-938d-bd196eb901af,4
3bd757cd-5c31-3135-ab8d-9675b84006d3,4
abde524f-7ffc-31fa-836f-faad35afdfc1,4
cd5bea6c-93c5-3a5c-9e91-2a168e4b91b4,4
7bfaec13-b240-38e6-ba5f-2f7daa61cbf1,4
c3b2bfbe-3435-3369-a451-d39a85d8537f,4
204283ad-94b3-37f0-881a-b61d544e78eb,4
16370365-bb03-3135-bc44-098a5198af1f,4
96ae3d2a-d768-3ac6-a614-b1f5be7d0ffd,4
de624426-f925-3896-9559-c1c6f54ac6da,4
cb18cc82-3679-3e6f-93aa-7f1d1297b0ab,4
4f5cbb7d-e8c3-316d-b408-c9e6d1eb44e1,4
19d5f99c-d09d-3db4-bf3a-c94e44c05678,4
a4378cae-0f03-3f30-a51f-eb6173f6795f,4
af029118-821b-3e87-8ca9-5688c50c44d4,4
3e74f4f6-f866-3654-81ca-9de2a5801530,4
4341f5d9-c4bd-3bf1-ab2d-100e47863727,4
e84f3dc2-f925-3d48-ac36-f61ab09c650a,4
37d2a474-28e8-3d41-9592-8be2622b61f1,4
9f9ec0df-7ffe-358f-8c21-f601f3bd4bf5,4
72273c11-19d5-306a-bfef-196694059216,4
95dfa27d-34c9-333d-a8a4-440d3f80e18d,4
6b786b83-0c98-301a-83ad-1bc718271b05,4
608c140b-3610-3904-8e57-61194e39dd57,4
753d408a-8a2e-30a5-97db-c7b035f7b247,4
ecd000e5-6d22-3862-b857-1763626ddcd7,4
9586517e-05d8-362c-8010-abef6c7725b8,4
dcbabd93-3f93-331b-bf7a-6faac44f9b53,4
7fd81877-b752-3a54-9d1b-b9f8f5cb9552,4
4d46519e-98f4-3ee5-844c-70edf9cca574,4
b768dd8c-360e-31f6-affd-95530833e78e,4
979ba456-dfa4-38a6-880a-9d542bd5ad0f,4
08104416-be34-3005-b8c6-19a7d8edacdb,4
ce765dd6-ae51-313d-a1da-8b6eaef17ebb,4
3ea8f329-4624-3563-9670-fa336fba5f0a,4
51252e25-c599-3f3e-99a5-a1ab6d57b379,4
17e99d74-fc75-3af5-ae2e-7eff5ea6ad2c,4
5a746c26-dcbf-38fb-b8e3-f865c4333273,4
1ae290ae-8fc6-33ef-b749-8b0ed44b6f7b,4
057f5553-5bcb-3d04-a971-f37b07a4e5ae,4
e62e3f8f-028b-399d-be25-f6132f890114,4
d8dcc5ce-76c9-3dfc-a7ea-c84057edcb59,4
5759fba9-1e1b-3324-8c12-238a7e59e0cc,4
3a2e3680-3b33-3b35-8d36-caa9b0fbc819,4
4887580a-6912-3f9b-9856-ad48682ada55,4
9beb8c02-f9c3-3d28-b2d9-09640334ae75,4
1d40b03c-b35b-342d-83ed-5303373a3817,4
da1eb271-29a6-3c47-a345-04fb7af5af57,4
6073439c-18ad-3272-b689-ec62b74b30a4,4
e46c9d92-1f9c-3a04-b491-033c01bb9fdc,4
62d2dd9a-8cfd-3a98-beab-502071e0f078,4
d4a986d4-8454-3b76-bffd-4d2644abe71d,4
af62be16-1be3-34f4-be6d-15ca7f00ffe5,4
5259ba13-4324-3296-b892-bb66ffc3f406,4
922f9191-e5f1-3b9c-8b46-d6d0b10b28a6,4
f47d4c45-8f52-3474-8b34-361249166c57,4
9a605a0d-db85-3be0-bbdc-a5b448c3f529,4
96697697-eb7b-3b56-95a5-e9fa6ec9c4f5,4
e8f5a4ba-502d-3044-a1dd-c0edcbca6d2a,4
b5d1d816-8834-380c-b471-4e58f899acbe,4
578daada-27bc-3d57-b3ac-ad0e1d300b83,4
7711bb59-6f63-37b7-8ebd-1a2e65263a55,4
b781b4b0-6f69-39e6-9135-88ddc090c3df,4
21bbe422-30f1-3d80-8203-67f8f93e60d8,4
2e4080e9-dcd5-3873-9327-a5d0fe72f0bc,4
892bd536-9825-3703-97fe-e7be2ff2b87f,4
6e804e5d-3831-370f-a9f9-8863a709b611,4
1f4f77d5-38f4-3600-9c68-d69f9c3422cb,4
24b926fd-ac4d-3450-a3cc-653b33e2544d,4
f64af983-5404-362b-b1f5-1d7e570c74bd,4
0c8bd624-f2ee-37ed-95b6-bbbe5c41fba2,4
5cae82dd-1426-3431-a056-991f7052ff2e,4
dfbbabf2-7a85-3ab2-99a6-46187941dd04,4
7accc187-fdd8-3cec-8dd6-addd1f069c63,4
3a58d9fc-0dbb-3ba1-a89a-47da0217f4d0,4
dd7016ab-119b-3d05-aa8f-36925799b1d3,4
765fbec9-7dee-3b77-b3de-d50f8e0b67cc,4
b8ce2a31-7dc1-3283-96a5-32461f30289f,4
f3f86bd1-1d75-3e49-b54c-f3e378813bfb,4
1a65ffda-2de7-356f-8092-e5477d8d8c27,4
d205d489-d4e6-3844-b326-10fe6fdce085,4
52d0b3e5-b270-3931-9e06-8a8f84b987a2,4
8f3de360-70a9-3a29-a57a-ef238766cf12,4
a8a12f03-8bf7-34cd-ba91-f9051589657d,4
20bf1f8f-e29d-38ae-a3ce-1fd5a452eabd,4
07ef6054-436c-38d6-a811-205cad89c8cf,4
25d715cf-2af1-3eeb-ac78-3b2f6e383b63,4
fc09a5a3-1ad2-30f5-91f3-49647bf8aacb,4
65488d08-ca58-3350-b750-9d66a5e1df20,4
cf55af13-60bf-3d32-8ecb-a7dac3061fc3,4
9782969e-6ef3-3ce1-b850-f73508654763,4
709c12b9-ec43-35f6-8e60-adcbe8bea261,4
d3fa0603-e911-340c-8566-0847a27b080f,4
e723252d-e61c-3a78-8e60-d859a036dd1a,4
6790d391-34b7-3ca1-b67a-53f909756749,4
0e42698a-76fa-360c-ba59-d2f76451346e,4
07420dfb-b783-3c72-b2de-944f44b195b8,4
fd629be5-d221-3664-aa75-d020bf902ecc,4
ec46ae08-be47-31b0-9db4-eef935ad9626,4
1abb75a0-29af-338d-845e-b87c56b10077,4
620ee133-2746-309b-b2e6-8e6763a026bb,4
130b6fc6-7142-3464-9f7b-15b6493ce042,4
fdccf54e-bd48-3bed-87ed-f9b217522a11,4
90bce1f6-bba7-344d-9954-4f038e3c24eb,4
e8a549c6-b892-364c-9070-10b9e9a4d62f,4
342a188b-702c-383d-8608-c9c4215538d4,4
bc87af06-cb1e-30b5-a2a0-d9585c736979,4
74761c9d-dbd0-3459-8a67-625948bf3565,4
f5de7b4a-bec3-3d88-88d0-91318d91f5c9,4
bf658256-d1ed-32b1-9925-2373f6271c2c,4
8932081b-deb1-311b-8a1d-6b557a5a3cbe,4
86f82ded-260a-3f86-8a3a-9fa3cc72c35f,4
c18e7d42-fb8b-30e8-801b-130df62b9640,4
fb6ab8a3-f291-3ee2-86e6-2873dbc83c9a,4
b2a7428b-1b86-3f4a-95b6-cdaa2e8667c5,4
c89274f9-8d64-34e2-8e69-92a2cbc49b5b,4
363dcc95-09da-3cbb-b5fb-d09548f556b8,4
badb2707-f8ea-362f-bc41-9083d0a54058,4
d9afc941-1d8b-33b7-a7c9-615f98cc6881,4
6874fc5c-b9bf-3bf7-9fc5-c637f1f1f012,4
88639dd9-6d54-380e-ac86-f704195c8a67,4
a941d4f6-03d3-3078-9730-827e41450277,4
ece6c8a9-6cb8-36cd-b0f7-1471200604a6,4
94cde5b6-b3f1-3afa-9589-16c08a0f09b8,4
e0387c2a-0d9e-34ea-ac1c-5b0209a91b07,4
e8fcb517-00d1-3f31-8edf-bc52adeee04a,4
a7ccd224-229c-3ddc-900e-15e377e30f78,4
90ed999f-f47c-3ebc-869e-b3b64c1d9bc1,4
1e63a7f7-65ff-3b83-b764-ac6ec3c7df0e,4
488f7cfb-6e55-3464-a695-8b04fcffb79e,4
39cef2ff-afb0-3f79-94b8-d55fea6b9623,4
b3e92bd6-c7c6-3076-abdf-9916a8909bff,4
408bae3a-26f1-3464-8f63-7941714bc2e2,4
ba56d66c-3fc3-3587-afa2-9bcf656e9f80,4
c223a553-8ea5-304c-8518-7b757c6e25a9,4
2d8b38d4-03e4-3cd7-a2f7-53f29542e9cf,4
77636ec1-53b2-319a-8266-ac2b586e758e,4
26aa6c96-240e-3dd6-af3d-ce6ce12fd054,4
9cbf0099-5a52-3fc4-b4ab-414eac800cec,4
0655bd93-9b68-3775-ac4e-daebba65d7ee,4
9230d7e4-49a6-3543-8b00-f2d5649b78e7,4
f1c90431-61da-3b4c-844c-e5b91521fe71,4
f365615d-b4f2-35fb-8d4d-fba96a600538,4
64f3812d-2ce2-3e74-a7ef-4a3ed31de1a2,4
42e1de01-99aa-371a-b6c7-5ba95c220c85,4
47ff6435-9d98-3800-93b2-20bb3a17b74f,4
8b69d176-c928-3275-a664-1d8bd6e71bcf,4
57b5dc0f-0d1b-329d-ba55-2f6d2e091475,4
43207df8-b6f7-3f38-a536-cfa52bd56217,4
b3106558-aa56-3ded-ba00-143195e5449f,4
0d288bb2-02f2-3861-bbdb-a5cc1f7a3c5c,4
017a67c2-12aa-38fa-9130-e2800b747b72,4
706e7a2f-2749-37a9-84c7-a2f628a5f438,4
2093f0c8-556f-398c-9127-7db993627df9,4
0c6351f3-b744-37fd-9694-da0eae897ebc,4
562ba1f3-ff40-339a-ac30-721bb74ee5ff,4
285fc21d-59a1-3723-b219-58ceb24987e1,4
d61ef268-ec3e-3ea6-bac0-3a4e517381e4,4
be0ff3a5-b6f8-35c7-946a-0bcc1afc9570,4
583b3fad-60bc-3eb5-be44-070c7143650e,4
ebc0b2a8-9e55-3dda-a392-10d721138f2b,4
fc9a9d9d-d8b3-3ea0-a95f-7ef19ded1e3d,4
b493d931-7adb-3239-ad20-eb72b3e123ae,4
069fbf4c-88ed-3987-801b-2c2a3e331937,4
b1f4f9be-20a7-3e06-8150-41eac5d72b6d,4
2000362c-a885-357c-a84b-20982886b9a8,4
45a2d02f-b176-3991-874c-43519bb68786,4
8ab5b09c-cdab-339d-acb2-d1b523684d3b,4
329b0274-4d38-3ed8-91da-c4f1a26c7431,4
9f9663f6-d7aa-3268-a4ff-40daee9a7737,4
61847fce-b546-32e5-b3d1-ed8c90288d9b,4
47024e74-8bcc-3316-bc4b-64bafad19584,4
3a4ac63d-57aa-31ac-9ca7-efa2cc31d73f,4
9492c938-b6f7-3dc9-84bd-b8e1bfd8dd3c,4
9693b66b-66c2-37c9-b5b4-36e3c278b7ff,4
0dc4fd6e-b77d-3a1a-b669-7e906a6b686f,4
2449f5ce-e639-3ffd-bd6f-26443c442ff8,4
0491a348-4e87-3d39-8509-eecce0fdb47c,4
c1a95112-656b-3f31-b5f7-175419e3fbdb,4
b9b6bb21-bd37-39ea-9c30-16eba548897e,4
7d6cf4ec-0893-3b76-b1d9-572a5dfd2df9,4
e8edcb3d-57d9-3c00-8f77-e2ae44374501,4
4aee39c9-9680-31c2-bfff-3f097eafb522,4
67bc4f65-de32-3b75-a976-52833d7efa84,4
130fd29e-37e1-3b98-be30-bdf091f176f9,4
0ac10069-e4ce-3b59-b140-8e85380e2319,4
7a11cb90-a9f0-3f33-9683-8a35d7b79987,4
2482ffb7-341c-3592-aeb7-de4d76580386,4
5e2d020b-0d32-3aba-bf34-2b0b86e5fe20,4
e485a3a7-cf55-34d2-ada1-f4169574daf0,4
7a7ab7be-aefe-3e69-a53f-5093bbc5d5e9,4
1383e610-0033-3891-a3e4-9debdeefe967,4
e246b441-f469-370f-84e1-8121f2349180,4
d59dc85c-2423-3770-abe4-1207d5ef4e7c,4
22a6e32c-d267-3ecd-9cac-5d04e81cb519,4
3d65886f-9a3f-391b-83ac-60c6748ad3f2,4
1afb538a-3b4a-393d-bffe-50d3204b0c50,4
fc8f652e-4535-30bc-bba8-375dd71cc81e,4
bde58231-cf5e-3dcb-bbfc-cd27f19cf654,4
bc0ed0e0-b8a0-31d6-84cb-594c48f65f13,4
f1350af2-4f58-3a35-9019-4cb0f453a4ec,4
5c0eec04-b923-391f-8ec9-444e03faa5e6,4
682447c1-abb3-30e0-9f76-50c23f74e65c,4
f50491e6-529c-308c-b927-34e9d3dd503d,4
a51827e2-1892-3ca9-b115-49db584b8f44,4
a65648ee-6049-359c-aa70-34dd34e00e13,4
323b0092-8781-3c14-8b1f-8d18a93d6abb,4
902a0773-ef24-353d-8851-e0055be7ff8a,4
0d99017b-a176-3c66-90b8-8f5848fa0c3b,4
0eac187e-4508-398a-8e56-842c71793250,4
04b9e1c6-b28e-382c-80ba-83d67d8ec99e,4
05b69aa9-a765-3602-9683-aa83fd0fbd57,4
efc877ce-24da-36bb-87c3-666780a65ee6,4
7cfb482a-f008-32ce-bfd7-d58ae1d30091,4
cde2ce72-17b5-3aef-91bb-47ab14fd23b3,4
3aeb52b5-fc3e-309a-b105-867ecd5d96b0,4
6eca8eb3-f78a-3327-9b26-84a1bc93f779,4
4555761e-f61a-3f9d-a138-51ee086cbb0f,4
b85c8b83-a204-3ee9-9f72-0646b8a6f3f5,4
ec8f4068-e3d7-3866-bcee-66b55add7fa6,4
037e61ba-b014-3543-86ab-a4f04e3c3fe1,4
8406b6aa-3e67-3ffe-bcd0-eca610d2c0fe,4
54bf6e3e-07ef-3b08-b4dd-f5200050ca7d,4
af28dc52-d08b-3c01-a4a1-8f0e11ac5ffa,4
f39b7469-470d-3c7a-89ca-933edb1ed6be,4
ec7144a7-9c06-32ac-a0ba-cf549473edec,4
069cfc3d-2e5d-3cf6-999b-6cf06a06ba9a,4
8aded97f-3d80-3f1a-b86c-896e83ed5122,4
f0163319-9c33-3da3-a4f0-93f6db9ee0d9,4
1fa405a9-6391-31da-8850-aeab6b03bc7d,4
d6e5999d-90db-31c9-a490-99845d6e2625,4
ddb31bef-fa54-3c8f-be4e-130428f51929,4
8951d237-8bcd-3b6c-9775-7e5af1c62637,4
731030ce-f8b5-39cb-8e2c-e51943ee204a,4
60a0fb73-a644-3976-987a-fece3d2dd1a8,4
74caec56-e284-3684-884f-583a923cc5f7,4
289fb41e-70a1-364a-83a2-6fb61112a799,4
46dfa53b-f5af-3dbf-82e5-c62e3bf1428d,4
69db2f2f-88f3-30d2-956a-c5b72ffa63d0,4
38030cf2-604e-3bf6-9669-153509f86ff4,4
a828fbf3-5b30-39cd-8ffa-e1f3d3f3dc66,4
2da1a041-211c-3fea-87b8-b9fe0ebb3422,4
1b7568de-8aa6-3c0a-98e3-71ec94654071,4
a71f89f7-9db5-3256-a0f9-4b11b668933b,4
98c14194-0a73-3df1-ac5d-399ebc0b8def,4
d1e95163-b6b5-3d73-b5b7-bfd4f0942bc6,4
636a5eb4-a5ba-308d-bb6f-d6b77909853b,4
6e561c21-92c9-33e9-9ca7-536826700aff,4
c5eb6d8d-9d09-3d44-8fbd-3d200b9e6059,4
e1137758-35d5-330e-b584-c56ec5f65c16,4
826930d8-9807-34f5-a19a-20fa9d42e1f0,4
b82ef4e8-4771-31cc-b4bc-67add0a52e2b,4
b21db773-61a2-3522-a334-056c8cbd31c7,4
feb35d1a-88cb-3642-911d-40db6f6b65b3,4
496273fa-1505-335c-9ec9-2e347a19f5e7,4
b7dcbf74-f1fb-3516-bb5e-fe6a015c2e14,4
281d2bbd-551b-3d36-8f4e-ae1a26166bb8,4
5d2fdbd5-986e-38a0-8db6-b461e26efef1,4
8c3cf191-2b64-32d7-976e-6f2143d4413b,4
bb2deed1-e6c2-39bb-acb9-65b154b1f97a,4
cbc5ddd3-2de1-383a-8d95-76855df7f2b7,4
38ae9381-ae36-377c-b76a-14b5c1d10ed5,4
a4057e5f-7e12-3b44-a687-639233b32de6,4
f0f41f4f-e1a3-3236-a5b2-39acad164fef,4
6418e6f1-e72a-3ed0-b796-333c4faa1d72,4
a8a2688e-f0dd-3965-8119-5357759165a8,4
08b19c6d-1aec-3c7b-910f-d588937fcaaf,4
2c7f680c-d2e6-3db0-b4ab-5cefec27e50d,4
0690d29c-ace1-3357-b3e1-4cba99b15096,4
858a57a5-f71b-32d9-b379-c3d49fe96ca5,4
d10cc9aa-67a1-31aa-a947-40042cd0bc06,4
8b8c2eb9-5c3a-3f81-85e0-98ef8d20276f,4
13471649-a39c-32c2-b9e6-fccb6a2db877,4
a01679a4-0611-3e6f-8904-42c17030405c,4
e283efc0-2503-3d01-8a3e-ca2084a03848,4
84e18614-2607-3293-be0a-ff1c47b9894a,4
7b822781-c296-3727-8686-c5dd3c0c146c,4
4947e483-74c6-317b-8829-307c7a2fd490,4
a5119c05-6032-32ee-b205-f0df3116f980,4
f43fecbe-e64d-3e56-bdda-e81d0d263e3c,4
fcda5a31-f56a-3d01-828b-97216f100980,4
f04a540a-705f-3164-b215-a2f9cedeb7bb,4
b9fa9e8d-137e-3861-b188-dbf0b269f9b3,4
bdccef98-dbd6-397c-b3f7-0a75306018c7,4
0c006e53-f9b9-3ccd-bc31-568b522cd0b9,4
2b0f752b-72ec-3c03-8226-82e7fc56698a,4
f5b13430-3e41-3cd3-93cf-2394eee17c1e,4
a4c3e614-07be-3d0a-9211-d1ea9d890bf3,4
3672e084-09dc-349c-a588-3eb8daa7d04d,4
1122e3c8-b281-3e10-8d22-9207cf684633,4
9f723ba6-9123-3d2b-9a6d-682182de5ea0,4
a47a08bc-9eed-35a4-b1e8-7e089f523be4,4
386f750f-54f1-3382-ad8d-094cee9eed55,4
db405c9c-b307-3c58-b663-7d09a8394f1b,4
fef9ae53-b4d5-3e09-8a1d-b54cc79f4f5a,4
036fc919-86a3-3e8c-afa4-28ca96694ca6,4
354a1637-0a09-3413-b944-cd460ec318eb,4
e8ffab55-6124-3258-b6c6-765e3a7f8074,4
f84952ef-eb20-344e-82b2-0ee193c87ffc,4
ed56923a-f5b2-3bf9-ac2e-4eff6fbb2f10,4
d18aa12a-16fb-3bb8-bde1-1951ee79bb97,4
fee1ef25-6394-3419-996e-7e9d2f79524a,4
f60eea1d-b642-3b11-a665-ead17d25ceb9,4
1465e6a1-dc1a-3d11-afa5-199c503c02fd,4
99c42307-250f-3310-9f8d-f92780ee3297,4
0af71f03-a2bb-3a82-87cc-190100db0cdf,4
5838efa3-91b5-3d91-add8-0473da0b408b,4
8aa2241e-1d67-37aa-842b-fa3370a92e4b,4
0368451f-49ec-34d0-8a1a-9eee51c416e9,4
4c02af21-901c-372d-9897-f2ef5eb03e68,4
6b0b2c8a-64c2-376d-8b73-a4b6acad72f8,4
434541df-7351-3121-af12-03862b2a1a55,4
ba041a34-da96-380e-b579-02988b86b9bd,4
7acb4a7d-cd6a-3f95-8138-c41a33e16ecc,4
6a5e88e1-810c-3123-8b93-9f3dd4a577aa,4
e867f4b6-c073-34c7-8f40-3b3e36d164f2,4
268eb46d-eb71-3c32-a8e5-8ead8cb06381,4
88d53bb7-7280-3953-89f3-80f24bef0624,4
5149bf64-ce60-3dde-b7bf-d355abacd0a3,4
e9ea1882-c844-3d84-910e-0721b5273d3c,4
e570a32d-2aeb-3aee-9cc0-c156a92bd388,4
f1a42fe7-3ac6-39d1-b8ce-0c2a242f22ef,4
f1ce5bd0-9c4a-3f63-a059-16c3d7c3a5b1,4
ab16b06d-4bfc-3666-9524-c257e5f9cf7c,4
1686931f-2107-3305-a46b-9b123872a7ea,4
6eea29cb-ed64-369a-8f32-f7c015ab8746,4
89856604-037e-3e7d-87dd-ec3977374c57,4
adf95e26-13c0-38df-8cd1-624c127f6a3e,4
9d16d115-52da-3352-a2d6-80905c1e3165,4
dcf287bc-79ee-363e-b5f3-f75a2c372ecf,4
d6837ab7-2ed9-3479-b5b5-c6e1da287d4f,4
fc570855-9f91-388d-b41d-de2492aa10c6,4
a8e3a6ca-e1a7-3e96-9820-2aff72e0163e,4
20a1c49a-1648-3160-9266-2578fea82853,4
484f9b88-ab44-3324-9e60-53d6f55810a3,4
cd4895fe-31e9-3b79-bfd7-659f427a4db2,4
a30de270-071a-3612-8042-b73ef0fbff0f,4
4206fae5-de48-3275-a18b-dffef4ad966f,4
4ceaebbb-a726-3628-a0ad-a10864212dfa,4
034e4af0-f1ec-38b2-bcb0-b4d68e14bb51,4
bd2eb9d7-6517-3282-9d3e-d7ae1d336942,4
0bed73e2-f4f9-32cd-92ea-340e7ebe0784,4
02101e49-eb84-399b-9513-7b3e525eca81,4
68c78926-cbe4-3e17-a244-8e0dc3f63d90,4
53e581fe-c7fc-3b37-b94d-a9acf2bed54d,4
97af0a3c-3de7-3218-a49f-8a553a78d842,4
678b077d-d49f-3379-9eba-8c76cc2efffe,4
d4dfc1c4-7c85-3f72-9ae0-e3679dfe1545,4
836540d9-3d11-37a4-865c-7abaf2bad777,4
c4084cab-9a4f-3e08-9af5-3efbb344c733,4
2b628ff1-6a95-391f-8674-c976f08708be,4
3da8458d-0b43-3e6c-86ca-7611833c2ac4,4
f14bf639-c19f-32d3-997c-395eb4cba818,4
6c0aba5b-b164-3650-abd2-0b97ab2fffa0,4
5ad81c48-94d0-34dd-bf5c-88d28225dd3d,4
b3052f64-d4b3-3104-bb59-d4a31fbe8190,4
6649abd2-3f5d-3491-9bd3-45f3bfcbc4bf,4
84cff383-abaf-3b79-bade-05ecbc92b178,4
bd0a4440-0f2a-3496-b854-4561619a2b1e,4
8ff73ca2-3e64-3337-b0e3-ecc1f6e4d4dc,4
3fcc4507-9a2e-36ad-97f2-79e851e681a2,4
e633d608-a393-3b8d-9b01-33173bcad397,4
19b3e847-fead-3bbd-a354-58fcbc020369,4
b7d8820b-7daa-306f-9aea-389ef6f2c048,4
112115d1-19e0-3270-9401-13d25a0d68c8,4
f600cdcf-4ef6-395d-ac79-1353b65ca94f,4
fd0fbc30-e348-39ea-850f-c1816f53e9a3,4
1964dfd2-bd30-35f1-98ab-112b6749e169,4
b7efd260-2898-3d9d-bba2-2516481d6a2c,4
739c2ad1-9398-31f8-a6ce-0934d3236183,4
69103b76-6128-3720-a589-cbffe80543bc,4
269dcd60-85ae-312f-a11d-59ca2b337d1e,4
6790f52c-3af9-3bee-beed-f6afa6b53659,4
b3e7158f-b82e-3b12-8d36-ca17da77810c,4
5be2df21-9ca6-308a-bd79-3b47a1c36712,4
6a065840-0e18-3c91-b249-e89fe501a27f,4
a2c5d309-af74-312a-8382-854be18eed33,4
55003aae-c343-3b3b-b96e-5cf12a3f0064,4
28cd630c-ebc0-3719-84dd-c39e4cca0fbf,4
5d91ceaf-6e9e-3754-9579-c7cb8b392ec9,4
02a9837f-0083-311e-abcc-8adfe12f64ab,4
396755c6-4b41-36cd-93b7-f4abe2d17a3b,4
97777680-f47a-390b-9554-d1cdc5323854,4
ac9d04ed-dd0d-3e2c-94de-e6f78b60b146,4
8e63cd08-f20f-3b8a-8c48-b6d46b33297c,4
5e1af0d7-e7e6-3f6f-9201-11576c86b348,4
a6954718-6a64-32b2-a35c-27495520f8f8,4
699cea2d-826f-3cf1-991e-d2017959be75,4
646c1233-3127-3069-b3d7-2913576a41d1,4
079941ee-74ae-325b-897b-ea624441e283,4
5023b099-1c55-36ce-8038-9b1197728628,4
aadb2beb-309d-318a-a751-bf5b4e3f5a90,4
3d22978e-72e0-34ec-9bdb-d2861ec9a43c,4
7478f285-9865-3544-908f-f504bcd4c245,4
85982f8a-9e1f-3a12-83c3-54a7b4813adf,4
06f6dffb-fe17-3e89-9793-b959fa1d7e41,4
43ef8501-29a7-3e39-b05e-358566558afe,4
b23d64fb-0423-3a2f-acde-afc9b829b7a1,4
e72bf344-d890-398d-a5da-1719da5d2542,4
2c4add42-152c-3f5a-9c9c-c8d45ae47eff,4
2bbc7786-60bf-3300-a671-448361f8c189,4
948032dd-6459-3ecc-ad38-d8c4f3a508aa,4
c97f2819-4bb3-30a4-8fe9-7b340f6c1520,4
d89eb05a-d5f7-3b1f-af46-32fd9d3e3fd0,4
cc603fc0-591e-3941-9530-ef235b34e888,4
58ca6fff-0e46-3c78-a9cd-ac97bf380d06,4
aa601761-8ad6-35fe-909f-fd8e767ab75c,4
90ba128c-96ea-3a80-add4-d25aa7528ae7,4
50412a3c-887f-3745-89bb-0d6672d5f659,4
5d72db5b-0339-33c0-be09-05484def8066,4
fb883e18-1c81-3388-b2b6-ad6de0a2084f,4
9ce0affb-eda8-3635-94e8-e4f28ac26ef2,4
cf947ae9-d6bb-32a6-9d7c-21b679f949f9,4
a46fd297-36d9-3417-aa2b-beaaaa508749,4
fcf30428-8741-3a51-9049-c0292cd1d2e9,4
7796fb01-86ef-3b2b-bcb0-011d7371b77d,4
785a347c-a266-381b-8a21-ee0afa8c8369,4
8a2ea73e-665f-3d08-92db-3a5c4fcd3ac7,4
2285bce7-b12d-3e5a-aad6-fce67100bbd8,4
30de2f49-7074-30d8-814c-00a2956e5a91,4
5140e804-7cd7-3ea2-b538-7d2e96d0ed14,4
adf12233-050b-37d5-881a-593709529dc4,4
ff7f46a2-3d4c-3851-9357-bb9a88dcff37,4
e408ad4f-e2dd-3728-b1a7-7fce16144abc,4
55c64c0a-47b6-3765-a2d1-6b9f295e2c77,4
e9c6e0b5-e403-3ece-9dd4-55cd2980a0bd,4
06424865-6569-3ee0-9e8d-36acd4e875c9,4
4813a8d7-58ab-3eec-92b9-8ad927f2592e,4
954cdfff-da45-365b-b322-c319df1d1a91,4
bcbccecb-f408-32fa-a702-c4c89c87e3d5,4
b20a7627-1485-3564-aa50-99a6b8041013,4
019cc072-d246-39ba-af28-9ad201c666bc,4
229b56d3-6a34-3093-a38a-098549ba802e,4
fe761fd9-ca4d-3112-9511-d1dc9741a826,4
a8a835fc-c60b-3e55-90c5-f62e2dba5129,4
027a93d7-4344-329c-9b7e-9cb05085d2db,4
d0a6fdad-7985-3248-86c5-c51f7c8254a5,4
bda0eef9-1f8f-303a-8fa9-906687861d23,4
f39efc9d-34cf-308e-ae53-35b9da5dfd45,4
8c24ae7d-ca2e-358e-8188-72093ca82883,4
52f160f9-e6e1-34f8-b13f-c3b8fb1a6493,4
7985a7b4-17b5-30db-b877-4d2abb33d76c,4
0afc6c01-6ad5-336f-94cd-b61f6ab670f4,4
5c25b434-c8ec-317a-9658-46a58695dcef,4
90ca8ee6-92ba-353f-9ea0-149b28a4e965,4
18fbc821-e43f-3768-98ba-bd771e3dc388,4
99f77d93-80f1-37ac-83fa-4276e047cc73,4
be79a251-cae7-321b-9975-48f6be6d9b67,4
d2554945-415d-35b1-b6c2-0321774371b5,4
df31f121-d291-3e0a-bb26-6a9bf804703e,4
17cfd91b-5631-3a0f-b046-6643ca4472c2,4
32e5b6f4-27a8-34e2-b02e-961a32162993,4
dd9a69a0-82fd-3d77-858e-14d53c1c52d2,4
d9e64570-14ec-3aa9-80c4-71a0acdaf6f3,4
8ff4c451-8ffd-3e6b-8bdd-f0c12258e465,4
18e095be-5e70-399d-97c0-0f5d2ea9b317,4
ef373f44-9e77-3710-a5df-61ff9616cc5f,4
88c247d4-84e4-337e-8a38-5bdf11340de8,4
2897c736-64c7-32a4-9c03-51b79fcfad68,4
ef59c564-631d-3baf-97eb-f1ca10bb9309,4
0bfb9dc5-f677-3447-bff8-67410a8604c3,4
a47d0cc0-09d4-3cf6-995d-d3507e3ff042,4
bf26af51-5cb2-301a-90ec-da7f7c813c07,4
508f19dd-14ba-3bd1-99df-9a3a628a878c,4
00293579-9d31-3588-8da2-23c061fd7300,4
cb6edbdb-b7a9-3b08-9e3d-61d61a85bbbc,4
006f9d73-32e8-39b8-8ee7-dc4dd4a599a6,4
071f2dbd-db0d-3981-8fcf-b2fee5b9439f,4
68d047c7-ccaa-31bb-852a-9c8c8b78cd51,4
80247d5d-c8ea-3b8c-bcff-3083fec71379,4
94219460-dc06-3957-a156-7dccec4046f0,4
bd29f6c4-fbb0-3ea6-9f88-170b1c978cd4,4
c5458ec8-dc9b-386e-98ab-9d2d9023362f,4
0154fa4c-6f83-3793-bc4d-e494d6b66760,4
9f02da8e-8e05-3fd4-8856-9bb3e67e6188,4
35aaec73-223d-3fb9-9b90-03e1445cfd0a,4
b72b2ed4-8e10-3616-9ff6-297e0a5912c0,4
05b6150f-cf7b-3c1f-8113-22808d53f6c4,4
c00a5b2e-d82d-3c4d-ac0b-e5a5a10c28a1,4
a47a408b-d8be-381f-81fb-7282c4613918,4
fa0a38f6-f41f-33e7-b710-9868e768ae96,4
f8398478-06de-3420-9c38-8772366b7840,4
fc4789ac-7624-3680-a3af-f1aaa3040a84,4
f51b7954-abf9-31e3-b936-bab137e0430b,4
8ddb5c95-df00-3b3d-a5a6-114f4c085294,4
4a26307f-3401-3567-948f-d51c9704fd27,4
e5199aad-668c-3fc6-84b0-2ec566146ea4,4
8be9bd8b-d04c-3f15-b23a-897cd4116352,4
fd1a6025-6786-3e56-9477-fd44e5d876f2,4
2ee8c85b-4856-316e-a2db-f61a97d690fd,4
96d959e5-9d53-3d0e-86f5-c221530b6905,4
45042d83-170f-3252-8406-3f46d454d569,4
1cbfb17d-c931-3ec1-ad6d-63ebe8c42393,4
1f8696ea-5384-3b78-b83b-383066caff38,4
041aea21-c96f-343a-9021-f62566d9842e,4
deff4be3-772c-338d-82c9-459a2871f238,4
69ab779e-50da-3052-98b5-9f827dd1cca1,4
81e1a1f1-48c3-30a9-82cb-3027fb402369,4
5d6aeb8b-709e-36d8-bbd2-8aaf4c4725f2,4
83510f1e-a09b-31e0-8abe-adf5cd600db6,4
a4c3c3ac-5d90-3ddf-ab3e-a2d7b45594e5,4
44906440-e097-3694-8748-6b55d480387c,4
73dbfacb-8915-3af7-a43a-716a1f5cbc33,4
730ecf2f-f7c8-35b9-976b-a37ed3139409,4
8f1cfde4-a485-31d6-b8fd-b22b3079538a,4
caeca457-ad72-361d-89ad-93b770da07c0,4
cd083b9f-9fec-3302-b7d9-dbbbc8a4d08c,4
8ea191a1-9fd9-38c8-b5c9-24ff14e394c6,4
ed58da57-dbbd-3ae0-be3a-9c92b73fe3fe,4
b0827a9e-e320-32d3-b564-ddc3ceead022,4
d369d79a-a9bb-323f-adf5-79faad058cee,4
c402d8b9-0771-3238-9d14-6d94afcfb758,4
ff8dbe0d-b017-310e-ab42-5663320f1877,4
f70c907b-24f4-3a9f-9ee1-2b8fc55f4ba3,4
a2c79dd1-9590-3869-943d-0766ba9d9b0e,4
ca0d6045-1e86-378f-bdbb-ba1ec6a39628,4
879c99c3-3db2-30cb-b571-38838e3c996e,4
a17ccd1c-2303-35be-9663-fc9f7cff25c4,4
81f6f3af-5531-3c75-94a4-9f42b9165f91,4
b91041d8-311f-343d-91d3-c7cd51f2569c,4
f5c4ff42-8cfe-3346-a033-bd2b39675ee7,4
174c5fd6-c3b4-3cde-86f3-3748948d5617,4
19f5563d-f1ae-3ca9-ba40-02258f19156a,4
d6105b44-40bb-31d8-8184-af4844513c56,4
8169da13-0200-37d5-9d53-c346c3e9899f,4
f85c1d78-7fc8-3655-bcee-8013e04afe29,4
d128006b-1c8f-3192-b79b-7bcb6a63f718,4
45645a8c-d5b7-3275-81ca-0ac00a11df72,4
0ea51b05-de4c-358d-84c6-5c27ca7a9f72,4
67d8c443-2278-37eb-9ff2-e8875d07e9dd,4
f8f27f22-11c2-3781-8d38-41140c51c394,4
0c024bfb-b9b7-3d06-8cbe-a971a13e8b82,4
b588a945-5339-30b7-b9b5-aedaf5c32167,4
dd64abfb-57ee-3b2d-afa6-ce2f30de3645,4
b5929503-517e-32aa-b6fd-d0eaf865e221,4
2aa988df-382d-34b3-9c65-31c7b6ac6748,4
ef5399b0-9f57-3914-aca2-9ca456b67086,4
24d4fd6e-4856-36de-ac2c-53f8436198ac,4
e159f5c6-f565-356a-8180-a03e0a6b5d19,4
b910e0db-3c0e-39fe-91ee-9f5741a62cc0,4
edc75900-2396-3feb-86c3-0e75501e50c3,4
59890e86-2f52-310c-8cf9-59cb7f3eb13f,4
11d4490e-2cd4-3221-985c-27939f5691eb,4
f6db1fd5-23fd-3bee-9ac7-6d319c4e5d9a,4
30d263da-8cb9-3dca-9f7e-04ed56ff9f80,4
d7f27aa1-1b66-311b-907a-5a31c4d9ae23,4
69921995-38d3-337e-8b72-0e164f3b70a7,4
a60ad77a-4c0c-3a46-96c0-003d7e954650,4
e4288821-d462-32d7-b026-19c9834e6052,4
a97ff593-aa66-378a-bbe1-787a830e4c2d,4
0f634808-c95b-3668-9c78-53e4a6284287,4
670cfee4-e62a-3c41-98fd-584343773cd4,4
03cc44b1-6a7b-3b7d-ae20-39a14da10902,4
3c3dfa95-4060-3b71-be6e-af0059abe41d,4
ff38640c-d244-380e-9adf-a20c846aab43,4
22e541e0-6976-39da-a04c-f29407418ea6,4
92f8beff-459b-3e9e-8f2a-3ec8841fc979,4
ec2e3261-7158-3cf2-92ce-913540b6fc2f,4
b39407fe-a4ba-378b-9a46-e934427c802f,4
fd287cc6-062a-3d4a-ae4a-2bbe6e2cc8fa,4
c863cb0a-5a53-3f16-a4da-7d55b24c303c,4
b6e0eede-961d-3908-82cb-1aff708a1222,4
239da1a8-3da2-38b6-ae1d-21840749232c,4
d042158f-b8bc-33e5-8fc8-e68e3145f634,4
d4a3f7c2-7998-38d4-a2ab-42f1672d244a,4
2db9d8e9-6093-316a-80dd-bc348b459c12,4
5cd8dfb4-7ab4-37d6-972b-e9de2f049f2a,4
f2cf69f2-f315-3e1c-8b84-644ca4d89f1b,4
1801a493-1f2f-369b-926e-3d5228f2792c,4
b6181615-1df3-329d-9cfe-86010126b8c9,4
0d9e1a43-ffda-3a52-a664-4eb75df6de07,4
8cec70d3-a8e3-3c5b-ab84-57c5f06bd183,4
2d9e3261-f060-3f06-93cf-a8da86f3a7ea,4
dddca2a6-93c1-3444-a033-32100b3c0874,4
fd7ad049-1b3a-3e25-baa5-bdc10077d876,4
12d08894-983c-3300-b044-3ee8f806f404,4
cd5d9391-3f98-383a-9a5e-c04dcd7e16db,4
48913de5-ff1c-3071-ba53-72920da7f2c1,4
30a0bbb8-1cb8-3b6b-8d51-1eda4139557f,4
20e9b0af-cff6-3ec8-a21f-72d95dba213f,4
3a3514a8-f0a3-3b01-a863-716992094580,4
14ddccc3-5d72-3cc7-b829-78708c77f15f,4
2caf4a4a-b0e4-3e2e-9628-22ea1919c06c,4
0fd447a9-a514-3f73-9e12-46d124f4ecac,4
cb3f537a-a8b8-3581-a4bf-0de79b73da1e,4
c7403b39-d564-3293-b306-cc51ee526994,4
841958d3-6edc-392d-9d01-55b55f5d1f3c,4
3d577c57-5169-3923-9a24-25fa331a9b59,4
94c7af49-9ddb-31e9-a57f-bf84b638c7c1,4
7a508b14-2428-3216-aca9-b88599c8f1a8,4
da328a56-8a2f-3937-a0ba-da0d7c415e31,4
2d1275b3-08b9-3c3e-965e-487fb7c96c82,4
faad2b57-0464-3590-affc-02abeac08132,4
73e7db53-eaba-3b08-b61f-7a1fba1be6fd,4
04c0be73-5f98-3679-a2c0-af3f390f38d3,4
7ee73a2e-80e6-3be9-847b-e3393075e8d4,4
09213db3-4f03-3368-ab00-ec26f72fafd0,4
ad8410c3-de16-3510-9f5b-06e5c550a618,4
260fe5df-bc7a-3bf1-8509-67306db0bee4,4
01068901-96de-3d43-a129-bfa2f737d1b8,4
d4b3ee78-947d-34d4-a5bb-cc827b5a863f,4
b86b539d-a135-3556-a8b6-4d90f54dd30f,4
484bfc09-117d-3b59-9436-734e64fd03d3,4
4412902f-9f44-387b-b9e0-7cd40ddde6b1,4
16695d52-9b82-3b30-842a-05f393f495ac,4
5d620acc-8981-3b82-98c2-58cb32e5d052,4
3a4032ec-62ec-31a0-9b0d-de86b3fdf4c4,4
25009dd5-5703-304d-9cf3-499c7df1c4a2,4
e3a39519-696b-3df4-b2af-33f3bd2c9efa,4
3e72e039-1942-3c5b-a600-ba57f33cc71e,4
cbb47dcd-e710-36c5-9f00-4258c3d1a19c,4
e5586ccf-5db3-3251-933f-50dbe5e4faae,4
1655ece0-1681-3afd-acc6-e23ac3ef0207,4
f412b905-fdd2-3a67-a364-580f49c4bd3c,4
7125abaf-545b-387a-93ac-b7ad0f9a03c3,4
759074cc-a9ee-3df2-88f3-dfba3b9a04aa,4
518afd65-2aef-3c80-8206-f6b84764b034,4
ee4dd5bb-c595-3682-b9b0-4a39c91e0930,4
4d85a9fc-6eac-34c0-9aa4-25fbc86d1225,4
37b34a8c-3941-3ea4-afbf-cc1923e222eb,4
a31045c3-df8b-377e-ab02-c6b824323667,4
f9be50fe-ee29-38f8-ad4b-99efe4f98ae1,4
bfd3aebd-c4f6-3014-bad4-b1e8c11b4a66,4
d967d09b-067e-3c84-8bf4-f8e0be6f61e7,4
219cdc2d-d489-37ee-9a20-a6555d7c0f82,4
39b248bf-1a07-329c-ad2b-4e548146a0cc,4
6d981c77-7a87-3013-a09a-305962e17a75,4
61663b0d-9f8a-3d68-8a28-7be08f8fbfab,4
403a5e3c-485b-3b9b-b7f8-c541c54940a1,4
8dfd0b60-61a5-3141-8f71-56b926498496,4
2480dccc-e523-3440-a592-42401b7e590c,4
fa77316c-3663-39a0-ab1a-d3f45952f1ca,4
9f248459-b28a-34e9-b438-e6befd19b76c,4
9a5b7358-c02c-3781-86f2-8d0439ed5036,4
ac8d2ec1-6900-3f28-bdae-71b20b5829bc,4
6a856f6f-4bdb-31e8-a937-4a7c5db486ca,4
dce8f213-5189-3258-a1c2-9066b8f21c9d,4
f769280e-6556-39cc-bed3-077183f6fba7,4
11b704d0-d514-3d8e-9d32-f03b653f9211,4
b3afdd5f-a265-3206-8867-105e382243f2,4
86c6ff0e-5ce9-3e7d-8c60-f8fc73fa60b6,4
8e7d2651-771d-3565-9775-6d30a58d8283,4
f438b77e-ef27-309f-9876-045ce1d54274,4
b117578d-2e3f-367f-9366-0f9391cf2b33,4
0c3f3379-69ad-3fb7-9ccc-66a865f6eb9b,4
2eb32e65-f2b5-3ae5-b7f4-9837b1e41fcd,4
820b1d10-b3ed-384f-b4bd-21cede3b9b65,4
40236161-f742-360f-9e6b-dd8fc6ac0d97,4
36a31aa6-7290-3e46-9699-fd259af8c410,4
a33b2200-f9cf-3bf7-beae-3956e2e6772d,4
c17fd52f-8d56-3a23-a946-0a8899a8a686,4
ebac691e-56b1-369a-895e-43466c52e964,4
1900d50d-9bd2-36b0-b5b1-f51e2ca0cfe1,4
8757460d-fa1c-319f-8a49-dc4bf0136b64,4
a8fe2040-252f-335a-832f-5431a93e0dec,4
dbd4f721-a8dc-337a-90d0-6e6267a6f4ae,4
7acf908a-aba2-3337-af2c-603c4e7d7620,4
351d1e29-089a-3c05-81d9-a98756a394d4,4
d3ed46f2-9fd6-3c4a-a349-8d7a082f5b19,4
9c79c889-df64-3c7c-9b37-1f0326d42cf7,4
d8299c3d-d2c0-3461-a743-8c0a5185167f,4
28e19332-97be-3829-842c-97566b7c88b8,4
71146c5e-7827-3054-8a2d-e0b178334d50,4
39c86c61-8c20-341e-bd88-6dc0e3922cd3,4
56f98bb3-5766-3e5d-b6ad-2944642e77b1,4
02234fa0-3531-340f-83fe-6128c5d45324,4
8d92c762-9f3a-3a64-b6b7-a5104716ebc5,4
d15d92db-c896-3720-bbb6-51f9ae1b53f1,4
5be8a6c7-2ed6-343d-b003-26f0663c0d3d,4
252a0ba3-a0d9-3950-a053-3cb843f6bf27,4
aa2a13b5-c28c-384e-b156-c1e483264832,4
984ac70b-973b-3d3e-9ced-d512c21b3340,4
468d3893-110b-3cb0-bafd-3969212a93f4,4
3e830f64-5e26-3c0d-bb98-c51db16e8527,4
e6c811eb-a68b-3c24-bdba-82d4dc1f9e0d,4
103f465a-342a-3c51-bd40-292dd56f2351,4
71f04290-adbd-3d12-a761-5aeff34818f1,4
00112d8d-0adf-3630-9cb2-03cb26b68384,4
4312843b-1cf1-31f6-b37d-7e15a4fd1ab1,4
8dd16ae8-ce72-3c2a-8c6a-e7220926de8b,4
1b77e2cd-984b-3c2f-8f4c-07ddcf15327f,4
7811a415-b751-3bb5-a4fc-537e1afb7173,4
3d959d30-bfd5-3b3b-879b-80809db238a2,4
7e422948-0d07-36d8-9bc4-d584553a60b0,4
e1009ac5-47ab-3a68-ae9d-f8706482b7ef,4
e606ab0c-7996-3ef3-8008-aae2475818b3,4
4272a034-9e3c-3702-8064-402f3ec00dbb,4
7c35dc9d-4088-3187-9987-6afe9ffb5ecb,4
2349646e-3182-3d19-a056-788a7156a19e,4
47bfba7a-43d7-3455-8182-eb7a5f8ae0e8,4
68f21543-3f53-37fc-9fa7-738024240427,4
fe6cbe01-6cd9-3a90-bf2e-0aaad6c1dc6c,4
b387f30e-1ba1-3516-b7dc-568d1dbd0533,4
3232e892-8ae0-3325-874b-5d79a45abc9a,4
2e6a87e6-c0b3-346b-9345-2b57606e8e32,4
267a2b41-22f0-3bca-b618-c4c6a55ddf4c,4
acaee047-89b9-30ea-8719-d93a4f964889,4
d74d3d89-8903-3b24-beee-39d86d11d1cc,4
b86e734f-4216-34ac-b697-b1d546573535,4
7abed01f-dc70-3e0d-96f0-95c2968ec569,4
e8aad9a8-57e0-36a2-be32-59963514838f,4
3a0248bb-9b90-3540-87b4-42dab74b286c,4
d1583003-c5d3-389b-ac04-24731f13a3c2,4
61e606c8-5201-3a1f-8e24-5ac8ea30557e,4
934d152c-c93e-3b9e-b8ce-9a573597d141,4
b983ee47-6adf-3526-a758-de25a094fa2e,4
7ee0912a-908e-3bb3-ba46-ee8009c3644b,4
58a403c1-362b-342e-803a-89232befa347,4
75e3242b-7ce8-3781-8b44-cfce7befe878,4
0d5caccb-a547-3057-89ca-87db871b434c,4
6ed695c7-f2e6-37ea-ad61-ac85df31717a,4
fa847575-458a-37c5-859c-3934590285bc,4
f2068de6-72ab-3a4f-8b6b-e3db98486c96,4
d0046b56-52c4-34f8-a4c5-14209e592b29,4
9270ee4a-5e8a-3845-b644-b73eb7251fab,4
9f52228b-503e-3094-8783-74c27b76499f,4
2fd9a990-b511-3045-90c2-a0b051ff6e45,4
e3577de0-d729-3693-8d7b-d4dd34545472,4
519b3064-8441-3c74-b853-88131d830961,4
4ca8f00b-d8d8-3580-a52f-055072c71ebb,4
a3cd483f-e924-318a-a7cb-9da643c6af0b,4
76639d2a-72ee-3402-bba2-47cf34000e0c,4
ef747751-4304-3ec4-b041-06e72f7096d8,4
5b2e46aa-b72d-3d6d-bf5f-29a1810ee6ad,4
12b11827-9b21-373d-a02c-90840ac6cbf6,4
99c0e32e-1c9c-3e0e-a970-1aaae233e266,4
b5f7ad80-3abd-3ed1-bd80-52ef46719e87,4
c3166e3e-0ca5-33a8-994b-4c9d63faa724,4
6f0d4a8c-dc7d-3f1a-9926-e8881fe73000,4
40b3d458-208c-303a-a069-607368dd4e24,4
37eeb9ea-d5ca-35de-bbd7-6a459ba985f3,4
d9760be5-a6a1-3fff-a747-b9c55e3696ea,4
ab181870-9595-3925-88b5-da0157126a66,4
8cc5818b-7999-3cfa-81fb-f060839c3443,4
9c52420e-fe51-3c04-93ed-db222ea62ca5,4
9e23162c-47e5-3f23-b7ce-f912c09a6ab7,4
4e9de101-e233-383e-aa9f-f670e8cbca66,4
6b950c25-0094-3f8e-b83f-95ddccef7a58,4
c98f867b-a550-34e9-9f4d-58fe992c9796,4
5c9d2934-f430-3084-972d-1a2c354e8e0f,4
cb9ab75e-8541-35d5-a2f7-afe7a16cb4ef,4
035d39bc-9569-33ba-854b-ce9160c44de4,4
37a8a652-c53a-3fbf-9db2-97761c5fa632,4
2051a9ad-6a59-3ec5-a1b2-1ba0d7069dcb,4
b29a4612-e131-3e2d-b5f5-3197a1c9a508,4
b71d602f-9fd5-3c2f-b452-d8dcc55852d6,4
233711ee-4554-3e88-958f-46e82230e0d2,4
56c0d827-99c7-30aa-bacf-af2daeb5e027,4
20d44ae2-f65a-3428-95a4-274e76bca868,4
cda7da20-840f-397c-a06e-4c1c506e3d3c,4
ab828477-27a4-3d61-bed6-c6506901ab8b,4
e23f836b-f96e-3fc0-ac09-1a911816fa56,4
30c0e61e-19c2-3396-899b-65233e94e0b7,4
1a087712-d606-32d0-9f65-59178b24e05f,4
bad23e64-d93e-34fe-8dae-8f37d5d38438,4
a4a56629-4692-3810-b314-e005b0978afb,4
c92301f4-9e75-3990-aa8b-5ae8c8c24770,4
04561db8-41d4-3b1b-beb7-010e0ecc3819,4
bc48871b-6b14-37b5-8d43-6d2ff26de6b6,4
a07a252a-5315-380c-8a62-d5ef617adb3a,4
8e819202-504a-3c1a-8fa8-5904982e37e1,4
666e5da1-d97f-3f3e-9077-4999afe270e9,4
3a8968d7-916b-3544-83f9-4566eabad72b,4
51025377-e9c7-347f-a7f1-4eca6d1ca59b,4
52f0ab25-21f8-3e60-84f8-9a1c568b187a,4
a1fe79f7-2889-3202-8716-631fd6b91aa3,4
db849f9b-f88f-3588-99c2-f98e18e6cb85,4
c54441f6-76b6-34e8-b9b3-229172e58253,4
9f6b7ecf-10f4-30cb-95ad-f5a337b254ea,4
cf9104c3-7fd4-33db-9d0a-b44382339bd3,4
ed31135b-a7ce-35cb-8dcf-a35a6e0620f7,4
ca01646f-d4d0-318e-bc98-94f5303d20df,4
5a481fcd-470c-3ceb-a855-8bb4045d07dc,4
37373fe0-5f92-3a2b-b81b-11070f4d5958,4
e1ec20a4-c1e7-3c1c-98da-40ce17d30ad5,4
3c7c7e20-367a-325d-8269-6d8a96c35641,4
6c532730-b44d-3530-b113-8ca625520add,4
9c2a2cd3-ba8c-3b94-b8fb-eaa6583ed8ca,4
b128d9c6-5dd7-3e5a-8dca-942120cd8ab5,4
4fe42720-159b-3b5e-bff7-38596d7b181a,4
79edb635-0f95-3601-a1a9-244c6ade14df,4
49bc376a-28b3-30a8-8928-926eee58a071,4
cce7656a-c161-3acc-a50e-42b73ec6b4de,4
a73e5123-3fc1-38fb-8a86-885fce7c5375,4
bec052a3-12f2-39ac-9721-467fdb88861a,4
ccf62902-53f0-3836-949a-777a7189869d,4
679eb8a4-7e08-3466-a08a-1bfbbef32df0,4
2e966680-94cc-3ff9-ac8b-a841a23a8d70,4
f0be8b19-6371-3f28-b49c-9b08101ab710,4
cf89d169-cc88-32ee-8585-2445754748d3,4
d79a0f9c-5fcd-349d-9bd6-e1c34746ff02,4
dcd5f921-da4d-350c-9210-ede76e59e31c,4
1d5a9619-c8e9-3962-b454-e5b4f7a43b9c,4
f3e2c064-e9c0-38cc-8aff-345c46f5ff24,4
4cfc9075-00c7-3686-af75-7fda8101f145,4
d01298d1-4284-3eb9-8911-7e06b38e0dd1,4
4aac6863-206e-3a06-a6fc-8d63f217cde6,4
66fa89c0-09b6-37c2-ba47-3e036b753feb,4
66fb7846-97c7-338c-bee8-36d494ec37b1,4
73a438c0-5180-3ade-bddf-408fa73b3657,4
da75e1ad-ed92-3651-81a3-c533913bd2c0,4
428df0b6-0d34-3b8e-abb0-c403b850482f,4
77105289-8758-3c72-9a6e-836133b8fb17,4
523291fe-4117-3a4a-afb1-75d3a4bc9900,4
81fe87c5-ee49-3b74-a083-c286f67cec67,4
15fdc785-1a40-3c0b-a3c6-7da9d59d31ef,4
b0f6bfc2-eedd-3ca8-861c-0b35c4c207e6,4
f6c89c1a-2fc0-3f3a-a583-0cf074216ff4,4
ba93a638-e416-38e9-a535-39c351723be6,4
f026ebd4-85d5-30b8-a982-916721ff29ee,4
09036dfb-50cc-39d0-ae51-1fe65bf981aa,4
05fbbf5b-39d3-3ac7-b249-11c8c5a5589e,4
0a3da08d-4e7a-31fe-91d5-60b0510884d3,4
1de5c7ec-074d-38c8-a270-875f3a97bd87,4
fdde0b17-90e3-34bd-948b-df1cf3b7eb01,4
bf4328e9-7868-3191-a8fe-0221789eb198,4
49d24ff7-a04a-3aeb-97b8-0bbe1e374cab,4
31a8e7e3-4f44-3596-87f5-24a8a044fe45,4
3e046efb-a83e-3e07-97d0-913b300a9fc0,4
b96c0931-ee8a-37c9-81e9-3139a7a7d0cd,4
0363c56d-2b9b-3416-9beb-a07391017422,4
2dc7eb3c-5080-3ceb-92e0-82b5648f1ea1,4
3d7b4fb3-9f85-353f-aa69-8ab60fcef971,4
6872238f-5f40-3914-acdc-ce3ab00094a0,4
f1e63743-3e77-38e4-92ac-c7a42f95f7af,4
3928b0be-ae11-3955-9bea-1851fad88b17,4
4aeaa4fd-e9e9-3463-835d-9dd0c0d67a6a,4
87af88cc-9db3-3362-b46f-219ba69ab8bf,4
2432666c-53d6-308a-b7eb-ca3d9d723547,4
d814b659-9223-364c-b4af-9d63e0e862ae,4
e122aa40-511c-3171-9680-cb95b2717421,4
b78f5914-15c3-30cd-860d-4e5066f9b525,4
ac9f157b-7eb8-3090-9d59-f6b0038d0e2f,4
38c814a8-c082-3ec4-9e7c-30c9660e7233,4
69ba77e1-a635-3f2e-b6a8-a54a7d710c55,4
1176c3ab-fe2f-3c92-bfee-24afff79b9d9,4
bbb49e3f-b211-356d-9a67-b628f86f476d,4
36a488fb-450d-3595-ba58-67e67b37bdfa,4
1985a8bf-693c-3afd-bb96-76777e1b4001,4
8540e646-b961-3d35-bf98-47ef56be8cd6,4
b400719a-e5f9-3f85-ae69-51620b19fc93,4
e4b5afb8-6ebc-3cc2-a196-c4244d7e3ca1,4
54ff8134-ba76-34e8-b89d-4a59599a0056,4
11767b30-5784-3429-bf42-e6d46cc1b601,4
762ff0e5-5373-33a9-a8fc-606b868c2226,4
86451202-e033-31cf-bbbd-c8644c41fb6c,4
73105934-acff-33c9-9238-e3cc6d2ef349,4
41fc02a8-7535-39d9-9e7e-2f7afe56f11f,4
2b238a91-274d-341b-adfc-5e67d44d1ae7,4
df0ea6d5-b568-3403-86e9-d0bad77f21d5,4
926e61fd-1ee0-3a65-8abc-60a0c0f1dfa1,4
1837a0e2-53a9-3281-999a-f470a6e7308a,4
272d69c8-0e8a-37d2-a99c-675619b7967d,4
41ae73b8-f6ab-3322-9797-2034ac1db30e,4
5e6549bf-04db-3933-906b-1ae2d4ae574d,4
fff22fe1-b1b0-3821-a7f1-283c1fc8f9b1,4
be435c68-5e10-3508-bf3c-4b6590f2643b,4
dbb1a3de-977e-3cbd-b412-08f50d0b1db8,4
c71408ca-50a9-3ea8-b354-2c8b34f2eca8,4
5f1cc339-6e4e-36dc-9080-81c495a9bc5a,4
af14238a-f89e-3e63-a497-754fadfe65be,4
ebabe8fd-7367-3636-9163-84c35743db60,4
c397bd4d-1885-3caa-8383-950aef27c9bc,4
b48b6844-3db5-3dfc-abda-7ef35f73e903,4
42f8013d-fc5e-3474-b92a-e0e32a40669e,4
2e9ca22f-94f8-389c-9a93-4ea88bba127d,4
8e5d40d2-f8d7-34c9-a763-896ba74faaad,4
392b107b-944d-3dbc-8a4c-c5fee992a81f,4
d5fe1f84-2452-3219-bb1d-497c5d219529,4
fdae0180-267e-3d1f-8473-a40b229c0558,4
32025159-8167-3b5d-b85a-681f60e4fc35,4
c004b0f6-1030-35ed-b4b8-ce796393c747,4
a0e5c243-6112-3f49-953f-40f1b7d8e040,4
1bf95490-862b-35e3-9773-2ddedd3cc12a,4
8daf7ec4-a6b1-3485-986f-e966cfff5f92,4
db3d9200-e6d0-359e-be26-afd1db58c667,4
241c88df-ad08-3479-9d0e-0c54952fe8d1,4
04f9452d-e2d7-32a7-a0b6-969e0c546386,4
1167f37c-a670-3d30-b459-1698b4708f26,4
b5f0248a-972a-3b8e-b5f7-24a8691fb1c7,4
2096ec5f-3a60-3faa-8a33-cca427f179c9,4
00cf3414-d51e-35fe-b693-6f67b00bde12,4
25cd9913-67bc-3057-b6ca-572e6d6f0329,4
39ed45c0-2339-34f0-a4f0-6d6591868e56,4
66b3f149-d7c9-3424-80d5-3c2dd71006be,4
8cde108d-5746-3133-873f-fc39030f81fc,4
f6567acb-5e63-3455-a0ca-aa9085d571de,4
2e8d07db-8c1a-3a31-bd1e-f54291d39d2b,4
50a4a1f1-0c4e-30e4-9e0c-d962a7f29972,4
34128caf-339d-3a23-8fa4-76ec61f4af15,4
8e5a0a70-5af0-32b0-a74d-d45c6a32fdaf,4
20f66a59-bc04-3367-9511-6f9dca1847bb,4
29885d05-9e47-3f8a-9ac2-efc5e57a0572,4
5be82ff8-2d7e-3b18-b665-536f63863360,4
471702d7-b46b-3674-b4f7-d605123bd306,4
539a86ff-3866-3b5a-9384-f329073f7991,4
23a40058-a4ff-3bcb-8bdf-8e90c2596530,4
39238ba0-e619-3ba8-a8f5-d3c2d3bc3be7,4
306cc05f-407c-3156-9271-b538f3fb0bc4,4
e1b4ad6f-07a0-3d0a-9e59-28fd0f5fe5a2,4
4bec14d2-ff70-353b-929d-948679d5b840,4
91d81e7d-4121-3643-9f00-c7aac99734b1,4
415fa300-2ebd-3059-a9b4-57f75b23db51,4
9a7acfbe-d4e7-339d-a85e-cd23ceb84300,4
305fcb93-e9e1-3c83-935a-d8f5e8c84f0e,4
48c2560b-168f-3245-8aac-29d803c6e8ef,4
d05d184b-e4a4-3b88-8d8d-ec09f8ad12d2,4
093015b6-0733-3cfe-b725-cb628fbf61ce,4
e789c2a7-9e54-3370-976d-c79705b4b038,4
8f13c0d0-06cd-3ec2-afd4-003ddbc087f0,4
e543ded2-7822-3697-8704-09d1158f57e8,4
d11c2335-3eaf-392e-9536-c0b09c73291a,4
82d8a168-e407-3e60-b5a1-07917d3d29b6,4
ac54da0a-1c01-3f71-ad28-a78713a4c3eb,4
1826d5cd-1c31-3a8c-9e2d-fda2b6c19704,4
35dc54ad-e508-3217-85d1-a2ffaad46151,4
bd568903-0f5e-3baf-b743-733f35f6ba91,4
5c2de0b7-86e9-3445-918d-114f7ad5fd13,4
2ecbdd64-3c81-30d9-9f5f-28d87f55a904,4
8867f024-bb57-374e-aa8f-500134a00a5e,4
8e16dc8a-3abf-30a3-9c90-2932318717e3,4
fbbb4e98-65ca-33bc-9913-507b5aebc463,4
5cf78eb0-7732-3d5c-ba2f-49795f7b1728,4
39e1788e-d97b-3f7e-a2ad-0b278d0b1d6a,4
bb193745-459f-37ef-af70-11990a8add64,4
399d0f8b-454e-3dd8-aff8-302dafeee736,4
0a512d6f-9d5a-31f6-966b-e6e73651158a,4
cb64bcfb-8ee5-3168-b6e1-269fcd3b8487,4
07a8ae63-67f6-3b23-abb7-38d4336671e1,4
f49edb10-2be4-3578-aaad-2de4a7f9a23a,4
5981e27c-c67d-365f-ac84-26bb6600a93b,4
1a07d898-8555-3547-8f9d-7aac42b3afb5,4
408083e8-49d2-30d8-9e3b-00b0864fc77e,4
6f8165a7-f461-319c-bd03-c0ab2c426edf,4
4c347daf-7905-328e-8c70-a2e3138a8ef1,4
44a60c9d-cd4b-3ec9-8e21-52c54d01e12c,4
3d0f5541-dce4-34cf-ac26-212303f4adf8,4
2ce52452-3b86-3c26-bac8-f0377deb246d,4
f0a85332-406e-3ccd-90f3-15d16a555958,4
61500500-b0c6-338b-b244-549aad53cd70,4
7caa3b00-8974-33c3-8040-6902aefd6059,4
93bff2fc-523a-3e41-8a81-a9d455c4d476,4
1c068e1d-4ab7-39ac-80c1-d143884c7a59,4
6b2139b7-40d9-3b8c-a373-e852f22d5e5b,4
1cffa8be-41f5-3fc7-9d2d-8c70f4a31390,4
efa4e774-032b-3a46-b3e8-1cd476190154,4
bcc051c9-0e2c-3df9-bd60-59e21c712b1d,4
345c97ae-8613-3d0f-b755-149f3b149324,4
c4d2a807-8430-3d2d-aee8-ba47c17897cb,4
c0217e3c-f963-3b1a-84e4-9a802b6617d8,4
18fbc528-4e94-3dc8-93dc-5ac71286795e,4
8f5c6c16-05db-31f8-8931-5b96df3eb175,4
14792a0f-7ce3-399d-8179-2d2866164d0d,4
d649db24-2380-30dd-8c4f-f8d7bae26353,4
7d2bb178-30d1-3e62-87e3-3e0e6e5da888,4
f91f584e-e660-30ed-9d8b-183459339ee2,4
098e02d4-6614-3ab4-9f45-06860e96d4b6,4
4ea1253c-1019-31b3-8716-9b2f3e61e828,4
034d69a5-3182-32db-8b35-f958704f37d4,4
9cd47d32-a79c-3b15-b246-0b28aa0b495f,4
5bd45c66-d419-3dd3-b4ae-571fa8aff0f3,4
8df5bc8b-a2d2-3060-ac77-938218d7592c,4
2ebdb5e9-770e-3a2f-8491-351165cb0e73,4
909a3d48-aded-35c1-b471-42ab2477a1ef,4
cbcd37a6-5d6f-3807-bc38-4f33d753591a,4
aa5c2628-5399-3128-b422-88ab2b4fde99,4
4125c409-341b-3c42-8633-d4bcffb24a2c,4
a89b673c-641f-34e5-a34b-518c199cb895,4
c5a52bf9-9024-3d7d-a4a1-3e7705791ecd,4
25fdfb9c-d9c4-3859-bdca-de4211a6a635,4
3b69d37a-a6de-3515-9b9a-902804b25d4e,4
29f389d9-aa33-328b-952b-501e5b127549,4
709e9577-751c-3a24-bfed-15459ab034e2,4
08c60ef5-8068-31d8-8473-b4bf3414f301,4
0c758d64-cb49-3adb-8109-8166ea5b88a2,4
9cb13622-9859-383a-a0af-18bcbc5aefbe,4
0031f337-7729-3ebf-8ee4-3ef0e4f63775,4
ac9f0d16-c530-3620-b39b-176720cfd233,4
13a240a5-5747-34d5-8e96-cc2da070075e,4
0e41b38a-4539-300f-b254-1ef6b588fcbd,4
5aaca21b-e079-3b26-b475-9ee0cca21e8f,4
2fff9f30-0721-33d2-bbe6-62fb7669b495,4
6a4ee7da-4a6e-32be-8a76-8a49d70b57f7,4
49c2c8f3-e242-35f9-8976-8914632a8234,4
40530ccf-a9e2-3e4e-bd3b-65324dcee4d8,4
2cf8fd29-456a-33d7-a323-3080e2c5ee38,4
e42a3b60-f932-3739-9156-3b0c0d9d6e9c,4
8dbfb9c2-cccc-3a53-975a-70e8f0f3a1f2,4
2ee03ace-42b4-3f1f-afba-3603bedc365e,4
ea9149d5-b0db-3f20-b046-5e0220a4f2f2,4
ee01659b-1c29-3c93-b163-189359a9f44a,4
7946f547-5eba-3e76-bd62-a1b3e79e040e,4
50e69c91-2811-3c2c-ab94-3c6c9464b53b,4
79cf2f71-6053-358a-bd8b-e27eeff6347a,4
f223276c-e7f4-3701-85a4-9d403c5d7524,4
727eaf7e-20e3-3680-9239-a7d549122c44,4
b83529f5-6008-3eaf-aac8-07745466bdef,4
97ab6d60-67d2-3041-9d1b-e390e4e1a329,4
f5df44b0-e383-3441-825b-54cd467640be,4
faf4eae7-eef4-30d7-b588-9a5775a03dea,4
3b892744-18cf-3dea-9682-30ccd31a8451,4
df0eb589-5ef5-3799-8aee-a1b5449fa837,4
6201b05e-13a5-3f5b-a84d-d7a366037bf9,4
7133e2a9-47bd-3a19-a252-c1cea29c1d8a,4
960d059d-8fd2-3975-b5f7-c2eb706e9701,4
a77471e0-ed83-305e-b737-9772c82e6c72,4
44ef6025-be23-31c6-aa38-433846603e25,4
9411bd3c-e60c-3716-a459-2f67c7a6d1d0,4
8a06ec5d-0c68-365a-9756-2d4c85bbc3ec,4
478885a2-3d4e-3d52-b9d9-24022d33da12,4
91e22e93-ef3f-3810-9316-1aa42a1d8aa7,4
fd3e8494-deb4-374e-9d42-646a966f0ee7,4
3aabd546-9611-3aae-aad2-9bec5dba4401,4
2111a8d9-0e84-3815-8610-a098f506ec97,4
a65b3ade-34ac-3da7-affc-0d42c5675a0f,4
31f0ca23-6023-31c7-abcc-1f80c17e9175,4
bd885962-6626-345a-8df2-407902e64c63,4
d7133b68-0ea2-3c0f-8b99-8ab850eb170c,4
a6770d35-1855-3f07-87eb-f626a3c4c893,4
ccabff49-a088-36ac-83fb-987b067f0e0a,4
66bda323-6bf9-35c2-b044-a4e732d974cf,4
7df2c538-6131-3e5e-85bf-0c36e9718bd4,4
73bd5bca-fb62-37c8-bcc7-7613d27082c7,4
c2dea234-585a-3374-9661-bc1adb786069,4
2ddab6b2-95e9-3534-b329-cd4ddc353283,4
2c1dbfa5-2e6f-3ede-b1c9-1687242c56b2,4
54e49b96-51e8-3cbd-81a1-187a89f30160,4
746ff543-a737-3ff6-90da-5e451ad5ce93,4
4e1d916b-6103-3292-a771-6fa45b852146,4
3a5a9f76-6f99-3f25-ade2-9b3a97fa0f39,4
f1737178-9a60-338a-a76d-70a61e562c72,4
7493bb23-9829-3b8d-8fa5-f44a654356f2,4
5a24e30e-ccef-3e6b-8908-86c9009ccaac,4
1f3272be-3b29-3ca3-819c-ee50a63288a5,4
cd3e9617-a92d-38b6-bf8a-e54f65cd1732,4
09fcabd8-6c10-3809-be5b-93d64910d7ec,4
d99a9ef5-5f24-3723-b1e1-9023cdf3d5e4,4
5c8f8f36-b979-3f6e-bd4b-8c0dda26ded6,4
e618ad25-8254-3dd3-864f-c598cfee330f,4
fde8d2f6-04e4-3ec9-a8dc-e77cf35699ee,4
6fe1f4b3-37ac-3971-a11c-758a6389198d,4
14bbcde9-54b7-3459-8503-9d450037da70,4
619b0af2-5dc7-3108-a928-198aa45b4d06,4
1a37d1e1-e9a6-351b-b1f5-be639258655a,4
c2682496-ebca-3323-96af-be5ee4b8e67d,4
5f3bd1e9-8c63-3a33-886e-ffea9ebf9f36,4
2f4623bb-6f81-3da7-98f8-89057416abc7,4
ca2775c7-14f9-35fd-a0ba-a94aa515111c,4
0ce2f3fd-5a1c-38ae-a50e-a0b778f8acea,4
1a9a8ddb-d11e-3476-9607-6d80ace0ffce,4
e617e1e7-cbf7-301c-b1b5-0d214ac72bbe,4
a2f8dc1e-81ef-3a08-85d3-bf1c29c8b0ce,4
5cf67ff8-9919-393c-b80d-a5b05ba5eb7c,4
8ecf95c2-3852-3ac5-b560-b4b8c292e3d5,4
183b4918-8d4d-373e-8a01-ee9dcd94faae,4
df801522-2797-3ca5-ab47-4c489b98df6f,4
17898842-1374-3888-821c-fbdd5b169a5f,4
b1961707-185f-32c0-af87-a4bbaa37fbb6,4
fb0257cd-4e67-32fb-9a42-624619410752,4
88e4f30e-5fe1-37e2-9146-8a6f09291612,4
cb8bc738-b6e7-3bca-9643-59d1d06ec541,4
f55af1d8-971a-3228-892d-3cb1f742e394,4
03fb0fe7-3a66-3e47-bbd7-073a2e92fcd9,4
9202c301-9316-3830-8d75-a11efee5a9c9,4
b29ffb7b-415c-3bae-b0ab-ac0a922008ef,4
1f4b95d8-a596-389e-b3c3-8952480fa61b,4
5faaec06-d02c-3429-a40f-5d304b661fdb,4
9bdd2a08-6016-3a46-b969-b4f200bcdae3,4
642e867b-66eb-387e-ae0c-e8a0e0f11caf,4
d5e5a727-8b58-3be3-aa2a-782c98c43f7d,4
8b18717e-8d98-30ca-931a-ae9bd2193a4c,4
2d308658-6e6e-3529-aaf1-f3a5b7a71781,4
790ea505-8059-3495-87fc-1e9dec9164a2,4
4a6fbe11-62c9-3bf1-be03-6ca6cfd90e3c,4
fbb9bfda-72ec-3a44-bce9-7d888c45291f,4
37602b55-1d98-31aa-9fe6-3f429a74dfd0,4
2b108092-6364-380d-b673-f54e0fa80ef1,4
e6e88257-7b93-3f9d-94d0-fe7eda29ebc0,4
dd777626-9e3a-39df-b30a-2baa373a99d5,4
6b3b4317-6280-335c-998d-55a48bda26e0,4
6891db92-c763-37e2-8953-ed1ef8daa9f2,4
11e91ca0-7461-3620-bb47-d7251aeba64d,4
d29c8185-4279-3b98-8a91-9c5d0dbaeaff,4
c2f70e12-e5c7-31c5-acea-ed2d00c941e6,4
2c6015e7-7bb2-3d8b-b591-991acdc06519,4
51532c48-6960-379c-b154-fea2321fd7bd,4
f6ade366-09b7-367f-aa73-5ca85a4d1359,4
08b57d67-d166-38ca-82c0-60ed302ecef6,4
7d6e6c16-6ef1-3b39-829c-76e75d827549,4
049c8741-7a7a-3781-a61f-36d4b90d96a9,4
208eefd2-db92-37bf-b153-948a88fe1c4e,4
b9a51070-7484-30de-9cd9-cc9dc3bd1585,4
954b977f-4c5b-3e39-b51a-c5ebd7839ea8,4
4be6390b-d798-3bab-ba3f-1361b5553263,4
eaaebde4-e90f-3f77-bb5f-941cb729efe5,4
373fd528-8345-389b-9907-72be92ce1c6b,4
a8f184a4-3045-378a-9ee2-3c16ef7547e9,4
7a2efb8b-a582-32fb-a466-6a8581787169,4
ef1e038f-89d5-339a-9ca0-501b71b3b62c,4
4548fc56-73f8-391e-912f-c2685a3357dc,4
962c9d6c-aab6-350c-8865-e3bff34143fb,4
75009cfe-acc9-31cd-bc3d-9936f9972526,4
22466e2f-82a5-3478-87e4-2bdd5e300a0e,4
5cbb79e1-8ae7-32af-b84a-7f81d98c21bc,4
7aaa15c4-7339-3c65-98e1-c860331e6d57,4
b94c34c2-2870-3bc4-b996-54fe398745d6,4
2d296cf7-69c7-3684-be84-c7477c56d1aa,4
c00209c8-8856-30a1-9d1b-6f426b790c6f,4
e57f8856-7ba8-3c21-a849-198428dca4c5,4
3eaf5aa3-8173-35d6-a4d8-bb816d17408c,4
584863a1-ec69-33e8-912a-6319f32ddb27,4
20656735-b718-36f0-b184-126264c5254d,4
271ff15e-9971-3ea0-835d-be8dc1318067,4
42bbb561-35d8-3f99-91e4-617a43268ac2,4
ed38f8c8-b535-36f2-b27c-1d081590054c,4
b98e5b4a-ec39-3559-a164-c8f33ed28b15,4
d27097b4-ef54-3dcb-8bef-80b3925affee,4
ba299982-9c3a-36f9-b5bd-850bc4e8ff28,4
2478792f-2073-3e69-bab2-cfeca0c1e1bd,4
8efc0339-7f49-38a2-ba88-70d40545437a,4
0baf6903-03e0-35ff-90a7-09909049c084,4
ae0d9da1-acb2-32f5-9049-b57711dcb5fc,4
f317dd85-e3fa-33d0-80ab-2c932230f315,4
ea0aaa97-46ed-3627-a166-3dc3295d3869,4
3d47387b-ef2d-325f-a2c7-206e874973d6,4
db084273-1129-3b77-96ee-2f705d110880,4
e63b592d-9f79-30d6-91f5-8ef04494911c,4
42e6128d-a458-318e-955f-0349ebe79d6e,4
f7f6066f-5059-3e93-83e6-a1421f56d4fb,4
f8b6f929-4b55-310d-a5d7-6f349ecb97f5,4
2fdd543a-b68f-39c4-b932-7574b3489171,4
19fdcb36-1e7f-3392-bc4b-a192bf379338,4
be427fe5-43c9-30a7-ac58-bdc591907a06,4
cb4c5f35-ce70-353a-bae1-867a8f4e10c7,4
094f06d6-b17a-3924-a56b-15ce56f0ca7b,4
94561372-8e2c-38e0-8fbd-003b93a2ff3c,4
33769207-a239-31f2-91f1-081610d4ba3d,4
a83fed5c-6549-3173-8400-2b1f7753d917,4
5ddcb93b-5df6-373f-8870-f553aa1dafb8,4
3e8b10fb-589b-3066-8405-27cbd2fd9e83,4
41776d72-9e77-384e-9061-f5b431763f0f,4
1655f06e-4e8a-3f35-ab83-d93471272e64,4
b1bc0c52-73da-3144-b9f2-2736ec7bca2d,4
ce1cc46e-7ae9-3acb-92a1-bc1ada23aa91,4
6b784510-da81-38f7-b9a1-1fb81f9dfc70,4
1d4ac5a4-4531-362c-afc3-42d9fdcb3eed,4
f0fc1b97-57f5-3c26-a45b-d104f67e8d8b,4
474600ec-d525-3e38-8f7b-d69222a35095,4
96358e64-1b34-33ee-a973-415855bd48c0,4
d961eaa9-0130-3579-83f4-d095c1e62afc,4
76ac65c2-30b4-3c7a-81dc-3bfd437f78b5,4
7039a52c-2654-3c5f-b345-983fa5fe94f0,4
be755fca-acb7-375f-b9d2-07bc472e7dee,4
6222c2f7-d259-3f97-b36e-624769ffd0f5,4
e256cba4-5e79-35c5-9eed-5122725d1f2d,4
9bbe3a9b-5c0f-37aa-86a9-a1723cd2187f,4
069d4b8f-4572-3176-8781-f7b5c53de317,4
ca2af6d2-d996-3463-bd42-0cab8473908d,4
b9a55342-73f7-3c39-bad5-93345e36ecfd,4
7e45a334-6f18-33cf-bbd5-782921c0d210,4
8fc1e7e5-6bb5-3112-a3ba-ee055b9945c9,4
010d29b7-5431-301a-8438-2306afa9f0fc,4
f2000efc-ea69-3059-b253-6211cb78c564,4
83e7fe17-2d63-3926-bf92-bfe462bdc0a6,4
b34145b8-2a37-3e75-9147-4a0860e13731,4
67730a2d-569e-3ed4-b5bf-d14564293020,4
be18ee00-3d82-3f69-85c0-c32651d535a3,4
a71ea483-3411-3624-aa63-39b919f7f143,4
9fe70a24-be79-309f-831f-d7ae996112cf,4
04534ba0-87d2-31a1-8d51-9190e49bae7f,4
1ba12114-9f39-36f8-8c0c-b505123f2fad,4
bdb09fc2-4904-3fdc-a95e-c42fa6baaaa4,4
6e6edb78-8318-355b-a055-def9c1b3da5b,4
fa6e90e9-87a6-3c42-8b97-dbe4a122982b,4
898fc0e2-0f9b-3d9f-a8ea-fb6019c09f75,4
bfd7f850-f507-3946-8c4c-78ceaef021ac,4
be2ae874-83a3-3f86-b671-60ef1aa5feb7,4
2e9db22e-dc2f-3a3a-9d9e-9db9beb26059,4
440b3774-8baa-35dd-955a-2bd7a80ecfc4,4
41d70e21-6f75-322a-b989-ac691b678860,4
253a7eb9-de65-373c-bc84-7d7a3289733d,4
884a2a18-8006-35c8-a18f-d04e2801bdde,4
0648f14f-71e5-3740-b3d8-37130a9ab9ab,4
6e62e718-7fb4-390a-9f62-8a32f2a3dd50,4
d780d833-f212-3c64-968a-dfbf06d64d10,4
bf9486f1-e56d-3243-ad3c-9df67151e5ec,4
8492330b-f6b4-351c-a06f-24a8c4265f1f,4
9d50863c-1a5f-3dd8-845d-b2dcf006a9b9,4
15fc500c-80dd-318d-8b36-3b3570ec0f41,4
ea1910c7-d935-3b9f-88fb-24deaca112ec,4
0150411c-14c3-3baf-9bce-32e94e806b5c,4
860ff7f4-f490-3483-b83a-6c5b71d563ae,4
c9c02109-c430-3628-b4c7-5f972234a786,4
56d430cf-f8c3-33a6-bc47-53289ccfe3ce,4
349bffcb-2c85-3c47-bde2-2df2d1c40ef1,4
24d2a0f9-b5dc-35b5-b91b-6e380957550a,4
20704440-1a27-3ae8-898e-015765d22d76,4
a06b3041-eecb-399c-b265-a30294e9b149,4
edc1fb59-8c4b-32b7-8688-365889559aec,4
cafd233e-3beb-3649-9850-ef51eceb6ad3,4
4040f3cd-34c2-3000-8596-50f05629d492,4
6f2e6acf-7987-3771-a143-1e14996d38cd,4
a1ae7ab4-3e7b-3551-8815-a17051f93469,4
33fa8e5c-84a8-310f-acd2-599f0ffe8174,4
65e042b3-5ba6-3da5-8cd9-c661c722d457,4
f31076dc-47b8-3e37-9ab0-9afda0f8389d,4
4d2ab9f9-b916-3c63-bc98-42d2bce2315e,4
e8850f5d-4455-3113-834f-e84ab08ab58e,4
525fc0e4-9d3e-3c60-90f2-724ff5dc2168,4
d3320845-18c2-3192-b716-5c9609a6cfa7,4
ae33cbd5-352f-3b63-862f-6c4df9dd381d,4
61794592-1275-3aa5-8c09-51732385978d,4
fdbc1418-1fc9-3bf9-b986-47179bc1beb0,4
5a0c5801-5f09-3177-bd28-9bd22cdb27e5,4
f781a5da-3403-353d-84d4-1335d8437249,4
c42733bf-a036-3590-b699-cd9d7b4c3896,4
8a58ab91-7f04-3fad-9d90-bc28b8fc70b8,4
cb084d48-fc68-36f6-b493-29309b473eff,4
ac15f8b7-b527-3522-abe3-198ad5b656fd,4
fd51cb65-46b9-3af5-b75c-cb50677fe356,4
7635ba51-a270-35e6-a133-918bbc08ffea,4
590208af-8a25-381a-bfb4-a5c9a9d7c17b,4
dea86568-a29d-358d-a36d-ec4b9d78b6df,4
f00c12fa-8378-3661-b914-ddf946a29309,4
1d19a25b-efbf-3666-b0df-a501a932d1f0,4
76785d95-fbed-3e5f-bb6c-5e4e8d693823,4
1e8b34db-a4cf-3203-b21a-cc995d9f4dc9,4
38ea5d3d-6a61-3dd6-88ee-ce9733d97c47,4
859ca790-87be-3d19-8376-6ef823f8a698,4
48cd86e1-ce26-3c79-bb9a-8c7953f41f91,4
413695ef-673a-3edf-81c3-c055192c9c88,4
cc053984-09f9-36e9-a00a-35a842733ae1,4
de3ddf42-4b4f-3134-9895-1c60b32a43bb,4
2e0b8807-639f-3021-9b97-dfb752f2b49b,4
9a1a55ca-1544-333e-b351-02af815c4a30,4
20bdded6-244c-39b5-a549-e485b0761494,4
a16aa1aa-d910-3720-adc0-53361bc00213,4
a84bd21f-9283-338c-8d31-9710bb385d53,4
ad54d163-d561-38d9-b8c6-ce147d9031a0,4
86012450-7561-3f5d-89e8-9367734cf275,4
4b844678-3f95-33e3-bb3a-07ffd09b7758,4
951dd01d-c5ce-3362-a634-ff6f1ada8448,4
3e708fbe-487a-3d22-8869-4a6c997fba55,4
df66db50-bed7-368f-82e6-9f52259126a9,4
85a6a4ba-0eac-3ab0-84c1-aa9cb92c323d,4
0ebd2234-fd19-3987-9c69-b32721fdf630,4
87173dc7-ff27-3568-8e17-805c5a325c27,4
57d89334-f505-317c-b2fe-9a95b3a2e853,4
2140a7fb-3be2-3406-9991-4f15b8a6ed71,4
7d7d53bf-2a03-3b36-a3e9-f6c591ff9d78,4
70c42319-7d70-3109-b39e-7a81c911e498,4
0ef64024-ee88-3ca0-ba5b-0e1b6ac37424,4
929ca6b5-e4b2-3704-951f-7ba71a13bd3b,4
cb6f40f5-2c28-3e34-aad2-6eb3934dafc1,4
6ad4dda8-4809-3cec-8ddd-ab1fa412f5ab,4
912c9385-4a12-3b3a-a360-ddc6acb1daf6,4
f75baa25-93cd-3039-b961-00cbeda7b590,4
549d0bdb-fe51-3721-b500-b28b5eacbb9d,4
6d86d738-6f7f-377b-85ea-02ac49be5f0d,4
90e6279f-2969-3ed5-ac06-f430942b303a,4
90903fcf-03d2-30db-8ddb-d991761b5472,4
5e44b10c-c4ac-3e76-9ac4-25e4cf69eac3,4
1dee0524-8710-344d-88ee-fe1ecd6a368d,4
b47fbd12-4ad2-3486-a11f-5e429b6c2344,4
3ca5a3fb-057a-3244-b395-58489b737911,4
97860a5f-4891-30b3-8891-9d0f7ceafdc9,4
3d8eba17-e6c9-3bfe-8df1-d6329903e5bd,4
772520ae-0c92-30e4-b70a-24c9a5becae8,4
cbc18a89-4aa7-3b03-97ae-2d25f02fd557,4
f8c0d23a-5c86-3f37-a5a1-bf70f97553cd,4
6d6aaee8-079a-3de5-b15f-fb5152c2b47a,4
8358ecc0-80a4-3167-a40d-7522a6aeccb9,4
57c1638d-9272-345b-bdc2-b270c8828db3,4
98a4a8cb-6c0d-39f8-acd6-6a6389b9302c,4
80a83b98-c54c-3c7b-a66a-6fc2ed159977,4
54d27ef4-3083-3a19-9e48-d02fc17537c2,4
0a3f5a02-fe4a-39a9-9ea1-202533f1283d,4
d442ea3e-d924-33b8-9190-dd135c83e04f,4
e32398b5-4f6a-34dd-be94-06caa482fbb8,4
205b1a65-1d8f-387d-9f3c-a82981e3b8e3,4
c71ed3e2-9054-3705-b8bd-1430eee8abdb,4
33bd82b5-0d50-3151-ae9a-9721890d4533,4
55854113-5bc0-330d-a977-593f35584062,4
215b8d43-ee78-38af-b659-f7f96e87e6ea,4
e1153ee6-bf11-30dd-aca1-e3d6851efdbf,4
d59e375e-d4b1-35ed-8783-cf14ad39c619,4
0a5b1149-6e3d-3746-ba2a-eece6dab2c74,4
569728a9-8819-3d1b-8dd9-23f139c11c8c,4
44fabc83-86d5-34cc-b17e-6a56e2d1c017,4
99f10f96-5983-3b78-ae02-7297c18f43ad,4
36f9b47c-d754-3b6b-acf3-4735bcece7fb,4
b83dd8f7-3c2a-3267-8a85-2ef20404d991,4
79a1fefe-2fb8-398d-8202-a6702c613e70,4
f932ddd5-29cd-3295-a7fd-420ebb0014cb,4
7028a2c0-1709-37a6-8a68-965dade04ac7,4
42250116-a2d9-3cb0-bdf8-79d3cb904d12,4
1a73a3ff-71dc-397e-a6af-52cf56a0547b,4
02587869-723e-33ac-b852-585f7ea96d60,4
4849557c-c00d-34b5-a9bb-dd583886a12b,4
f187a68b-daad-30f1-8452-9e83ccb79c67,4
b808d84c-3f36-3841-80e4-2452218f9052,4
1017dc27-8b1c-39f8-8037-b20a5ed4cbe9,4
8c4298c6-d0f0-377f-9fbb-04c45164d521,4
05fda2db-a930-35e4-bf73-a1e556a3effe,4
4956f5e9-23e2-3a98-aab0-48a3ffae300c,4
e30af147-7c2a-3ab9-a060-f417647ac9ce,4
f16374c0-edaf-317b-af26-a4f302a6a8b4,4
fec2bb27-bf7e-3b27-a404-d9610630dd38,4
9a2c4edf-7392-37bc-a13b-6079f0918906,4
c67a3da1-efcc-362d-b946-6f9150553009,4
cac11612-9074-3ed2-8bf4-57d2aeafa7b4,4
9833169d-48e8-36ee-a482-81b2c23b4118,4
75b2c102-e85c-3a95-94fa-5e131fab9c34,4
7082f929-6e87-3766-a791-5f20b09982dc,4
2976129f-b6c6-3e5e-8c74-885a1c9b7ba7,4
2361f0f1-190a-3808-b334-8dc3add0f1a8,4
e8e426e1-d865-392b-8385-c0a6d1215a5c,4
56a3129e-f102-375b-9e2f-be8a55005576,4
725eccd9-416f-3d9b-a304-2b32af56a7c4,4
62641e20-f67f-3763-b5d0-c225c564f510,4
5e897ef2-0b8b-3418-afef-c78ce02c3969,4
fee8c92f-891e-3bbc-9a74-c16c2541a321,4
ccedf15a-5061-3011-9ebe-4b29ff9d57ad,4
6a1bc67a-6ef6-3d21-a2a5-2cd23ea27228,4
20c8edc7-ad95-3a46-912d-ecb7f2d328a8,4
38335449-457a-307c-9526-027ed88366c5,4
32fc3495-40f8-3901-acd5-65e1c8f91f53,4
2a155f9a-4f81-3bcc-b7ec-39758babb156,4
34129005-2b25-38b4-a16e-53efcd9b34e3,4
9ee3f4b0-a9c4-3860-bae6-079b30654d3a,4
2dc3a419-07b6-3889-adac-77b770d1f20a,4
cb0ea524-cdf1-3fd9-981a-02880b5f6806,4
6105e026-9936-35b2-94c5-cef8b1cf7d24,4
96aeec1c-8d55-37f1-9022-7990e64947be,4
55266d95-d174-3037-adc7-23952b46de2c,4
bd2afb4a-f785-366d-a3be-72a96e9fa3ab,4
70de4013-af0e-31ad-9258-9f3197e363dd,4
4594d912-d98b-3d16-8d3a-5bdf0356a026,4
11e12e8e-2bdf-3b2c-b742-8a62cd1f80ee,4
35161d5b-35a7-3ae1-99ea-29ebb82e7260,4
0b8d1dd2-241f-3972-a596-109e25740b0f,4
cc91558e-6d5d-307d-b222-9f4d52fba8c1,4
59868afa-fe54-3cec-b51f-75b3c0324791,4
19b7578d-319e-3b1f-9c75-2b9fafee453a,4
3a285be5-eb62-3ed4-9cfc-7b823e34e8ab,4
8f21578f-e945-346c-b690-638bef7e3c6f,4
5883d1ec-556d-3a32-bc02-c612bdcd6d12,4
2a04203d-f756-3d3b-beed-bf6e943e8f0c,4
43ea29b7-fee6-31dc-b3d2-1f833e9ce8c8,4
62967910-fdff-3f28-b970-b884a545cb6b,4
9d899ff8-f35c-3e56-be50-3f73bdbb89f9,4
1a636011-ca6d-3045-9a23-0fd9aa06f659,4
f3598fde-75a7-334f-9ae3-e5b1e26d8ed8,4
d99c99ed-b69a-333a-b904-de627ca1b814,4
62bfac75-dbee-3b73-b5e2-e6199f9e717e,4
d8387d57-4a0b-3335-8c62-82b84d4bc380,4
e889516e-f98e-3853-a9f7-d93e1c261808,4
a73a9349-e92c-3830-90aa-c8af23ba4203,4
dfff7af9-570e-38e4-b89f-4ddf27467556,4
27a8cc9c-a4b2-323e-b5b1-9e844e12f015,4
1ae45980-2e57-3296-91db-df43e39e9048,4
23442e09-901b-3c05-9e47-38ae54497a28,4
2d58d19d-5593-3346-8bb4-f9bcb2dac552,4
b11b46bf-9a30-358d-950b-2dd0a868c204,4
4ad8c4c2-a063-372e-a2ca-eafdc768bbc2,4
3d27980f-cbd2-39cc-b863-c075ed345fb0,4
26a0a819-2824-3eb7-af59-ebaa4083526c,4
2c2ead7a-5454-315e-8133-1df08109d592,4
ed418950-b9eb-3bac-adac-54a3e5b64de6,4
727c8901-781f-3e40-b848-680487311059,4
1c46ef73-a48c-31b3-9bca-72887f6e7386,4
5bfe2ac5-5cc3-3102-9bd2-6d8bc63616c7,4
4abc0b2f-41ca-38e9-86ef-4f205fbc5ef4,4
e840a4b8-81be-317b-8065-868eeb10e0a7,4
646f90b0-0356-3eca-9bae-fe06ba5738e9,4
354583fc-7cac-3489-bb09-a400a88535ee,4
47c26f25-361e-3a68-a3aa-cca05987dfb7,4
44edba38-3fba-3daf-ab21-e32a28b807c9,4
7c0d9fb8-b2ae-3149-9438-7b8d6d9aae63,4
31ae1ddf-7d53-3c7c-9a5a-7ad83f454b78,4
b1c788ba-6fc1-32ce-be6e-7dbc1f257c11,4
dde059c2-dd2b-3b57-a015-e766694e0401,4
3108e62d-74c9-3d4d-b81d-7522e3eabaa9,4
2f78654d-089e-38c5-9945-a31b5373f8d6,4
71f232be-080d-35d2-803e-049fe8c9459e,4
be94dd2b-2b90-3aaf-9b9b-f32d45440994,4
07c113f4-3352-3a09-ada3-e5326d7beb3d,4
53e8c918-e2bd-3889-9e5b-674f00d6830f,4
f9ef7605-4eeb-3ca9-ad6e-e12864f74636,4
636f29af-fef5-3024-b041-91512fa1decb,4
baea287d-5b97-3b5d-adc9-12edac473571,4
28512a8a-2443-3cf9-b178-3b2aad8d467d,4
76f2dce4-dfa1-3262-8472-fbf8b6133e47,4
21a4e93c-9279-374b-91b5-8ac8876d5983,4
814d12eb-88d1-32ac-b2be-d68fb1bf7415,4
6ccf2984-edc1-3c4f-9c18-18dc51858fcf,4
fa70a3fd-3367-3748-81fc-19e935671878,4
215cf744-4bde-3479-9cf5-c50e38fbddb8,4
0a55652e-8dcd-3829-8997-6b2c2c021249,4
aa907229-8bf0-3e46-b35f-34c56987a169,4
7c7047df-83f2-3203-b580-a4811ce71a47,4
51133257-7b98-384f-8189-ddde5bf79a48,4
465a36de-c41c-3f34-b2b6-481c224b4a94,4
3d5e7f49-ac7a-3a39-bed7-1a5119da4f9d,4
2840ac5a-f0f2-3400-8c21-803d4be90c69,4
17a1cf9f-7c42-3c40-97c2-997ea8f24c3c,4
7dc77207-cdf6-3992-9aaf-8d434195f372,4
6a779087-3d12-36bf-b6f6-a9510d3e7c6a,4
c1d45c8d-645f-364e-827c-8288ed071f5d,4
4d75223c-a290-335b-a67c-263baac95a90,4
773c6d06-f828-3cdd-afe2-1733f1e7e857,4
d61952c0-b6d3-34dd-9ee3-02c4dafe4e2b,4
8ef20b71-36fa-31fe-9058-68978f8f59b2,4
6e46c605-db53-348e-8148-0c4eb67bc947,4
77b16a87-22e0-3fda-a18e-bf57a068f22c,4
b1f89f20-df5e-3c67-a823-1cb36534cc4a,4
ab61ed05-0df3-3101-a56b-1c7335d932ba,4
75ff7cba-1db3-3850-a1a3-abd4733af855,4
bf2bcf85-f002-35f2-b5d3-b268b5303005,4
8b8ad40f-f1ee-3367-a3ee-a88c1a46fe10,4
4a0b04b1-754c-3540-bc46-6089db038d1b,4
f744e899-a2b2-3153-810c-aa093b39db4b,4
c04edfb0-f46e-38ff-ab9d-4ef0a0bf55fa,4
5ea66c05-e30e-3cdb-9d3c-f477aa16fae1,4
22d25cf0-d8d6-37d6-b59b-aca9f185a592,4
6b70e639-e1ac-3a65-9b96-4ce1926c3490,4
ae9cd07a-ddaa-3e4d-8737-dc64aaa59184,4
a6a01073-f4fc-34c3-95b0-8ba5bf54e37d,4
74c73fc8-a9bd-3efd-bcd9-7b6dbc6c1482,4
c9c389e7-0a07-3124-a904-c47206a5da7c,4
5ec9159a-5785-370d-a744-cd0afdd250d2,4
197a8da0-a53c-3ffb-93fb-08f5b913578e,4
0eb1e95d-5fcf-33cf-8657-865e0b686109,4
4672efad-9f41-3b68-8c3b-65c37c273124,4
9332bdad-7426-37c4-acaa-93fcf2ed1387,4
f5d9100a-cd61-3a23-9cc3-5a3202b93a8a,4
378b64eb-7c69-3811-9d00-81a895adb30e,4
001eb844-8779-34db-ba0c-8909e66ae137,4
611768df-8a98-3fda-90ed-88f491a50687,4
de886ec5-ce39-3fc0-8f35-2be55fcdf2b8,4
3357a31c-1d75-360b-8238-76845d03de70,4
013f47f3-ece6-3acd-abb6-35c753f5f3c7,4
fd7b2fdc-b302-3aba-af7b-52a60c972a08,4
4a3bf8c4-19fd-3309-a706-69a8e91ee5c9,4
18aaa4a6-0582-39c3-8f70-1de807ce5759,4
4bf6ae48-875c-36f6-9f3c-6e447d27280b,4
5168f074-171d-3359-9fa8-52f844ca555f,4
c7787bf4-ff96-3503-b904-87b956a1a07b,4
4d7fee9d-132e-3db9-928b-4600ddf40491,4
f84d9739-0ee8-30fa-b222-1d512ff8cec4,4
7d8df87f-950c-3c2e-80ea-fb8e4a552971,4
34aca826-1ae5-344c-9686-a2c817285dfa,4
5b9b0099-44f4-3f71-a0cf-ced0b71374e3,4
64c277f2-bc74-395b-8f4a-da94cdca2094,4
4bc1b10f-6799-38c9-bb69-509256e8260b,4
b5116ca9-16a4-3a4c-8af8-0444e290ebad,4
f396609f-e5ea-3bb3-9e3b-9d0542b2292c,4
0e169909-23ab-3b70-a604-e4d786a6cc24,4
bdf115ff-bc4d-33bf-a437-b9f1aa8195f3,4
0d85fc84-a009-354c-884b-63ffb25f26e0,4
6bd8fef2-26ae-3805-b3d9-83831517675e,4
8cf058ac-1c39-3dfa-b35f-c4057cdeda35,4
9a9875a1-036e-3845-9fad-a0acf797f92b,4
9545d5b4-e028-35d2-bef3-74ff4efe000f,4
e10cb7b5-efc5-3f24-9d81-d20adec06707,4
df5dba42-7a89-37b0-a1e9-e1bd22bbd933,4
66552a43-6f62-3c66-83c0-237a93c333d5,4
e65d47a9-1513-3694-bfde-ae5edfaa6d92,4
7a83b4df-2f5a-35cc-b675-ec324b303670,4
b3ae26ad-001e-3be8-9767-ec3b5db0fdf4,4
08c30c5d-38ea-32e7-9cc4-6a67b496d7b5,4
06df9aa1-e01f-3519-98ef-f94557fa46ec,4
21ac237c-5e10-36da-8fae-21fc47c8676e,4
8cbddf06-f574-3bd4-9df6-5b445051d35b,4
58bf7c07-354f-35b0-922d-fe77f463ddcb,4
f904a483-91f3-3c00-a8c7-53c465f4d820,4
92ee20df-0739-382d-96f7-760ac6973f8f,4
8f8136a5-0714-3919-9d49-1ffdc7220585,4
937bef80-0459-3eb2-8e0e-dfe18f88f5d9,4
b21314c1-2180-3d64-bfd3-62cc6b4483f1,4
4d27b18c-3e4c-35ca-9048-30a1ec902d6e,4
ab2249bb-3895-3c1f-972f-41dbc6a9c25d,4
0f155616-fccc-3456-aa12-0c6c74d6a874,4
05bf5cc3-a3b1-3204-8eb9-d2b702aa05d6,4
ac82c571-7bc1-3497-b477-7bec6c482955,4
521cb7f7-dc03-3556-b783-efd2c7cf9dc4,4
e762d0ec-f3c6-3a10-bc37-128d846cf78e,4
cbcedcaa-423e-3f6f-b0a6-768d7cac18d7,4
641e81bd-ee1b-3222-929a-0f402b940bc6,4
aeffabed-d50e-3bc6-b9c9-037d91ad7630,4
a8f6a747-362e-3a33-a91a-f7eb88d4dd84,4
9cfe89fe-4408-3da7-9a09-36dc40d33fd3,4
b8ef1ba3-c7c5-3e0b-8f78-8f9f55cfcfd8,4
15354e46-c506-374c-8c7e-4af85700abc9,4
3be98fda-8a2c-33bd-b7c9-8776365c055c,4
4fd0c537-ee88-3f46-8544-6aac653a7027,4
0ef03734-61c4-3641-b7cb-bc08a895709a,4
1910ed72-15ed-3891-8818-44689fcf9ed1,4
f1171455-4cd4-36c7-a805-1729cebb0859,4
b23cdf59-e587-3483-ae72-a6203e4e0a56,4
dc719c91-a17a-39c4-87cc-6b7d62d78b1f,4
60c6488f-9a56-3237-83da-638d50547ecb,4
4c30320c-9712-3cd4-a287-c1592b1f5e64,4
c8a5f8a0-b178-36b6-aad1-28acb964c2e2,4
03fc3e5c-b9ca-3c00-a5a3-56e0fca1f04b,4
011354d5-1b0a-3661-8529-974625f7ea4e,4
f2becaba-71cf-3616-823a-d10b014d3b37,4
87d4ccc0-6d96-377f-a8a0-66ad5fe4aef7,4
cd4aa750-6bfb-3894-96cb-8e9532d8bb85,4
6c461698-9125-3538-9493-03bb82ef4a18,4
2e3095e4-0d62-32d2-8ee4-185b1211f1fd,4
783a0f6c-8d6c-35b6-b237-104134de361b,4
e1a7031f-f763-34b1-9ba9-9cad473a9a99,4
53b06764-a6b2-38ea-925d-d4d6c7872edc,4
d82eb1b4-1676-3068-872a-01f0172dba39,4
ba0a308b-0735-3ae7-9fe1-29d11659b592,4
defe7038-d9d0-3ca5-8e85-904bac6df96c,4
8b233868-36f3-334b-9998-69e38bec137f,4
7cfda5d2-f70d-3df7-9b75-c8b91da4c73e,4
b3ac47af-6e0e-365e-8168-e45670ebd777,4
cfb82a10-3b43-3e75-8fc5-8e6c8d4059b1,4
e737b05c-7dbd-368a-9834-c7417356243a,4
dcdb71ee-a1e4-3967-9923-391ea2f37734,4
2a162c9f-7f68-341f-9612-63cc251e2530,4
f739c103-f488-31b2-b38a-4999e6ed4966,4
7fed3ecc-aff7-3103-9103-d984283ed8ad,4
7327fa54-26a1-3d68-b624-b16635dd2b68,4
fd8bcf1c-2daa-35e9-b599-6ed0ecba18c7,4
98d2bee0-38e9-3acb-83f1-0f2538436fd7,4
6cf66dab-4ba2-3038-be26-d04aa44b629f,4
c16da353-09b8-32f9-9626-3167dedb1f8e,4
7336f22c-ebfe-38cd-80fa-9fa8df2548d7,4
d147c4a7-5d08-3aa6-9c48-3d1edd6671a4,4
ebe28699-932e-3497-a679-15205720a50b,4
3a0bd505-778a-30f5-8a5a-bc7d44975812,4
a65376cc-e1d7-3b1b-ba7e-ab234bb0595d,4
416c9fa5-016e-3d9f-b37e-19f4f907b245,4
68447dc8-83fc-3c55-acd3-54e41685cafd,4
1bf222d6-4110-3ec4-b1de-49e3dbe9d17e,4
d481f2d0-059d-3fda-b74d-709ef71c62d7,4
2d20a417-46ca-3059-bac0-b85f898e180b,4
5fc7f68e-0fb0-36d2-8589-d237ee42487b,4
1e0ba49f-78ea-345a-a71d-e25cad401d9e,4
00cedbde-ef2c-3bfc-a8fd-da3b22a69548,4
8d0cfca9-b66f-3117-accf-d36c5dbbf5c5,4
956e886f-40d3-31a7-a43b-3cbd0f2d4caf,4
736eb197-f001-3293-81b3-94c51b94c00f,4
fb2c55a9-50a2-3564-a00e-79787644137c,4
c086d410-c1d6-3549-a415-00ac01785abc,4
1a7e9b7a-6b2f-3498-9045-8aec505aac86,4
05c68a28-ea32-3f34-a504-94a013d89225,4
5bf7e6f4-2f7c-341e-a8df-f286b9148403,4
28988d1d-2371-37ef-aa1b-f7691335fe79,4
23b965db-5a2a-3210-9aee-921d7c9ad0a5,4
a24989e2-a368-3390-ac5b-1882f72747e4,4
20fd4beb-dbe8-3125-ae96-58b3aacc28ae,4
10ef2960-275f-31d0-8b22-f715a61f826b,4
22470501-296e-343c-90ae-64dbdc4df1f3,4
7e4939b8-0172-36ae-b187-930e6eed3800,4
4fa08770-c95e-3b1f-8070-8529e4bbc106,4
f1d1fb78-4af1-305a-9a47-a1d7e29ac6bb,4
6ae7e7b2-2011-34f1-b601-c8c7454121b7,4
ba1ff819-a5af-3b1b-96d9-61a45bcb4ed5,4
f361a6a8-5114-3ff5-b251-4e99e28f7494,4
8bd1ea8a-c8c2-3ba3-bf1a-ebd34d6ea2d9,4
3f7eccc8-7280-39d9-a4eb-2b412db85854,4
80adf2d2-dd3c-3069-acb1-523350dda92e,4
747e603a-d392-3500-9c80-e1c8fb07d232,4
45583149-04f7-3cb4-ad38-678e438934fa,4
27e1c484-71af-36ae-9565-2cb80cce4009,4
fc35a19e-0946-3805-9acd-7052aa13131c,4
d096c3e0-4a46-3285-9134-97841aa0dab9,4
a205c8a2-7f97-3012-92a9-58faf813d3b9,4
d66d87d1-d436-3a76-8910-cc003d74e379,4
da5d8baa-09cd-38d8-8a71-6751eec4d9da,4
7b8c0b67-16d8-36b3-a428-36edeec84ff7,4
b60185bf-3dab-3c35-a860-8e115639afbb,4
ba285bb6-c58f-3a23-a7da-2715a01540ef,4
47b0a006-d013-3e76-beef-75b711bdfb9f,4
25820c58-af17-3a0a-ac73-11c883afacde,4
c244efde-4798-3f05-bd6c-5abaf786004c,4
8b3773be-8ee2-3d65-951e-4106b799d5ff,4
503ef3f4-ad06-3974-bee1-7a08281bb6aa,4
5e21e687-8d1c-313a-8220-a9fcadfa6677,4
e202bb25-fddc-3169-aac1-7ceb84f73dad,4
b9104be4-fc1d-3a1a-9996-33c0921c61a5,4
f8d3007d-25bd-3ca2-a8dd-e4fcfd1aecec,4
3038a477-5078-3ae7-b2bb-823046a2ffa2,4
9dd5341e-4d33-34df-bffa-dc7aca500b84,4
5ddf48fc-91ad-30a4-8a85-004c5e2ffe32,4
f228faa3-fd84-36c2-a6e0-c5fd4f9c79e0,4
5b174ffc-ed80-3750-b5b4-de910eb64c73,4
05de413f-ba76-36eb-bda3-f7a4b9b5e5c5,4
1d3b476a-93e6-379d-a6f1-aad6f50e7975,4
cad5ee4a-76fa-3ce4-bc92-f385781f9557,4
69639280-0011-3f94-81cb-cb80b5cc4e9a,4
00095491-98db-395d-a1da-6a85a81954af,4
718cab17-14e5-3ce1-9af8-840d88d29b60,4
55c1edee-665d-3f33-8e7e-e79c4b3e526b,4
e550f839-c093-3617-a110-e5e9de8f15d4,4
32a099b6-99fa-396b-9aa6-a39877cc3034,4
6bbd7288-e759-329a-bc24-1f3f276071a2,4
1cc90c03-da37-34f3-9499-1b8a6a210b95,4
929016a0-f1fe-3563-91a4-aba49080b97f,4
810b9e9a-48cb-3f4b-bf7b-bd7360b1dcb8,4
af6903af-36ea-3053-82b0-eb552f364c04,4
f2c2c3a6-4ae9-38e1-b36b-1a85cc7dc00b,4
578fc3ae-0be4-330a-a598-a1ab4a56be8e,4
3ca7b656-4799-37b6-94ba-c41eac0831cb,4
ae9cec63-01bd-3b62-933a-6913a8ee77cd,4
11d1472b-d409-336a-bfc7-506a4b2739c8,4
77643d54-c15e-3738-9a3a-d2a6817342a1,4
2c9952e1-c87c-35aa-bb3f-e512896a7415,4
722715cf-b618-37be-803b-cb46376ca979,4
ad1daf6d-835a-3ec4-ba9d-6781e2a4758d,4
7a2e844f-875f-39bc-99e3-01858218b02e,4
e7c0807e-7aa2-3a8d-acc2-ed71d53fa038,4
764e03c2-30ff-3b8f-a2c6-01895027357e,4
98b3cee1-2041-328c-a4cf-61d23af2bd66,4
70317fed-c381-3bdd-b91f-4ccf37d7eeda,4
a011c814-13df-3dd5-837a-5d80d17629ce,4
89626793-b87c-3b84-b72f-6299751414f0,4
90ed66c7-1bfe-372d-b9b5-bf27b1619b52,4
e764f7f2-48fb-3d70-86ee-e6fbc2ee6494,4
702ad708-f795-3dc1-9767-1f8df321cfe9,4
219f6550-8bfb-34a1-8daa-9ade0f794752,4
aca7a97c-c7da-3840-92b3-362e250c0e0d,4
dab9e29b-bd72-34be-a4b9-f565f72f4c05,4
5ce08f3c-5326-3f9c-afd0-dfb4c94f11a9,4
4caf1596-c169-33a7-8b91-6e2b9a43a236,4
b02f82d1-96ad-3b30-96d0-ba1b6c55a673,4
c2c38165-623a-39ed-a982-d3b86467c086,4
7ce80f04-a66a-335e-8692-b421f9c50bdd,4
2154985e-4b85-322a-a909-73b5c0759f64,4
2a954c57-378e-34eb-8e72-2d631a3c3988,4
55e035a3-cbea-302c-aabe-68ce263798fb,4
4b013781-345f-395d-8ace-58375fb932cd,4
1cbf95b4-c261-3e93-aac7-604b471bc5d5,4
32658a14-ebaf-3453-90d1-7203d09baf37,4
3eaba15c-64e8-3e2e-856f-d54e712c417e,4
c1e90097-a8d0-359e-8a05-5c75208e4209,4
2ae6f4f4-89d9-3a17-8598-2b34a03f0c2c,4
62bb5ae0-6411-3209-bc9b-030e7118ca84,4
17478804-6b7f-3717-b05e-454786357389,4
a8b046f3-f4c1-3b68-96e0-4f87be95fcfe,4
f5743f31-01ba-3e29-8e31-949d7a646ab7,4
1eaeaf84-7dcc-367c-b305-79d2f785258c,4
be8e8b81-7576-3e6b-99c2-553d17589333,4
604f1c07-bb70-3f2b-a7ca-0af713a8a341,4
e07e9794-ffc4-3b61-aa94-5c409c8b8835,4
a4d22bdf-0f48-3a53-a151-3ddf0828a884,4
95d64df1-e21c-3479-934f-4a8cce15304d,4
52eae6ee-42ee-3111-b167-9c78076f15fa,4
9f9c3a6b-15e7-3fac-8ac0-64d745b3fa4c,4
4454fdbc-6072-349d-b823-a47ab9a4c36b,4
846f5671-9837-38e8-ac1f-4f5839ea00d1,4
74e4732f-c8a8-3562-aaa0-e8cabf68211e,4
32848070-8e72-36a6-a546-a10a614b25ce,4
b53e896e-837c-32f1-b0a5-894611b47f6e,4
b7712e90-8048-32ec-8a26-a0dddbf56b77,4
a9b5e8b1-915c-35a0-93af-49d8673bae05,4
e5447df1-3c47-3032-94c3-abe694bce1e5,4
19ffa17f-71b8-38cd-989b-41d2cd7f87e7,4
7feb1af3-f8ae-3882-b4ab-90e4540b2bc3,4
f5a58e85-b2b3-3071-9f9d-7688bc732b3b,4
81660572-69fc-385d-96dd-c14f191ebc95,4
cae3bb0c-b032-3b00-9ee6-3fec46e3a6c6,4
3f8a7dc5-a4d9-3223-b280-aae3a8301d1b,4
b341ce2a-9695-3683-b0b2-cb4763a127f7,4
49df80a1-72e5-3f0d-8709-f41bf44b6c23,4
6ff8cbfc-e76d-39e2-b7fc-ac58bd15e76a,4
14a760c5-0c1c-34c8-bcd2-d60ec741f1fd,4
ab874de0-f1b1-3fa7-acc6-4fcf424983d3,4
3a6e3c3e-3240-3e49-a437-d6240f97f0be,4
8dc834f3-c3a7-3e87-b8a3-ce3a4d6ad6d2,4
5055eb9a-14d1-3ec9-9de2-2cf0070c132e,4
e9e37f3a-0788-30fc-874b-a172eb6b32a1,4
13ebfafd-1279-3f93-80d2-17f7ffef6936,4
994ebb37-4f8b-3ced-9247-294f0f0007e7,4
7be918dd-a202-3c47-9e6f-9a27fd1a7dbb,4
6f3d566e-97c7-37f8-9c87-b588b8526760,4
2c45e2ff-67eb-33e7-974d-1aa1478c8c70,4
ae823a8a-16fb-3f55-bad9-ccb466ed5059,4
d86f1e04-317e-368e-9529-dde49d3df800,4
5cf45c55-c6cf-3217-a4f2-c1a1fc9e2a22,4
bc1705e7-238c-3380-aa23-d6bd39ee6dec,4
8b43f321-1a62-3f14-a192-2488abb0525c,4
8e6278f2-4b46-3f5d-b2e6-1f995a5b752c,4
549f0931-a567-36c2-afe9-a7ec6d79b6f4,4
027235fd-5900-3144-b049-9ee017b85557,4
51d06626-aec1-3f33-ac25-9d98f240ab4a,4
d534c4f7-a016-3897-9a8a-a143c5363be3,4
f81f149d-849e-368f-ba76-4f27b0ccf309,4
1ed3aadd-60d8-3fcf-a0f1-814dc98e1870,4
81d8cbba-dac1-3fa0-8c14-1d83af609af2,4
0b098f4b-97a5-3445-8e8c-3c8b806def46,4
aa9dca13-6891-3f49-aa6a-53d90de0d6d5,4
b0e97abb-852f-3b00-a31b-bdeb4ee69869,4
0804990f-cba6-3264-bc17-f8cd0ca344bb,4
59ce4aed-7b3d-3f89-8215-d4265ba65038,4
44bfc05c-1824-38ba-9217-4268d005b632,4
435c7fd3-be6d-35cd-ab59-4cab7373a9f1,4
ece6f57e-5473-3940-883e-a8e6cbcb5171,4
a88e9a1e-f16a-345d-848c-151821a0fea0,4
915e59ac-249f-366e-a667-0e3b0ba359db,4
f2324642-f010-32dc-aab1-a20c90f12692,4
5b3033d3-255f-30a3-800d-db502ff6d95f,4
37bb59b4-7f62-3063-a955-fe64767df31f,4
d36d7954-51e2-334b-ae57-c103e6ebce57,4
73fdeafe-d655-35e0-981c-49ebf6293f48,4
4ac616c0-6520-37b5-8cf6-06d54c82f0ce,4
91a6feae-5fda-3e1b-b7dd-b7fb994974c7,4
3214ffa2-d0da-361f-9bf0-d684e0dc2cfc,4
6846e1f1-9104-3f74-986a-cc9cd7234b3c,4
e444534f-fcce-3341-a421-791d962af1d3,4
849d709e-b590-3c95-a263-01be2e1f4c1b,4
c667e393-2235-3308-af56-80cbaa557f95,4
e25c04ad-ce4a-3353-b424-b3f5fbf8ace5,4
1ab83d3b-d915-3ba6-a427-25521ec80eb8,4
3e62b751-b67d-34c8-945a-7b210d946794,4
ead40cec-b667-368a-88ed-37a79baa4767,4
3238880f-3c79-397e-ba64-0263596bce47,4
4a536956-402a-3b7f-9ed4-11998ee540e5,4
4eb31f2c-b43a-303b-b60b-d1ff6d8d71e1,4
4d9c6443-4117-3831-b016-2cbc3c897e47,4
04c747c8-bbd6-3140-b0ad-dd836877d14e,4
25c43ce1-5a22-3886-9b50-af7806c60cdf,4
c999f75e-f30a-3153-ae75-0da195ef0b34,4
e5e6ff9e-3106-3a84-926e-6193a5aebaa5,4
2f85649d-0c5d-3d81-b72f-1807afc3d00a,4
36cebdab-78ce-3e75-bd46-e29385559ff6,4
8c839284-c161-37c9-85ed-613eabdbde54,4
5b4b2139-1a12-3c9b-8945-52aaa434dfad,4
47028a62-7ba0-3650-921f-5eafd4b5e8ab,4
da0dc77d-37e5-3f64-aa9c-45d4b61efd26,4
d0429410-c806-3969-b566-9f5f9c8c4ffd,4
9a32d0eb-6b63-3062-8fec-bb01d7eef3fe,4
6bb41228-d6ff-3d88-afe5-be0dc9e097e2,4
41e32ecd-a4a6-3b04-a289-e52a34d9c9c0,4
6ca985aa-9b97-3cc2-b5ba-e96b872098a1,4
c013f284-ea0c-37d4-8255-292db4959d43,4
02365e92-4f88-36a2-98ae-f6a022e2be49,4
b052f71d-38a4-38e9-8ae0-c8c079fecf3f,4
97591749-f5e3-35f8-a4cc-bf102f88cdac,4
5d6b1f3b-2fb1-3076-a236-ebbf5c6c8f56,4
b83e498a-4bce-3820-8966-7d666f816a87,4
2a4624f5-3351-344a-844a-5ccac56c8ed5,4
41b8e8a4-f04a-3510-86e3-065b63e752e5,4
1fab8efc-581b-317c-8d73-a5d25c35ffca,4
0b15630e-4eff-35cd-8110-68d4b30dd740,4
4ec9264e-8602-3244-9ea8-13ed57d4bf3d,4
cd47515d-46f4-324a-8e98-6ba35d28af4e,4
dd6f03fc-07b4-3923-96b4-441d9ec0a900,4
89544abe-2359-3ddf-a713-7825289072db,4
6db066fb-4d48-3ad0-b0e7-3146226c3f8f,4
196ac9c5-9129-35a8-95a6-f2838c143f63,4
27b0c470-d5ed-3322-b86d-bdb4a197b20c,4
b7adbf53-8188-3adf-ae59-7b7bb7f46e68,4
5bf0ca76-b2a1-3487-b6e5-6426e122de9f,4
b1738b5d-eefe-3825-812c-8a149387cbc1,4
e8da7b61-dbb5-3584-b110-3e1b5343892d,4
d191a33a-c059-3993-9b6e-a817a96a6da0,4
bea992d6-2ffa-39bd-8171-eba3fd9208cb,4
e43e4ecb-4cec-3107-b060-352e2ed7b1fc,4
4cfcf724-ea9e-3779-8dfa-0983a2cb5dc1,4
3f681416-46e5-367e-a452-1e153faffcbd,4
a07a3c1b-10f9-3eea-8ac5-b0900ec8a801,4
3bc156cd-6323-37e2-9356-67644189f35b,4
4aa94b4d-58c2-3c92-9676-c8bfd6c2f4e1,4
d2a919fe-6891-3fa9-9da6-269c392aadfa,4
43e9175b-514f-3b3a-97fa-523e9e330bc3,4
93c17f23-36a9-39e4-af04-cdd6c6245efd,4
f5f38548-dcd8-3faa-b971-35e3ed450fe6,4
69ca601f-8485-3a85-950f-0880d6cba5d9,4
7eed4b59-8efe-3ee9-89e8-2eca3a421593,4
dac257f2-2301-342c-b72b-96c2d696befb,4
415b3897-95fc-3238-8393-87f6c1eeaf60,4
b9020b41-06d8-3ffe-8b9d-58a59a2ac5a5,4
181eb616-ccf1-30a5-9f14-2b1b7f021298,4
c190d47d-703a-3e9c-92ad-1a76c41bf880,4
6dd02eab-d986-3c55-87de-7ed269ecd1c9,4
340083e3-23ab-3821-9cc8-7e707670eb0a,4
c10d4888-0156-3f03-9b9b-7f90281e56d3,4
d141a254-5526-34de-95bc-58d0687af25b,4
38185e4a-7b8d-36b3-b763-e5061cbf4f4e,4
4e8433af-b7cd-3677-b559-8d58b7714fd8,4
0c01727a-ad3a-3324-8790-4b6696087dc1,4
7ac2702a-334f-3097-b952-af89741072d1,4
380cda84-fd59-3e57-b9c2-a95a1d40f648,4
bca6d413-991d-31a6-96d6-a936318da674,4
9f8a7239-790c-36cf-851f-54f0ffc6dfdb,4
3929c4aa-fb97-38ba-9316-23ba2a1914f2,4
ab8b0f8e-ae45-3b8f-991a-d8b495025b81,4
dbc77700-bfe8-3dad-9da6-b4418685d566,4
02752288-f4e3-3c6a-b426-4e230cfc044b,4
c52fa016-21ef-3830-a72e-791b7c631d34,4
236f01ab-5611-3708-99d5-0da6a6518b52,4
31aa426b-6aa5-3f6b-b8bc-52b4b1b76b16,4
3d8aace2-a738-3f6c-a701-06c64f660825,4
9cbb986c-858e-3240-9aee-44347bf19c56,4
0ad2f793-4106-398c-ad2f-ed239cac2e69,4
9e6ea90f-a013-3949-bd02-2c1e1b79d574,4
2ea5a3ed-5fcb-3702-9298-5915837e345b,4
30ee995a-ae0c-3c5d-a62a-6d6ad36e4e5f,4
250e852b-a56b-3998-b490-ac7378cc42da,4
01a0a1ab-4755-33cb-95ea-f68f4f24923b,4
32b41648-8721-364b-827a-08c063698c03,4
b63832d3-d708-3ea2-a1f5-7c361ff90ca1,4
0c267458-c142-3ac7-ba52-486897857985,4
1dbe825b-9229-3cc3-b250-49e1f8b9637c,4
1e5049f6-6014-3bb1-a7f8-7f05b48a6c1f,4
b91bbffa-4913-384c-9c22-68073f15a93d,4
9f3b48bd-5393-385a-bc22-f120a6520155,4
7caeb9a1-e0d7-3a7f-aa90-ace9c8ef5dd7,4
6b9f6cf7-e707-325a-b80e-1b0b09b15579,4
81f8439e-7f1b-388d-aeb5-2291475b0ef2,4
03df2718-1eac-3075-bc3e-7e555fdcf845,4
f7232f14-7a9f-3aef-a1e1-875fca73a2c7,4
a806ce66-7415-39f5-9150-4b13c8748eaa,4
f62961bf-7818-386a-aaf5-54d3e05891c2,4
b0933d3d-a710-3995-97fc-5300ec344b60,4
7b373b4a-826b-3fbd-89ed-4989d734ac5e,4
d4205df7-fded-3a19-8945-6feb995e8286,4
5dd9e6b7-0535-3d25-ac23-da3bc2c334c5,4
1fcdb872-1c4d-3d63-9739-61b227ee443b,4
5a133b2b-0df0-31c6-b20f-8fdd3fa1d794,4
be952e80-23aa-354a-8c59-477b2614faa9,4
c103b929-59a6-3b64-a4ff-7bc8793c434e,4
c7b8637b-d7d5-3ee9-bff3-1f1dbab34d8e,4
e47ee8cd-a52e-3f72-b63a-26d8452cbbc0,4
2f50cd17-5fbf-3a27-bb11-4c3d4a416fcf,4
3cd0f193-a4ae-3a17-a372-c7fa03d42be3,4
70260be1-61ac-3c74-bc44-b509466835a2,4
8b307518-1f89-3251-a61a-ef3809eec85f,4
a31d6715-149f-33e6-9071-c44a1234ec23,4
85ecbd27-b92a-33c2-995a-08c2778392b6,4
a4a9952f-0f7d-30ec-9b73-2e38cb5c6d3d,4
61c3b9d6-8812-3560-b55c-210ac2f1fd1a,4
40c18965-ae2a-3550-bf23-58a00a322085,4
b28bf801-6abb-3399-a6d6-dd7592cba63d,4
211c07f3-b5e3-3f94-9a16-650f47cfd4b1,4
f325e4b3-832e-3ae9-b176-4b6a1b9bd5a2,4
9f6de827-a5d0-3e33-a703-94c5471b7fca,4
b308d107-7662-3e72-b010-e6e5ddd95c73,4
d4045923-9f99-3e75-ae5d-e50e81e2699b,4
a0b67f2a-1cb9-3dbe-aa32-99a5595e4d08,4
e35a28b7-4ade-3405-ab7a-6dd857fb0e3c,4
9e1c3197-6a3f-3acd-b3e1-506ce9b223f8,4
bd63af1b-b9b7-32b7-900e-5089e43b4fe8,4
b0d2364a-0540-3c62-9f4d-d9ef7554325c,4
e0c1b980-70b4-3522-ba88-a02664381671,4
5b60e298-5c20-3124-853c-01fab39ac5b7,4
665b8c2e-f87c-3e3e-b681-b807d57b5278,4
0b0d0007-c360-307e-807b-0df3b399bb62,4
ad26b714-3774-3065-82f0-5cea9d9e5773,4
6fdba011-08a5-338b-9fe4-8b610b689b24,4
bea64a49-1009-3565-9ffd-e21e7c9023e3,4
b966f639-baa1-3292-b451-98d67fb5a19b,4
0daa6f96-12ab-31a3-bf1c-0f559bbfad2b,4
5b1459a2-2baa-3e0b-9b26-2c2dad735482,4
628c0514-a89b-3054-9fb0-f8cb6e9a82f8,4
8b43baa7-8c44-30fe-a87d-66ea2a70ec37,4
4f0bf117-2ed0-32b9-be24-de8094373203,4
4d577a7b-542d-3c0d-a5fa-593167198d90,4
77dd81f9-ae67-3ba6-9416-e3a142c27946,4
a8c41257-13dd-3e1a-823b-6dd0ebf5e444,4
31ae1379-568d-3541-b2f4-d0dd6b40993b,4
00b175fc-f74e-3cc4-86e4-b04c2f08a657,4
2042ce07-9390-3455-aae1-e3a571832e7a,4
4ea18b59-5c71-3cca-a343-ec30f2f10866,4
0f8ae7e3-4efb-34ce-984b-8c9424a24812,4
058bea5c-beb5-3dbd-bbdb-a496edcc7faf,4
59639361-1eb3-3f82-8821-269335368bac,4
857f2ba5-104c-3cea-97aa-37ab43c04ea2,4
4cd471a0-8b1a-362f-9dd6-2b94fc2544d6,4
7bbcc921-39d8-3d60-8326-c6f755824ba1,4
24a94f36-dc8c-366e-84e0-5a370d44954f,4
1c891e4a-dc69-3374-b0f6-4895e9a75832,4
e2ee883d-538a-302e-893d-ae78a95936da,4
11c63f41-8fcb-3d01-9e3e-8259c9b8196e,4
8fd6373a-277d-3b01-a780-40fe9a9987dd,4
4fc586e0-5af5-343b-b8e2-c95c466907fa,4
9d8ecef3-1d81-3f73-bc29-bd89e93f4d27,4
3e43b103-01ed-3656-91e5-2fb64818eec2,4
20948638-2d25-3cf6-978a-09a00551653b,4
114a7181-393e-3acb-a29f-c2e14b4ffcdc,4
04e976e1-fc2c-3449-a824-d0f7c50ebe74,4
38fa3d88-e8c9-3c72-98d2-3c483edcedea,4
b10511d0-605c-3a8d-b3c4-b6cc24387d52,4
ea9afb47-9975-39dd-a1d3-6a8ca71baefd,4
d51e06d9-73a8-3445-ad60-c7cf307b6caf,4
f3f5b8bd-e668-383c-8dbe-a5ef85e9e811,4
01e75fea-6bf6-31be-b005-2cdef231d044,4
4735ab4e-4309-3989-879b-824b0e7f0b0a,4
8e74ce96-7998-308f-8337-cd577fd70995,4
ba38def8-39a7-3571-aac1-6705087e36d2,4
fdde2e08-996d-35c5-8934-d15edb434942,4
6641cd7b-cf16-3102-9183-8b5eb799b4c1,4
2d0a4b7c-21d7-327b-9356-c2971480d7df,4
c9a8162a-2577-395b-8e51-647fae1cb604,4
424deae2-1498-34b7-ad13-161c265c304c,4
8ef67a43-939b-363c-af1c-68867c668516,4
5e3a7560-1c03-3fa4-8c2e-45ca7add6fc1,4
1c7c17a1-9c99-3ced-a3ea-4528f9c5ecee,4
c4ab4d9e-4fd2-3df2-938f-46b1254565bb,4
dcf417ac-65b4-382b-897a-97cc4c858b03,4
e01a5708-2afd-3040-9c47-7f4cd9a22482,4
ed2bf698-ff7c-3f61-b7e6-a0ff6fcaf04e,4
7e60c501-0220-3233-b83c-b8a402ab8373,4
4bf7fad0-4164-3d4d-8335-635351fdf996,4
7445fb36-429a-334a-a985-649a4e747844,4
ee1e1982-5930-3da3-8fa1-d1e7b3719b4b,4
b3582cbe-e720-3306-8fb9-77702219afae,4
be2db1cc-36c0-3b73-96a7-c05a3f4d23ca,4
41af393e-627d-33f0-a147-c866842c8387,4
b5ca0076-17ab-31ef-b370-2b2e0515c5a0,4
e224672e-f6eb-3c27-97e1-5dfc36304525,4
e9e20944-ab45-3c81-abed-7a25bee11330,4
22b06b65-165d-3edf-aeb2-cd3ef22589f7,4
fec805a7-b534-341f-acce-b228cf3b244d,4
afffc2da-71c0-3847-ac51-7cbd0cb8dc07,4
8c8839cb-92d5-33e4-9e25-9259083f0f0b,4
ce24c7e3-cebe-34e0-8b25-e44d70ba32cc,4
0d981098-2789-3168-ac7b-8d62b40fb647,4
c12cb5c1-1265-3230-97ce-9139a52850d8,4
02402b36-b037-31ae-9bd9-6d208bfdd00a,4
fe6aff51-030c-3850-a956-4df0f47fb2aa,4
3267b9e5-2f66-37bf-ae5d-830c31c7872e,4
5bcd6f77-a6b4-3dc8-926a-23a945c0d6ec,4
d8fcbd6e-a5e0-36c4-8aa1-d15cb5ffe5b1,4
2b7794db-584e-3949-ba46-57ef82e758c0,4
989ec2ee-44f0-3cdf-bd13-b53520dac0e0,4
744bee08-c306-3dc3-9f58-2b20674e5bba,4
8474f818-4285-3c46-a782-63579caef12d,4
e0e2bc30-5cb4-3501-bdbe-8236f170be23,4
5026acee-4e46-318b-8e9e-dd46415d85b9,4
2ec247f7-b0c5-3d3b-9dd9-0dd72e9bc8a8,4
31db7d42-acce-3184-8b11-14a02c887aeb,4
53cc7f1c-2093-38b8-94ed-7b85220abebd,4
a3510c1a-ee71-3521-ab0a-a2f98cd82171,4
f32a4a3c-f398-3f52-83ce-eea720b7e721,4
6b73590d-ffe1-386a-a38a-e8eb184191ba,4
ff6fdeed-c7aa-3fa4-87f0-79ae679bc1e4,4
b7f91bd2-b9de-33fd-a806-a41177b52c59,4
8c543e3b-51d1-3283-8f94-26b77a2de555,4
0573951b-325f-325e-8fdf-611404061901,4
55e874e4-e446-3f70-8a20-0f9828cf2d02,4
80bb67e6-0016-3f37-8e08-3792947edb26,4
2e674cf0-c31c-387a-9d12-8ba4b5db2567,4
99c3b071-32fe-3730-b9d9-78e0c1d7d073,4
6d948420-9516-3fa6-ad6a-69bfbe655a97,4
220fcf72-9fca-3b24-ad3d-add250c85e16,4
6fddd3ed-5a4a-357d-a20a-2389a4384fe1,4
8dcaff42-39b7-39e1-82f8-2b7aa43c3273,4
438566a7-3089-33f2-9cd7-0fc130c8c489,4
7e5a6bc0-995a-358b-ae74-643262ac0ea1,4
589a9a12-5b4f-36b3-9831-edbcbd53daaa,4
4428e439-ef4a-3efd-b6fb-80926735e46c,4
5405bce3-2a30-3ceb-8510-4611021e3267,4
f0614975-d043-30dc-92bf-8266b9aa39a9,4
6ec8a1c0-ef58-3c55-b011-aa6c7a7505f5,4
596420d4-8c2c-3a60-b225-1f3d9cd2112a,4
c236caa0-1b86-3e5d-b7e8-a711b0ed2d8a,4
649e9bd3-a5a6-3c93-9657-a73f03086fd9,4
b53c041a-43e6-30e2-a880-52810067fbed,4
0ab92a6d-bff8-3a73-b9cb-104cf8b73ba0,4
0f0ed545-d4ad-36f6-aad2-1cfb110c6107,4
5ae7beda-bfbc-32a2-bec5-b48d8237bf99,4
6e51c2bb-97c3-3a91-8a56-4647b5fe07a3,4
f7b0df87-1c0d-3a6d-8b56-8ffa7ee4f575,4
96dc16db-d87d-33ad-a0e9-88a454e04986,4
10c6daa0-e776-31b4-be97-00c43f20ddd0,4
3bd4a1ee-401b-30b0-970f-9e064327b223,4
77d26f30-a6e3-3812-be50-28ab795cce2d,4
95f272f4-c88a-3f49-87f4-ced81b37c2be,4
1fb84ddf-050c-3147-8b6b-da923100d26e,4
1af7bcdb-d306-3c10-b23b-1e6abdfcf07a,4
7485630b-4af1-3aba-ace8-ee695979d8bc,4
9f1e96d2-79f7-364d-9c82-c6f79f5e0eec,4
1104c147-0a65-382b-bf57-417288298be4,4
2cf4fb10-f233-38c7-8e4f-d78a125745e0,4
b37a70e2-9869-3c2e-8131-6ee2178aef80,4
2b33e8e9-721e-3d1c-8d24-2acdab9d6206,4
f710d34c-aa77-3596-a257-0ec67f4118d4,4
f7c82845-67fd-3dad-99fa-14b2cf65e498,4
cb64b373-8cb4-3c47-bd35-418f48b40ac8,4
80ed8d64-af09-3965-a719-1e75439777bc,4
25ee6910-9619-3d75-b76f-ec8e2e711825,4
b741e984-0033-34b7-9b83-dc78b22235fa,4
6cddf127-ef00-3f61-a307-f621514d6ee3,4
285bc189-83dd-3028-8052-8675738a01e4,4
4738db93-24ac-338f-aff1-279b478ea21b,4
12174b0c-d23f-3b9b-9a6f-54f08611e60d,4
c3ab14c1-4a26-3bc7-a6a3-a0eb2598517f,4
f711e744-92e4-3522-90a6-6dcbdd32c8bb,4
7fef23c4-f308-3827-be4a-bb7aaa36ad84,4
0b200f1b-5762-3a95-8091-04255432a1a0,4
59c2f3f2-4f82-3438-b816-704f5723cbbd,4
2fa1103b-23ed-3290-834a-50ea435fe0c1,4
671560cb-e2bd-34ef-be29-2184fca24efd,4
bf164320-2350-34fd-b9ad-3a627b5b11ce,4
c57dddf3-bb97-353b-8c7c-1d787341347c,4
4c749777-7e29-3d0b-9f96-dba9e19624b1,4
b8bd48f4-2939-3f49-b0e7-ac47441fe5f0,4
b8b184f6-c83a-3483-be4e-a991a9217fda,4
3832701c-2f94-3c30-83ea-446f96798c27,4
b4d38e81-fd13-30ef-9ce9-c9861cec2f8a,4
3516f08c-5e25-3706-8248-26ba8d24adca,4
550b6d8e-d16d-37fe-b0e0-dad10607b869,4
2db13c15-cb04-3e33-8cef-599a2a8de2c6,4
7bff0a25-dde1-3b09-89a5-bffaff937ea5,4
091d9a7e-8b5f-332c-b945-ae19ae112bbf,4
b47fd682-e3d3-3dcc-9310-7f47a3013b8f,4
26592367-bc93-339a-97c9-f0bb09712a4e,4
fb6b818d-bfb4-33de-ac27-ffd77dd70d99,4
a4645cd9-5f2a-34e0-b962-5d73c25fb399,4
feacd9b3-177a-3bbc-ad77-d863a453a4ef,4
6b63a7b4-80fe-3f3d-bf62-4d84180be64c,4
4502bf62-4707-386d-9951-887242491514,4
4bb59b5d-beda-36a2-bbd3-81819f41377b,4
903c16c2-039e-3a79-877a-c7e7e613261c,4
e9421919-f14e-3c7d-97da-6ee9637d22b8,4
785bd059-7369-3bed-8687-83e7fcfdf797,4
ac54ac56-d363-3bd4-af2d-bd65ca1c47d9,4
8e296062-cb95-3862-a649-1d49ae53286c,4
7e228fef-fc59-3b68-a827-81d896293de8,4
1da8a130-d222-3c0c-b580-57cc42fbe4aa,4
787c9371-9c68-3910-a24d-76ffe929e814,4
c405b07d-30e5-38a7-948a-65b0efb6eb19,4
3c65ae53-051d-325b-81d8-ecdcb04d2aa6,4
8856ccc9-883f-3da1-96c6-d32239e62033,4
2da8d9af-617c-36af-8c29-d12c50a7573a,4
f73c580f-6e7d-38e2-a41c-4acd5bd0d6ad,4
fe5be43c-7eae-38a7-b188-dfe59187f0f2,4
267a50b1-49b8-327a-b69e-8573480a2f62,4
dad086d3-472f-347f-9286-04e400f2d98a,4
637e4212-b775-37df-92a1-0a37617658dc,4
defd6253-0cdc-3d87-821f-3fb2aa476e09,4
803d749f-c34a-37bc-9f92-befd5516a7d0,4
19bce112-dd36-3c2d-b8f5-097ffc185885,4
db72398b-5591-3f5c-95d1-f7c865305072,4
3cc219a7-ae8d-3d07-accc-65a953821aa5,4
79c622a8-02e2-3c57-abd6-f76aed1b16d4,4
cd14163f-efc6-3dde-bc58-13b725b30a3f,4
1500bb83-0f24-35b5-83b9-4a6ca86bc6f9,4
f45b04a2-860e-33b8-96af-8e4a0d6753f0,4
841d4988-5abe-3cc4-b058-743cf7afd03d,4
f4503a1b-ac53-33e0-ba88-54fa00887bf8,4
43144ff7-b0e9-3a13-906d-d4ef2248c379,4
8d45d57c-0014-3652-936b-037a494ba20c,4
ccf27846-3920-3ba7-9841-45d480159823,4
66bfef44-2a49-3738-b1fa-3fe0062fad10,4
491ef7ca-2d66-30f6-bace-a0003c56f447,4
0f2fc74a-d360-3f55-bec4-2e5654ee4b94,4
cc6d2f5c-233a-31e9-96ef-0b3c5aca0448,4
e63bb940-0b1d-33d2-acf3-8401c1328de3,4
4bcd4965-190b-32fa-9a3f-853c59a66002,4
29f2cc48-d440-3554-a075-9a975fdb03c5,4
112e0ef1-b6cd-3b32-8513-dfc9fb4a44e2,4
8f66e0ae-d9f9-39fe-bbff-3a2a6e652899,4
e64a59c9-f678-3291-873b-bc210a0db4e2,4
94ce1bbf-17e4-354c-9dac-84fe92b268bb,4
ce79901e-4852-3fa9-8baa-1c0e537f64be,4
e3fcdca2-7170-3c87-998d-dda58478bfad,4
e8e46ff0-1297-3f10-9f52-da8d0544b68f,4
22ea102d-0eed-382e-9b1b-ff8809496328,4
887c36bc-104c-3fc4-8037-829352c85f21,4
a494fc06-cc08-3e1c-bdec-09bc9675a353,4
b948c9e9-bdee-3138-9a48-70b9aae7461a,4
17da99e3-9e02-3d3d-8ef2-641fe4f54e26,4
b1af0fcd-1331-3ea4-83d5-8e1817fb0289,4
cb650f46-3106-33f7-ae01-c97b6b2f7a11,4
b324425d-72e0-34dd-a3ff-03b7a631206f,4
750ae39a-a727-3a07-b253-692e2197eade,4
29ac279f-e5f6-394d-adfe-401fc348fdbe,4
905048e5-206d-3cbf-b2fb-d08c399809c0,4
f9b92b54-dce1-3fa1-88ac-b78978c4a715,4
cf6e7a9f-4b6f-305e-9f91-bda886496f0c,4
ea1c03e0-c3d2-3101-a434-ea056b682245,4
21c63e87-c043-3f37-bc58-11fd9bdd67d8,4
d022571f-d314-391b-9927-4459b59a52cd,4
dca1fbe0-c4a1-38da-951b-a110e0ad78be,4
929b2e8a-ed3e-3e69-bb75-3ace62c67bf0,4
94104293-5dd4-33bd-a41b-0318bc9d560e,4
80afc73a-fa4c-301c-939c-a97d1af31396,4
85b0bda1-6e1f-3951-945d-b83e383b7aab,4
76068885-8f2b-3bd4-a6df-0411737d6323,4
651dae4e-6f54-39d0-b787-c9006fa0a2c0,4
ee4e9d8f-6c38-3da8-842d-6188f50a03bf,4
c818e150-a3c3-39cd-bd22-5f592b5302ed,4
43d9d87c-617c-374d-bc44-acaf5e839add,4
ba6fd281-10db-3784-b40e-5be5c6b1f16d,4
4a3bfaac-d9a6-3efa-8308-8598b0822411,4
6afa4b92-5f41-31f1-8280-e23798fde9a0,4
0e277a7e-00a2-33e3-8461-b29ef47ebcda,4
053bc6b4-601c-3942-8d0a-9cdbe654c314,4
52c5a16c-ec2d-3d53-9473-ba77869d17d9,4
0ca27047-eaba-3def-8986-33c54148735f,4
cfcf7192-4659-30b8-9c26-bce671842ce6,4
6e92e35c-643c-3d79-8852-755c080d35e2,4
3269a635-050a-3bd2-902a-ad786ee4ff70,4
90e92e4b-56a5-3b20-9346-ffffeefceb0a,4
88cbe3c6-0571-311f-980e-56779156a2a8,4
35c7f08e-0871-3716-8210-46e4ef897432,4
9089aeca-4709-3fe1-bf13-8b2d9d1b90d0,4
def1f5c3-c6c5-37f8-8b35-2a52c71dfd50,4
96e41866-8501-3efe-bd9e-af7e8cdd1d66,4
7f6fea6d-3385-35cc-a9c3-6a37dd3f3141,4
06224154-99d7-3773-9047-30e0435c8e31,4
e9a6bc17-3cde-3bc9-9eaa-b1f83329d61a,4
bdb5ce8b-28a0-31c7-b030-3ec63ad43767,4
58e185e5-27f7-3c18-a9b5-3c3609a8aec2,4
92997225-5c75-39e2-a415-f7a11eab6ac5,4
b4c5e3cf-7889-3271-a45f-cb41026c5a6b,4
cbdf2b1f-2814-3141-a9be-2df7ee3164be,4
08b358bb-70ee-3161-b2ee-0c8245ad9564,4
8e6bbb50-c3b2-30b3-ba6a-513ef59d76f6,4
17a6abed-f1c9-3230-a461-3f8f3a937d95,4
90c0774d-c39b-3536-b12e-cd52cb2a44b6,4
7fe92811-b022-3f1f-b0c2-18006649192f,4
98e46265-2cee-3ac8-a806-110dce9600c4,4
eb139c25-35a5-3027-9ccf-7170f960b913,4
d5f7b091-757c-3e63-a968-bf1a667d27c7,4
79d475e4-bdab-3d03-8bf1-da987e04f6b3,4
4445f335-da8a-3ca6-bd61-31fe08e46689,4
6328b254-c3ba-3552-aed5-565495bec2f0,4
126bbc6a-6a54-3213-9d41-2cd041aa7cfd,4
284a0d19-ac4d-3c90-acc8-5fa726f94be0,4
fb02b28b-1381-37b9-8d95-65722e80428a,4
d25b1399-40ca-3ce9-8c17-f960f777c83f,4
8cdc0d5c-3171-3f7d-8110-d8a3aeb1abba,4
9cc720b7-9d64-3e15-9ee4-f131baa9f995,4
bdb9f47b-6395-3897-ad3e-a2f53f1c9034,4
2a572abf-a8b9-3102-9b62-d0e96f0aabae,4
c4a82dc4-8a83-37b5-a0a6-5644c7e8e8d1,4
f4e11f60-bb77-3b02-8c40-e5b72855c87b,4
4cc85ca0-3af7-310a-be28-da89edae8267,4
d1ce0f8d-0026-3dc0-b523-3cd3a66dd0be,4
295e0802-aab2-3852-8e9d-81c3bb00d28d,4
e3bb0407-ed89-3c00-9e4e-7e053b1d5978,4
b4467424-0076-3ec8-ae81-086c7fb427da,4
99178f19-489e-3347-8dad-02443cab4a7a,4
8ec6cefb-cbea-3bae-9722-0c6acc3b7862,4
7bf9d8ae-8f35-33fd-8935-b23723349634,4
98be33f1-592b-3287-99b6-19a7aff9f323,4
3c58379e-113c-3381-af44-edc8edf87003,4
9955bd17-8cb0-3a7e-8df9-64d5ab20e1e5,4
009191cc-a0b0-3045-8df3-c7de5b36d082,4
ac070fbe-619c-37bf-9ce3-9091671bd213,4
a7c98246-ba73-39c8-8e28-678bed72784f,4
1ef1c4e6-dc6f-3c8f-bb00-4698b7a4efb0,4
7d310066-bac5-32d4-8caf-0fadf6d3948c,4
4d61507f-c5cc-3f52-89c1-e934264d2c54,4
8f245ffb-eb95-350c-9393-4d3bbb77d1cc,4
277a11e7-7561-343e-b838-7138a3c23752,4
5ec67eb9-9fd3-3819-94ed-66f6a90a09f7,4
a002373c-3f21-3e32-93cf-726cb1008d9a,4
fca757e6-5c46-378e-a0a6-339796a1ddc1,4
0b26d6d8-2278-3cc8-b01e-c7402184dcfb,4
89198883-46f5-30f8-abb3-345c15ea6e55,4
94097ee8-9c5b-3c7b-8a14-76931fb86d46,4
823ecd75-69c6-35d7-906a-48f5fda4b49d,4
e4be7ad2-15fa-31c1-aac3-466673bf8c66,4
fdc412d5-b876-3be2-9c20-76292a963173,4
ebe49a63-204e-3b66-9264-929c4460ffed,4
5c246eb9-bda4-31be-8fe2-aeff8dcb5429,4
478bb3ff-c54f-32ee-8407-8dbdf3ccc973,4
352e4999-9799-3530-810f-f2b7b2304bec,4
e63bb4f8-dc60-3931-be21-a27bac4f800d,4
e1edd559-0e34-37f9-9bed-2ff8b40528b8,4
69a8993f-7d1a-3ef7-af60-784ab2add93f,4
33cb0923-7989-37dc-991e-e29cbd5c4c40,4
d15257b0-b861-35e6-8cdc-dc5aed53638b,4
caa0586a-922b-30fd-9824-ff15a16d3879,4
77a658d7-6b70-3712-8dc9-50eefef33665,4
a53f5824-26dc-3008-8102-63f2c6ce69f3,4
be0c68ca-7e9d-324e-9a8e-7cc4c8e77daa,4
9524ed82-9de9-32c5-94f5-b1995d8e5e44,4
e82f4eb2-cc6d-3c8e-8190-01db1a6ba201,4
0ef59a55-8c42-3dfa-86fb-eab5b159032e,4
093db702-3da3-3053-9809-0d6cb4effa65,4
b7d94f9c-0b2b-37be-b04e-f54c3408582d,4
1de3fc8c-6eb4-3937-90c3-e8afb0e894df,4
7f73997a-00c4-3fb0-97cc-0450f967da12,4
fa9945c4-baaf-3716-a626-d686e0dfb9f3,4
c4fecf32-1604-3cef-9bf6-58cf3c25194e,4
2de4d645-b046-33f8-a144-19d7fcbc96fb,4
967df159-10eb-3d28-8ce6-78a2c4727226,4
8472345b-fa5b-30fb-a890-4bf3d94a4345,4
4ab43f25-6e79-308f-84fb-7a304383d79e,4
2844d11c-65f0-3d66-8993-94f0f8b17839,4
26d5c008-1ac8-332a-83ab-53400fda6f1c,4
ab55aca4-073f-3f89-867d-bb1a36b1f7fe,4
f0ad3396-64d9-3345-b113-6ba37cecb72f,4
79dd6542-feae-308c-8b5a-2f4000dc5314,4
a6ffd278-3643-3031-b158-50fb355349ad,4
348c44a2-cfa8-3af9-9c81-328a63f62d0f,4
e8b39ebc-7191-3c33-9ad2-0ac1ca162818,4
23a2f217-669d-3e7b-a616-89f528894415,4
4b7d995c-82fa-3693-960c-c486add552fb,4
a6aed1af-289b-3211-95ee-52325a435f2a,4
f5c67dab-a66d-3473-94be-a8926762bb49,4
ec9e4dcb-d377-3f50-9930-14322e51db1e,4
e0c51865-90d0-3bbf-8ce3-655ba24190a4,4
db79caa2-cd8f-36e0-9684-0a29fa40c057,4
119f9ca2-9d14-3dc0-8253-27ee2aa42d57,4
3cfe4884-ba2d-381c-a15d-427b9782cb0c,4
402c330a-51c8-3d15-b081-324a62382f19,4
dcb42624-3ebb-3adc-b4fb-aff7dcc974a2,4
2a026ffc-32a7-355c-8343-075ded5653e9,4
1e3ad652-efea-3b55-a245-3e621a994b7d,4
d3d2943e-5351-3ad6-ab2c-7880db4f3e9a,4
4e91ec68-8be8-37e3-bc2e-02cc2bf500d1,4
bef55e30-4ae9-3582-a947-6078a187f7cb,4
87ad6634-4bc2-3da9-b54d-4463291bccf0,4
d3f1665c-3da8-387e-babc-705890bc08e4,4
9703748d-32c1-3982-b247-8911b42694c7,4
21f83b79-5ec1-3a1b-b302-9e6706d53f91,4
4478f2d8-6c2c-3838-ab44-0d242d1be402,4
3dd61d0f-a089-3d6f-b422-988ed006faf8,4
9c73312c-45e6-3bb3-9dfc-db0ac705a915,4
cf6612b6-bac3-3b0d-958c-474ed96bb0fe,4
c8c44c89-96de-373c-b3c9-227897ed173f,4
6a5b71e9-342c-3539-9a34-527c83ff04f6,4
47e6e2de-2a0a-3567-979f-e162d73bb1e6,4
64448970-41dd-3f75-bd32-4dad35cf2a7c,4
a323d0c9-8649-3332-ad4b-249184d811a3,4
d10b7aa6-eaca-3364-9301-29c1e6c05777,4
cb136753-912c-3084-9bc6-ae4f1427d91f,4
4cf51c18-6e5c-30a7-86bf-183c0773b333,4
ae481258-6dbd-3f58-ba57-29be0bf61706,4
4e301834-eaf0-3384-9a6d-3ecf47549070,4
91b0a49e-2ecf-3861-834a-954d9f80ef12,4
371dfa13-965e-3a31-8357-33162e9ad0a1,4
bbda6f35-c063-33d3-ad7e-a5c6c3dff1c7,4
ef520779-12b1-34d6-b4b7-3ed7e2704610,4
3048f5a3-f51c-3c88-af46-0194def09644,4
b40080d1-bb6b-38c4-8751-b3d25ff6a908,4
a86d9768-4af7-365d-a8d7-1fc401e9e6bd,4
80fcdc88-7e84-39b0-8ec7-7c528544e003,4
20f4e3b7-79a7-30e9-9b38-c76488827087,4
069e0ddb-6da5-3548-a47e-7e3e7ae45aad,4
c1c76752-26a9-3ebe-92d9-9e4f38cb69b0,4
75f1c685-f3c4-3e46-97b0-489397c07081,4
66961a8e-ef8f-36d7-8570-4c475fb75104,4
e7a90ab8-3362-3bcc-a92f-c7b552b7ece3,4
959d2e69-26b3-3ca4-b37f-10cb68f535ff,4
b7c75280-048d-3e39-a23e-b3184be0d441,4
7a571b2e-f664-3f1a-a87f-e525fe55d669,4
274fff24-f18f-3577-8a05-dd9648a487aa,4
9bd4d244-92be-3d89-b64c-58535ec010bf,4
0fbea599-83f7-3532-b0bb-1d75e1780acd,4
b2a73d56-142a-3720-92a6-0a5276f8143f,4
b0e999f9-cc7c-32be-95ee-8e9d3efd1fdb,4
6afa052e-6f86-3bd4-9681-b9ecc0708b43,4
bd80ce57-4f80-3b4b-a67f-6579eb4cce68,4
1e949814-2b88-3a94-ac24-f6cdc5f960c3,4
318a3b4d-d2e7-38ba-84db-863e08106092,4
4275b3cc-aed7-311f-b0ad-269c725e25a1,4
f2e8b6a5-963c-3687-aae1-eb1eaed7154c,4
b167580b-9eed-3dca-86ca-5480d3cacab1,4
2e0dec94-7b68-3864-8d8f-2b5a1193508b,4
85e54514-e14a-3ca3-9985-f4d87a1dcec8,4
7d8194fc-2a31-310e-83b9-711cecd7f028,4
c389787d-09c5-3056-b26b-df70af3924f2,4
4bb0c089-7209-3f41-a640-b4090bf551de,4
f4622c88-1603-3d92-a80d-cdf610a88b77,4
e07c86bc-c5ac-33ad-bb71-1afe5f2bd902,4
428098cd-d9c0-3e52-b293-67ca7d10f43d,4
344c55d1-5eac-34cd-bbe5-5101c0b93576,4
f7cfc9cb-d693-3a78-a7e3-01b875bcd6a7,4
eb80d379-985a-3887-877c-40f2cf940eeb,4
e45e7efa-8189-32e4-b3bf-4f9d73306bc0,4
28db8ff7-777f-30e1-b5e3-6bf8a483537c,4
e8527fde-43fc-3b43-ab03-a293950c9dff,4
c7664920-711d-3f45-9ec6-740dae3870ad,4
9938a870-ace8-3881-88d3-40160491ddb6,4
8ff0b2bf-4ab7-3bb5-ad9b-8a0717aed955,4
eecc5753-ba56-32a8-8a78-312310dd394a,4
2d65286c-2ca8-352e-9d47-f45f455735fd,4
6b04c987-9340-37bb-a81f-40f18ad0db53,4
857b3d4f-07c1-3fb0-a4e7-4937a377657c,4
c5eee301-b504-317c-ad71-c9732a38f359,4
26b0cbb3-3214-3b39-8af8-70811b962f59,4
8ad142b6-6c0a-3c07-a517-658a0790e412,4
af51cae9-6a81-32ea-bbf9-72704716fefe,4
1e5f11f4-58a9-345a-9b74-1b87cbff1df2,4
a077f6a6-fa20-39c6-84bc-d584e613f197,4
cfed5cf3-aa39-39e8-94cd-a7115fa53ad8,4
e0c99c57-fc3c-3c55-9294-efb42e4c99a8,4
36b4c647-f37b-3ccc-a3c8-35f64809af07,4
c33a8957-c081-3bdf-83d7-2cca4bf80753,4
9a531f13-8c72-3cd7-93c6-50d998eb8d12,4
e6d57778-a21f-3abb-8f0c-fe144dd2b042,4
4bd486e8-2e95-356e-97db-be2129ed578f,4
b8d18506-c649-3f80-a5d8-ebd7197defd4,4
754e7fbf-6627-394f-a653-1f3153cc4f61,4
a38fe418-c152-3d9e-8ce9-e27f29c6f46d,4
e642fdd0-948e-3774-9c12-96a06dd0fedd,4
00c51663-11c8-32e4-b40b-df308dd922d9,4
f63d004c-db8a-3b06-bf86-c4317de51616,4
1bb7e418-415f-31b1-a9af-9cc5464c984a,4
c9a444da-9ecb-3fd1-95de-615f4a042afd,4
7196256b-a059-3d64-b507-454db00d69f5,4
747d5cae-e9b7-3f40-b018-7957fe3a0dad,4
3dace934-6948-3c61-a567-2f9c35b30b12,4
c8f1857a-4921-3127-84a0-e1409fe562cc,4
9fdbf3d9-a835-3757-b884-d2363138e3b8,4
8da1901b-9de8-3208-ab0c-c2cc7b9f8fe7,4
d5a99f40-7948-3e6d-9ea8-e531f5f783c4,4
885a6218-34be-3ff0-adec-2ee16d9add2a,4
48d9d239-c98c-3bfa-bac4-8351ef865e11,4
c1923509-7301-326d-be2f-e8300a29e822,4
ea3fafd0-3f42-332e-9b28-bfc8534cf282,4
dfabaae1-dd63-3729-bad9-7f242cc1affd,4
f53a30cc-5029-3105-b6a0-d72ede51f244,4
35611415-1e45-3758-b71a-acea549e97f0,4
f2b9e86f-1439-316f-b5c6-9d250d91b69b,4
0bf8a1c1-f45b-392e-b7ec-530c45034c37,4
cb6e549b-2e88-3925-b14d-e68cc9345668,4
39b42f6d-5417-3bda-b0f9-57575c01a22f,4
d3beebc1-669c-340d-ae2a-726f3e1bec22,4
ed48fd41-7911-38d7-b63b-ba3201f1490d,4
45e985b8-f752-3ae3-8cae-af6e28b02c3d,4
ab4dc677-c12f-37a5-bdbe-4ba19e5b58b8,4
5d726eb3-39ad-3ecf-b7ec-dcaae3744c23,4
81f2a161-7dd0-3178-a237-7a75c8d96b84,4
3c1fc48e-60f2-3ea9-bdaa-5b1843d3d404,4
8ac1d2d6-b17b-378c-b40d-198cfa7e4bdd,4
b749e0bc-8ecf-38ab-9d02-7ada9682f8c3,4
b583aa5d-c2b7-341e-a786-591d61820657,4
c035d124-fa4d-3dbb-912e-270ace2b190b,4
77fb0380-b45b-39d4-bb84-849c3cd959c0,4
ac3e5c12-23e1-34e9-bada-c398613bd269,4
c75c32ad-ecca-3fad-904f-10563dd881cf,4
b1f986be-d4e6-319b-8031-827cfe314da3,4
3f9e6f10-da22-3531-a1c0-e9b617c7e8e3,4
80ca6e27-da35-3f75-a255-aeee711e1279,4
6d3d3448-c201-30f3-ad05-44f936cac7d0,4
52433560-4e30-31ce-9d05-ba70ff67c5ec,4
86968d1b-ee1c-3ee1-aa63-d9124034a917,4
859402c3-dc39-3c07-97b9-dbca84e1cbb9,4
740d1a77-4ae5-3e10-befc-813b7f02f67c,4
eed81861-3b6d-3ace-84fb-7b3757e42f76,4
e1671e21-8c91-3890-b2bd-4f6180c22820,4
b22f31da-d23e-32e4-b095-a960e65125e3,4
81f34ffd-4816-3b57-8c61-5d8117c9e64f,4
cd786ed2-ccf8-3f79-a7b1-08d6997496f4,4
a92ace32-1cb2-3f7b-a414-db583d1cf4d5,4
0e8fd3be-d9a4-3f52-99ef-e5e9f3fcddaa,4
df63dee6-5cb2-370e-8d9a-ae9322924b3d,4
41183711-4bc6-338a-b7cb-c3219e9fb2e5,4
69af8734-00a0-3555-a412-345b7bfddb40,4
025a8018-bc40-3292-af96-2c4b6da187f5,4
fb66b519-e9a1-3bf4-8a28-ed9de3520e87,4
97fba728-72e7-3031-8135-caf49734cb2d,4
a4835e69-e623-3f9d-b96e-a1ff7c9d15f6,4
e448355a-9131-37c4-8c46-475da1b46ccc,4
419cd1cc-c606-312d-bc30-b807ed03fcb2,4
c744d533-261f-3753-987c-ea348c143878,4
f1cff839-2ce2-341a-98ed-1534b202f55b,4
b57d1db3-3301-3e4e-9013-fbead9b37349,4
80450658-d899-3cbe-b2a5-2b5a8f58994a,4
3e7f78fd-387a-33ae-93d9-ad1e4291c6d4,4
9124811e-6b35-39ee-8972-045523c7aa86,4
9319fb59-8b31-3697-aaf1-7016083d787e,4
92727d99-2a88-3a4e-975b-6e92b8bf931b,4
9a0ff6e4-a3a6-3083-87cb-c43c78a2cb49,4
1f2fd3e0-b4f2-3cd6-8ac4-35a86931a39d,4
a1c0432b-d795-3e1c-b69c-aa33e2f2b4da,4
0636a929-74d4-3f46-996b-1d600c15c62b,4
1a6c0964-1edd-3c51-aa80-5079b867c61b,4
a3ba703a-7e8a-3251-a5ee-38802e7ba398,4
55e30d9b-18fa-3202-be2d-9fe949d47ed5,4
ad71a69e-c15a-30c2-b048-7a4d7a1d688c,4
c9d5f01b-1b28-3c79-a32f-7733906da10e,4
4ce0cc97-3fa9-3c10-a3e2-1c2d6f176f4f,4
e5c12087-0516-3026-95a1-832d63d14295,4
eea07f26-dbb2-39e8-9178-8afcfc20189b,4
8d4283d9-52a0-38fa-b3c2-53977538a3f9,4
8c7862cf-f66a-33be-8585-bb344358634c,4
aeafd14b-48e6-395c-bdd2-a985afef680a,4
f7c49e5e-c5ff-3cbc-88bd-4750b9fab5bf,4
438f7547-ab25-3580-92ef-dc9e48311f9d,4
e1ff3100-4957-3ae4-abbb-00dd8d928567,4
2db3bf12-0d4a-330e-9f3d-8988ad857dbe,4
9298682d-f2e5-3237-9f92-91d6e4aec4ca,4
13a3ca8e-169e-3e96-8dfc-8e18baca1cab,4
9bc35ea4-77c7-396a-947c-10ee86b1988c,4
12b49fa3-9149-3d24-9b7d-5c6134bbece5,4
82224403-a5b0-3e37-b9ae-15478fc3473f,4
d6b365b2-1626-33f2-ad15-9b12e4f0e21a,4
416aad1b-1ee1-3cc8-9331-746dcff103b2,4
2a9573d4-e21a-3799-a37a-ce87821112c4,4
f0fc5eb7-cce3-3260-a7d4-96f5977aa3be,4
36897735-b8a0-36d3-83bd-b2c46bd2e62b,4
63574384-f6e5-300c-bf43-d755ad893186,4
6824cf78-dc94-3ee9-84af-52abd7471b6b,4
13b29083-e196-3d0c-8a56-e1d18a40e3c0,4
58170ebc-d0d4-3d25-85a9-3be733e581e3,4
e6c23cc0-db85-3ab7-ba38-2bb30ccc22b8,4
a673450d-4660-3d07-bfcf-0cdf47eea0b8,4
d669204f-e5ae-3a6b-a46a-2db3d28299db,4
a501d910-d9ee-3696-acc2-45c65f0c0282,4
c34ae29c-d29f-3ba8-a81b-7e17a278ccc0,4
2e353453-76bd-3b0a-a23f-d8ba21701618,4
c453cb2a-de44-3fa6-88af-de0f4210bc45,4
d1551586-ccdb-3d28-af19-b97726270525,4
e38a061e-cdc8-31af-98ac-7d30abf81401,4
4126593f-ee98-32fd-8df3-d83143fcac83,4
6c836c3b-94fe-367a-bd97-ad7de98a7ad7,4
29a9228f-ba3b-333b-8b92-ea6d4ee2da48,4
70da4d39-a120-35fa-bda1-8cabdc6bb626,4
bb45c79a-29dd-3d15-ab2d-16393490e43a,4
eb1a4e63-76e7-3971-9aaf-c3c8273298db,4
4d9220c0-aa0a-3ac8-bf37-d13e5452b455,4
de84e953-6bf6-3f9f-8a62-dad64df3189b,4
f6bfe980-9139-3c48-adc1-4c8350ceb6b8,4
6919cb70-7ef8-3f9c-ba1c-954994940b19,4
10783077-fe1f-3022-a1f0-51eae462544d,4
16f15592-db36-353b-b4ea-5b59f73bfb5b,4
ae7d2094-1ace-3fbe-aa43-bd5430769f02,4
46de0cd6-2253-37f5-a442-f22008ed6fec,4
c12715b9-3af9-3a26-87a3-eee0b34df1fc,4
a860004f-45a7-3d3a-a04a-d184167e9c48,4
c4fe6dc3-d884-35e4-99c9-4a7b20a8c310,4
1012552b-ebc6-3000-bd1a-b3a524ba92aa,4
26634405-3e9d-3aff-808f-6a1ba9095696,4
f932b839-b6be-3d3c-a47a-5ca1291cf2fc,4
4068d96d-d21b-3217-9378-eff39a041965,4
65756711-bc02-3a5f-9499-9080d7dfcb80,4
caa81047-9c80-3916-8fd8-9bf682e1296e,4
0930dff8-3c70-39c1-b489-94caeeb47989,4
9d4a07d3-bded-3607-a675-cbf6ed6aae10,4
1859934c-813b-3217-af14-e332368eef1e,4
3b5e7d7e-4803-339c-b27c-d84cdf572f74,4
83295f07-21cc-3650-8f8c-747d33d5796e,4
41694ea7-2a5c-3e2b-9ee3-066c07e489a5,4
cf89f56e-8791-3f9d-b14e-6e0cb3534fd1,4
9c2b32b1-4424-37a0-9071-f21e0e344e64,4
329e31d4-1f90-3f8c-bee4-d0c4cc8cd058,4
3dd10b3a-aec4-3fa4-92fd-1418000e85c4,4
3d4133b7-1ac1-35df-8c05-8746de03cd79,4
faa31b23-9f32-3b77-97d2-55ccfd2dcdcd,4
b455513e-804a-3eb5-801b-345b03754452,4
58f57c47-4be1-3695-b5ec-61dc94923d88,4
036d4e7a-3e55-3a43-9eb8-0b85a845bca4,4
ab392f05-4854-3272-95eb-07c5cdbc0dca,4
5dbf7e8c-e504-3e77-9120-100fd618d399,4
06ca8643-ec67-37d7-b228-f39eb3657b82,4
56f466c3-96a1-351d-bb46-1e014807a759,4
45fd3a5c-e36e-3fce-bfbf-bc6d774901cd,4
ed087e2f-2d6a-362b-aa7c-077ae18c294b,4
befd500c-5533-31fc-8f93-70d6a408b5dd,4
c96edd0b-fd3c-3bf7-98b0-e14aa328081c,4
0d7173c5-a449-3119-950f-6acea4ac3980,4
8cb9425b-4c75-3832-a6b9-8c0c5b1fd2b3,4
f7643bad-d61c-3202-8422-6e4b4fbac116,4
06af1423-7168-3556-9d8a-c38bf41dc836,4
7a2b6c7d-f83e-3c21-bcf1-2a233383e954,4
5a3f900c-8fb7-3672-ad13-380e15d3c4a0,4
f19e5036-9f1f-3db4-b86b-591db9c41115,4
28f1c205-30b7-3f87-8f7c-0fa47d2a57fb,4
af763ed8-a7b7-3a9a-9a26-714ed8fd0977,4
b49e8b13-e6b1-3ca2-8957-4c4816bb51a5,4
01a54182-11b4-31a9-b61c-bcb24d50ff6e,4
606b5c6a-2aee-38ae-8c16-c2c18356195a,4
a4209c0e-8eb3-3dfb-b6bc-5970489d78da,4
94466654-d188-3fc0-b5df-579e51744ee4,4
6f06492f-c5c6-33dd-ab43-8dd679336242,4
2d315244-092f-3fd4-b76f-1116d913f578,4
480c5bfd-8232-3b63-a381-0ea640cfbb75,4
e687dfaf-de49-3867-ba99-37b4c538ffee,4
73fead9c-f4ec-3a2f-8edb-032b0135ebf3,4
8d250405-03e7-32e3-9e5c-158542f37552,4
22c79b94-49bd-395e-9e52-39197121d603,4
884998f0-5670-3826-ae6c-30d2e1545bba,4
5ea0ba69-5c6e-3759-b7e1-c32bc05bbc24,4
dab74366-0aa4-3913-b98b-9108677c55b3,4
0091e69a-6b5c-3186-a2a3-b282f459d7d9,4
32be31d7-2d39-37b4-8d37-a36bb9eb2974,4
a6e5c6d8-4c8d-31e7-81e5-25ef76f65543,4
731a67ef-bb16-3af5-bd8f-b0a62f1b3259,4
56c5ae6f-3257-38ea-8cff-d22533e9ee7b,4
aae39d85-e224-3570-979b-cd6989c1de0f,4
51daf9d1-ca27-3bf0-93a0-af3d2dcb547e,4
f2613305-afb8-3620-bca0-edd3b90ee09c,4
4d3dd9ed-edb3-3cb9-9c50-bae984b20ac6,4
10016611-53b1-377f-900a-aef77675053c,4
b5824a3a-b3de-3201-a364-911e102f48cd,4
23f2bf9e-eef3-3ba9-88b4-95900eea47ca,4
781a9aea-09f6-38f6-8b87-dcd70865fb9e,4
672c5a39-74c3-36fa-b970-fbbf7bc5d510,4
93630535-03ba-30c6-b08b-9b9d1aae8091,4
398b2168-f44b-3cfd-8dc3-cb2d92e73e49,4
4cfc21c4-6b24-326e-887a-5f4e7ba6cfc0,4
6d7b8a58-d06d-3faa-9aaa-5ac6fc4492f4,4
93ad5a0c-4d01-313d-9403-2a7766546e69,4
21f5f085-8e4b-334c-ad44-70b4bd96044d,4
c833be71-093f-3a16-aaa1-7fc88ea70327,4
b4ac4ef1-8738-3b61-8a05-c206d5ee33ee,4
5045b8bf-5166-3bba-8bd5-81786b08c509,4
1896bfaf-673c-39c5-8ced-72136820932d,4
9c61ab4b-c39a-33bc-9fb7-c7f18684d3b4,4
eb57e52d-4d6c-390c-a366-9e593102d5a6,4
80f20a9d-0444-3340-a6c0-70eba4e196f4,4
dd917349-18f4-3c2e-8a24-b08cdb5f5b34,4
daeab08e-0a16-36c6-b95a-2e6f416a1ae4,4
0b0131a1-82c9-369f-bd07-a4fbe3ab94a0,4
213decdc-c052-3d16-96b0-3acac8bd96a7,4
d10614dc-761a-3854-aeab-c059ec10608b,4
7a8594e9-05bf-3421-b592-b28f6de08ecf,4
4bb4fe7b-6192-3fb8-9cec-2a1805333b1d,4
b74e6a3f-bf33-3963-bb37-8aa08d01450d,4
e91ec7bf-423e-34ba-91b8-171310bb09ff,4
60952112-9022-36dc-8893-f6410e5c0c6f,4
7b23ec72-445d-3860-a1ef-708589ab17b4,4
447dfb73-3cd0-3c5d-88d9-efe910a043ed,4
09f521a1-1d64-3c5a-a34d-de5fc7950b2a,4
84fd46c6-22d3-3f94-aa3d-67ab757d182c,4
e0919dac-3604-3d2b-bd75-51a1a1a7e810,4
c85711d9-8ccf-347d-a818-30e7bcf5da4a,4
e3b5017c-d417-3a30-8dae-4d21efd8be3d,4
254f24f1-96b2-3fec-97fa-d15f2d3d21c2,4
6f054572-438e-3d76-ba55-add11dfee0f1,4
99b4674a-51b6-3fc4-aec0-c9c08a96295d,4
4c2a9667-be1d-347c-b445-de8069cbb708,4
9b984daa-f9f6-30c0-908a-d534c44aa73e,4
78546a07-7226-3145-a8eb-7950fe3ec8ef,4
223f9dcb-d7d6-348f-a4ad-d89ed55020d4,4
655969c6-5d7a-395e-9d84-1b87da4fac1e,4
34271aeb-ae93-3114-b622-4c13eef337bc,4
b4cea58a-1ab4-3d65-8d34-7a8a8d5027e6,4
a6841e92-eaf1-3350-9d01-d85b9ec1fcd3,4
07d274b9-26c6-3570-81e1-39be56bc2f04,4
8f66b9e6-d61a-3de6-8830-307848ee50d4,4
ad7ccfa2-7be1-3004-a00e-fd1458b32aab,4
7c70416f-ed88-347e-b758-cc0e9b1392e1,4
33d90d2c-8865-37fc-99f6-8d2f58de8451,4
d4139ab2-e7ce-33f8-8527-03d0856ed1d2,4
6973bcd9-8b97-399e-b1de-80b7bc277a40,4
887323bd-81d8-339f-8447-71849efed699,4
8f1a6859-4737-398f-a174-5af2bf4eb257,4
d847089b-a5f4-3eff-a298-c27c8c44864b,4
0679b73e-8f8c-3f92-ba6c-3551772c9311,4
5ed86198-39b2-38ee-95f6-53851b83a4bb,4
5844141c-cbb8-3b77-b031-468b701c202c,4
9ea7df10-a0e6-3b6e-9760-b04b23ccbdb8,4
0eb1ff5d-e501-3d32-82ac-5e20d70d3257,4
4f7db73c-4cc1-32dc-9aa5-dd970c820ebc,4
bbfdcdfb-043d-3d36-a0bd-306c02703699,4
25fa0998-bb73-3b16-a995-5fee582d16c9,4
c989f90f-cb61-327d-a688-1cd489ea9f7e,4
10bac858-0765-3f66-983f-5b4288b2e060,4
f08628b7-74fa-3d09-8425-1e3166c5bfb0,4
08299449-15f2-3474-809f-91ee9007e1b6,4
d52f69e7-f01a-3858-a2c0-ca2a0595b96c,4
d15cb88a-8d46-3dfc-bfc7-34f679db253e,4
4814c86f-3b0d-3fe8-867a-9a8e71a945ff,4
512022e7-d1c9-3c3e-995b-850ac3771132,4
342a9000-f274-3a5b-bba2-b97a232fd365,4
de1f1e8c-bc59-38ee-b2b7-a2bd832f584d,4
ab75e7bf-3e6e-3f48-ae7d-e90d28a389e4,4
ec639a39-0ccd-3f8b-80cb-0bc50c9ef1c6,4
4d8d5acf-63af-3275-86d2-c86931afb4d5,4
f95f87ab-75f2-3e6e-b3fb-fb0961ea16b0,4
bf3d4530-d5a5-3fc2-9d4d-3b13f3dbdea3,4
c773f688-a22c-30ea-b8f2-c3a79b880f5b,4
2ee8c207-1322-3372-be76-239622463e1f,4
9b8c6500-d6fa-3ee4-9a95-93104dda50ec,4
5aa99483-ea61-3aae-aef5-7f45f1a37163,4
59cda0f2-728e-3473-abea-e9deae384c9a,4
b51cdc42-108d-3130-9616-884227bfcc77,4
cef367bc-e450-3ebe-96c5-8390645d410b,4
be0c402c-8865-39ed-8314-343e5895858c,4
5c0b7b86-6f22-3642-b250-41de7f480fcd,4
16245d38-faa0-34e3-9f11-16f475fce205,4
bc56fc6e-38f6-3ed9-a65b-eb08f29ed835,4
bde8fea5-12a1-3d8f-bbc9-2ff25200aa6c,4
c880e2e9-7ab4-3340-877f-d562fc04494a,4
f1a5b210-5a22-3676-9ed9-7611bce1a378,4
e46bcb1a-ce3f-3e87-85ff-a979e9b079a4,4
ce30d390-99e3-355e-b6d9-51a584ebfdcf,4
0c8baf30-1c8b-3baf-b3e3-c0f51cb1b514,4
4439f3b9-963a-3e72-a212-fbfcf708d2cd,4
41cd44b6-68f2-3d66-9c9b-e902748280ad,4
ad06e612-04b3-398b-9352-cfbee7b35827,4
6f71aa0f-c3b4-3fc2-aeec-0128e262ad10,4
521377d2-d122-3597-af2e-caf6ea83bf65,4
7f590003-a6da-3fb2-9c8c-0f900dbc41f3,4
33e24597-db5c-3e07-8157-33f736c1086e,4
20170ae3-003a-3804-a830-042049c1276d,4
6c505ba4-a0f4-3987-9042-5494fa2895a8,4
e579d51b-a02b-3e9d-b112-d0c23c5103e4,4
3ceda64b-dbd6-3149-9a0b-701f9f9b868a,4
138fab2f-f90b-39dd-b9bd-3ec3db79eb07,4
c265a18e-bfcc-3dda-aa4b-959f63673cb9,4
5424cdc6-2759-3ed9-92f0-8219479dbf6d,4
7349d470-88b1-3f19-913a-71997eb38a71,4
2aa3d8d5-b67d-369c-bbd0-f1803cfb2f00,4
50068a26-9799-31ac-b6d6-0a8e2fe91b66,4
c372b99b-cecd-3e8c-b8e2-6288a88ed049,4
3897a836-92fb-35ff-aacb-5516db5bd2c7,4
f3461a8e-e40f-3226-bf99-c05a53c5e23f,4
f27d73c8-a27e-341a-bde1-d8a3ef1f97fb,4
4abb2fa5-75a5-37b4-a39c-12ff048c6e07,4
7874599b-1333-305e-8bfc-36062af188ac,4
666f6437-66de-3d28-9744-e46ea877ad64,4
bfe21922-9418-336e-9d32-c648af579046,4
94fbec92-2a88-3c29-a9ec-c6e53157d5bb,4
243e71c1-1ca1-3987-b697-472b88ffc644,4
a03c728d-eb9e-3c21-b05e-b46f931d9097,4
04647b25-fd68-3c94-9786-a5c8c4082c92,4
66bbb4a4-bce2-37b0-8c70-7253ee2ab95a,4
d137c8ce-5a48-3370-a060-68cab9907b1e,4
cca650d8-05bd-3445-8449-d75bf4894ddc,4
c1eb8052-6b11-3a34-86ac-54b9de2db98a,4
b1d263d2-8e3c-3ce6-9aa6-707348f8cd23,4
91930adc-353c-3499-9289-a769dc4dbf66,4
7490a709-f218-3407-98ba-0648d7d044f8,4
df190da4-be9a-3868-bd45-b1c448255ca9,4
0b96094b-ab44-3d87-bced-4c3f4afb25f7,4
95931b6b-0a65-34ff-912a-83341e239135,4
47ab55b4-41fa-3049-bf41-30c7e6373856,4
5997aedf-8fb7-3f84-9aa4-db364d6a25c7,4
64c6ed3e-2136-3e31-b96b-5fb4bc708926,4
f7fe8def-3b4d-3599-b491-b00f50edc510,4
0c9c2782-b006-326b-8c29-b3659cf8f67f,4
354667e8-ddd5-36e3-87b6-eb5bf8aaa141,4
c749b4e0-5602-3347-98a8-97eb25452ab4,4
d5fdf67a-d279-35ad-ab69-96bbfa93a9cc,4
74397c8f-9de2-3145-b560-c327f82545c4,4
43154d88-2c8d-3f96-9a6c-12aeb489ba84,4
4c4c8d0e-36b2-3967-bc8f-c29728f6c2e8,4
37b6a311-b75d-35f7-8de3-c122175688c5,4
941163cd-4dc0-337d-a3d5-666315fe9b9f,4
3c5a226a-c378-3035-b4b9-d08c2cfa2d0c,4
0865f397-4638-30c1-a4f1-2d437442590c,4
31dc4d97-7909-3272-9c95-b228cdc3f152,4
dbc10e45-33d5-3e3b-8a4d-2bf29aaaa735,4
59bec191-14ac-308e-b47e-7a6e8711f682,4
8eac0716-be5f-3fbd-b0d9-d3ddea024562,4
32c2c441-7c5e-3b3d-96ca-8353d69bba3b,4
7584e875-1660-313b-b290-e1904d97d3b5,4
af4bc7b2-2524-3dd5-92dc-b9f72738deb0,4
160fce8b-1e91-3953-995b-e448f094f1d8,4
f4132400-e5ba-3909-8fe1-0e6a1005a296,4
4380cc68-384f-3828-b64b-a5d36d5e9bb8,4
0bd296bc-e409-3233-a991-69f4670a8d16,4
e75c35aa-5d38-392c-a663-6972786c8a83,4
bdd4560f-764c-3618-8d9e-48a3627eb1fa,4
48327d91-3e05-35ed-9631-c108372d50f1,4
e60a488d-9c93-3b7a-8f21-773245d9755b,4
cbcbc58b-7c1a-39bd-b098-2e3cf5917c8b,4
c7b43578-74a1-3c5b-96c9-f98152a0dd12,4
5051324f-9dc4-36ea-9be4-9da7f485b235,4
765e22fb-d251-37b0-a0aa-69869e911689,4
b50429e8-f008-3ab3-bfc5-a74aaabdd103,4
abd2266c-8470-385b-a7c4-f9d37a2c4e61,4
1bfca041-6e51-3c04-800f-a8706c95f0c4,4
73d6efbe-e36b-3de8-82f0-13e5cbd99178,4
32dbe303-5b49-3c07-9e75-c44c9d07f78b,4
10116619-2dc8-3070-959e-af4f2e2c6916,4
27f985f1-e526-320a-8e3a-66fb45fb77d6,4
76aeabe3-065f-3c4f-b938-985cfc7d3e02,4
f52f1178-49ad-3fd0-bd2d-17fc52d958dd,4
17246e37-ba94-3440-b7ef-d7b2c91e4e5c,4
17c7220d-102e-3faf-923d-ff7e32d1e1ca,4
c521b5a3-42ef-307d-a2a4-46d4c325db08,4
0ce137cb-dbef-3889-9764-b1e6ed0a12b7,4
a9488f46-35d0-3baa-a39a-c47b283076f2,4
771f375e-1d76-3e5e-9d72-3c546ac30dea,4
bb5090b9-6979-3188-a8c7-2873586f85da,4
ef4dbc40-398c-38d4-ab47-35fab988f6b4,4
0fe1b53e-f947-3ca2-88ed-3bf0843763fc,4
a2294f07-130c-3fcf-af6c-49e3815582bc,4
65595f27-af7d-372f-9204-dc0e68d16fd4,4
e5bd5667-e6d8-35ae-87bd-d751b4f14a0d,4
fe556342-9dac-385a-8232-811fd83d97bc,4
4d33e1b5-82fb-3228-a935-6557a9b8ff7c,4
f1da8c7d-0275-3d8b-b637-58105129d859,4
9263c1ca-c988-3122-87a1-6c7cd507b5aa,4
ac8fcc4c-34e1-3529-b442-93cf991e978a,4
65842b89-c5a4-318e-a476-47e6283d83fc,4
644ec475-a7e4-39f3-a342-6b298680df2f,4
6de88e0d-b289-3fb5-99b7-85ff4254a813,4
f753f99c-e450-3dbe-a81e-45abe9864f3a,4
e674dc77-a40c-333c-9017-e8abf2519bb3,4
14183eb6-cc1c-34da-9e20-3b2527d31541,4
c595e507-1532-3342-83e9-2ff44ce1c83d,4
7c7387c9-27d8-3ba8-b5f0-cbb429ca16a3,4
6594a0cb-a4c7-3a2d-a886-508fce28dfdb,4
0487b121-7c1e-340a-b6fa-ab3192ac814d,4
2b5dc3aa-b339-35f8-a663-a175dfab7eab,4
8bf75b4a-4471-34c6-a902-5643ecd3094a,4
3022ab0d-2f40-3a43-b044-125045bdfc37,4
42fbacd9-dc70-3205-9a9b-e25631a53893,4
4c681552-086c-3ce7-83b1-f49a20546545,4
7e030e00-9f44-3abf-9cb8-894123f625b7,4
ce04b92b-19fe-323b-8b44-5ac8acb5663b,4
d8ca1242-e7f9-378b-a278-06da69a54591,4
96b5fcbd-c4d2-3f46-9dc4-c6f2ee1daa97,4
31ebc35d-7629-388f-8b3b-eedd1ae92151,4
a8278cff-545f-392f-a908-12d9e9ab151d,4
53147b54-50fd-351e-b468-a3600b51fc7c,4
7f3d395d-db0b-34c0-9d1f-a7766ec5ae4c,4
7be56f50-963c-3867-9b32-bae4b5636e21,4
3d070647-650c-390a-a716-25ff56ec1ff6,4
d01529b2-c48b-3ed4-8684-5cdd0dc08b7e,4
7013c826-a08b-3cf4-8c48-aaff7b4ba205,4
376bf0c5-c6bf-3168-bd5b-89e56c449124,4
3a418832-631c-3004-9695-7c987d9ce358,4
66141581-3427-30b1-b614-c535b50f3989,4
ae4d0cf0-f375-346f-b990-d9f00704a0e7,4
494ea11d-3e0a-33a1-8373-778795d8933d,4
e579dec0-1dbd-341d-943a-a45c5e7583c0,4
9df5444d-95f3-3bf1-933e-56ea119166bf,4
a839c1a4-4acb-3710-9187-4ab01a7f3704,4
d5c55507-77c2-308f-93fb-468c1dca8a73,4
bd9bfc17-81c0-38a8-a34e-0c1cf813cb63,4
c3914aff-ad0e-3ced-aa20-78574d969cf1,4
ced81b00-6b4f-355e-977c-ab340d08b78f,4
105f9eb0-0a90-3820-a6e4-1ccbc7e81584,4
ec700911-c0d7-335c-8613-136e08f8d1f2,4
5ef7f47a-d7f4-34a7-9dc5-8d8e2a38cab4,4
8129c6ba-50e2-3445-bcfc-7e6b1d11bb06,4
14d47acc-7213-3363-9f91-efdd612fa034,4
e3decf72-8997-31af-8598-a27ee0f1ab3e,4
5d94b421-ab99-3f83-8447-e4ed3a37560b,4
9cdbbc30-7e57-3d3b-a652-4b57aef05b14,4
37a074cc-56cc-3c26-854e-f8e4c9173ede,4
76dc0fd5-7699-3cd3-bdaf-91dc4da8be3d,4
b38b435c-d65c-3df9-a06a-b4625f3065f6,4
832d5f84-86b6-3922-9a66-a4c43960306b,4
11847f7a-dee1-38ed-8e90-ab1e7279ea5a,4
6901dddb-6d89-3fe1-b9cd-b30f93bab4be,4
db667ce7-3cd8-3444-92cc-5062c0ea32ff,4
76383a7f-3875-37c8-bf1e-5d73095e258c,4
7f19d573-5f0d-3746-b544-b7c00f9cc5b5,4
2da8a7a2-4873-38f7-bf86-b99e20f0386b,4
5f2ec7da-fc66-3129-8570-4b96f8dee304,4
f8175a7f-180a-38cd-bb7f-d425469b205b,4
583339c0-5688-3f6e-98e1-9512f7072be2,4
4e8e77e6-1150-3074-844a-2578a007db14,4
7947ec52-776f-3382-ae29-a2e8307b64a1,4
93db567e-d405-3d96-b9cb-c411d8cc92e6,4
7f440ff6-f765-3c97-998d-f6fc8b0594fb,4
1961e7e6-de5c-3745-b2fa-1ba44d99bfe0,4
982b4610-94f0-3b11-ba18-b4a14a3c36e5,4
546bdedb-ea9e-3350-925f-347998fcec91,4
fcd72184-a3f3-3bcf-bf5a-7e1aa5c229ea,4
9259e3b7-d76f-3aad-88b4-724759b270a4,4
7aeeed0d-3884-3507-a6db-a23e2cba81d3,4
c463ffdb-f5c5-36f0-8693-ae29e4af99da,4
66e81d42-14e8-3a26-a541-b3b3ed9dcab4,4
32c74485-bb9b-3e0c-ad69-2b1699ae7831,4
685aa544-6888-3a9d-8e5c-874b33c96ea9,4
b5f23bb0-bcef-3db1-a9cf-541bfed917dc,4
654840e0-711b-3ad8-8d54-55fcf509fb2b,4
4b202dcd-755a-32d9-a998-829b882d6c37,4
e5a94097-f1e0-327e-af92-a1867ceaea2d,4
7c94d4cf-62af-3bb8-adec-39684ad07b6a,4
af27e987-a507-3f27-be7c-2a26fb9d2a3a,4
238effbf-3a25-308b-bbd9-c00323a1df05,4
a6c92031-8450-36e0-b966-1afb8e3db3d0,4
a99fac7d-1fde-3e08-9886-4e13e087df16,4
08664b35-2a9a-3e72-849f-cfaaef2f2066,4
56847811-9416-3065-8a1d-95751d35c543,4
34a1b031-a513-395a-b42d-57c6e3247bbc,4
731cb7c9-bc2d-38da-aa6f-dc44551e01d0,4
eaede4ed-0a7c-397e-81a6-6ca464695f88,4
fcdf1dcd-ad40-3cee-9c00-9e6d5dd804ac,4
77771186-503c-30d7-95c6-34a037fa23da,4
8d869e0c-2e06-3953-a1be-9e5bcabfc4c3,4
be640d88-052e-3a2d-b321-eaf02b96c1e5,4
92911a19-7657-3db9-b570-acfeae870a7f,4
28560993-d178-3683-993b-ea884c3826b0,4
34ce16cf-dc67-3792-9653-f5cbf395959d,4
f317676d-2e71-3830-86a3-b0723fd6d9f6,4
1db2eba2-d0f1-3d55-bd1e-af3a4a1eee15,4
a96d498f-fb83-36ea-a9f7-9674c4e72496,4
12feb35b-cd1d-3d01-b500-e38e7fd23998,4
26f57723-82bc-379a-a142-bd4ed86e4f51,4
0ddbe199-4170-3d4a-b81e-6b1eec382e2e,4
62788cbd-b3f2-35c1-b36a-7ca5cd1376ad,4
58386777-516a-3425-ac36-8fed72702450,4
c107003e-1a49-3949-9a72-1936b3590518,4
b1e77a56-e29e-381b-a158-62e7f0427611,4
6f529baa-5aa8-3d35-9c2c-3657771d3475,4
683e6cd3-3f99-390d-bcd3-037c2891fc15,4
4d3b73c3-ce4c-3786-b968-bd45d52858e7,4
d66f3d7c-af08-38ec-a9e6-421480e64bc2,4
bc0713b3-cf41-3469-ad86-7669c6017eac,4
140f60ec-5568-375c-b69e-695f235cedd1,4
e2aef7a4-db16-35b4-a371-4042285a35f6,4
9088e1a1-f8f3-3cef-bfa3-85a036c5205f,4
23394f78-23f0-3307-8f0d-2b128f260ea3,4
782d3baf-17e3-3dcd-bb4d-982d6b2b2bd5,4
bc25772d-4823-3e69-b703-fddd6dfe500f,4
c517916f-4846-389f-98a7-a4cbab3b0391,4
f3250831-720f-395c-8178-4b34d265433a,4
f6628a01-efa5-3f11-a847-6e9791980ef5,4
bfeb3980-e146-3618-88ec-8c646cd75e6d,4
a7d4b3d4-23ac-3315-a2e5-3309e71e9cf3,4
16667112-715f-3702-99ef-0dfc26982460,4
316b54d2-f40a-3cdd-a800-45088a96287c,4
fa770e28-bd32-368f-b0c1-bd2e7135d791,4
20114cdd-018d-3387-b071-cfe22c61ab28,4
169d6260-fb0a-3ea1-a051-2f9c49fe06b4,4
d879e3e9-72e4-370a-b900-ee3fae101d68,4
3b7849a2-7860-338e-9e6c-dc6e39de129b,4
e06ff044-4b6c-37fc-8bba-7e8684c315be,4
d95bc845-c571-3232-b24c-a2ce2af03ef3,4
2945486d-6753-34d0-963c-1a3e0a8171ae,4
7d509ab9-d60b-3325-91d9-acc6e75eb453,4
463cfb51-7dbe-334c-9a86-f27c53129c83,4
50f5468d-339a-3807-bd47-868c80a5bc7e,4
12e8e38b-7c81-3e51-9b20-1ac8ea011f5a,4
a89b477e-ad50-3c94-ad94-e5c3d3a184f2,4
f9fc2138-481e-3fc0-8ca6-34d6e542563c,4
f4a8b3bd-3c82-3a72-b0f4-80c5466ddbe7,4
f794656a-1c21-3fb2-be6e-c0d519cfbe10,4
46eac4e8-ee10-3930-8bbb-16c4417e59c0,4
865a5ee4-99fb-36fe-b871-62160585f499,4
c622895b-e80c-390c-b9f9-4524f3519ac1,4
dd267138-e904-3a18-a8a9-d90a5b028929,4
a777e4d9-db59-3254-8e8f-31cf6827d6d6,4
6ef85404-fdce-3dce-bbf0-772b9c0006e0,4
2ec01eed-76ac-306c-a65f-065c565e6adb,4
eb93be57-a2ed-3899-aa4a-70f333942124,4
90bb6fd5-7b3c-323c-80dc-1a08d47093bf,4
e0504517-2aa5-3bc2-a818-a5d787a75384,4
52a4eb39-ab62-30f0-bfae-a230676f9ee6,4
d467ec1f-b6d8-3f5d-9b7b-9e5acf065ee9,4
e2dc9aed-cdcd-358e-a844-99a47447484c,4
9dd76519-91b0-3323-9b35-5860daf51ae8,4
19d902c4-9d61-31bb-9d78-4b306dee778d,4
6cf90a2f-bc8c-37b8-8c71-a6447e2ff389,4
9bd0fdac-81a1-3e06-99f8-a16b7fa18b61,4
ecbd1cc2-83a2-3479-8811-b66c9edb7cb3,4
a5a94d4d-5079-31ff-b7ca-630077858c58,4
28c75133-c0ad-36de-8fd8-56819b70c0e4,4
6f4c7859-f533-3863-bd3b-9bea4485f2ab,4
35f8cb7f-1892-3414-840e-6dd0a4f670f0,4
a3eb6ce9-18d5-39de-95e7-c457a5d511e5,4
812963d5-2e05-34ee-84d3-bb19500cb074,4
808fb0d5-cf26-3c62-b8c6-398d4e107a4b,4
73472199-7246-364a-ae01-d631ab553440,4
60057284-5d8f-329e-843a-0421e6cf0a78,4
39966e4d-84b0-32c4-bc6d-be10663850c2,4
9d401657-9436-39bb-9a02-8e950a04f5d1,4
8d36f59a-acf5-340e-a729-5d4b0cc7a934,4
c07a67bf-6014-3b48-acec-435748e4c4ea,4
cb2f4f31-f0b0-3194-80d1-a31d5cd988f4,4
d851e79a-d00e-392d-947a-8a77f8c8dd94,4
d64942e4-0636-3b95-86ae-78f88b279c08,4
be18bfeb-15c6-3380-ba0f-500eade742c5,4
ac94e8c1-8e70-3f25-a9cb-44afe8b95dd6,4
67dbb46f-4ab7-356e-88fd-f22538ac13a2,4
1d959706-4244-3a73-a418-6b05bcdaaa19,4
4750171c-8cdf-3900-83a6-861529043ac1,4
b1661e9d-f589-3048-9582-1ec5315448ce,4
fc9b8a55-3854-3340-bddd-78eb3c35d1ad,4
7b067b89-7bdc-35a0-9fe0-ae85d7073cdf,4
7cadb754-5675-3ebc-bf33-7b7b01cf8107,4
f1b9aae7-ca16-36d1-a8ab-0e2fb5d2e23f,4
867808ce-f445-34db-b52d-0610fd830170,4
69c527e5-86d6-3e8c-9dae-55e25f8b45c2,4
61dddee5-7f4f-3daf-a3f9-064f2ad99fe4,4
0da216b8-2f59-3439-900c-7234ee67ba6a,4
dc4f5530-36d1-3767-83e1-26a604654c59,4
9071a139-b28c-3b7c-a686-7b8b00df61ce,4
f95b982f-2261-36c8-a5dc-4cd638709482,4
aed76ff9-b419-3793-993a-aac883ee161d,4
b59fddab-0021-33db-8b55-5a30b2c99159,4
839cf0cb-d9a5-397a-be3e-a096edcf6991,4
6d9a6fcb-0f13-35ad-b28e-487a65e92173,4
c083a4a4-5b07-3725-9ddc-300fdfa9e6ea,4
3222b553-fd07-3a0d-8207-a00f6a030b10,4
a11fdefd-8d10-3df1-8e84-a1a4b0b912fb,4
78b0f81f-1cff-353a-9e9f-9eb22813bb6c,4
ce1c815a-c283-303b-8190-88814441e826,4
1fcb33ef-5012-339a-86f5-07e8b17c0052,4
eddc74f1-0663-3063-a8a4-cb42db8bd808,4
1a5dd28a-ce53-34ee-8f98-03f8c3f05d9b,4
ecd11d4d-9c0d-3c5b-8192-464b6fd22a66,4
4aed29ed-3042-3d6b-a4b3-0fd6fd669023,4
2383e5b2-f19a-340c-8397-51dfc88f1177,4
f61f892d-f52c-3b32-b39a-0f98f703183b,4
2ad1ff2d-fbab-3227-bfc4-2923547461d5,4
0c6c1a1c-2f69-3efb-95ed-e785ce3c3a98,4
29e778a2-1503-37e0-bc92-3b3d2a99d6a4,4
41b5c05b-f3ef-3e06-b7b3-21681f8d2d6b,4
0719f28f-80a3-33a2-afa1-c51a431ec145,4
9ca6813a-7579-35e7-ae34-1a19bbdd9603,4
404d321c-fc4d-3edc-81cd-538d767f36e1,4
7d13cb4e-10c5-3d6f-90fe-b7f05d510062,4
8643ee18-8f95-3fa7-8a3e-3e408c397049,4
9bf5d80c-8458-37f2-9244-faa09850321a,4
c3c03ef0-f7ea-3039-8b4f-6a2eec02ecd0,4
5234abde-6946-343c-b7f8-c643e0386761,4
8fca3e29-e66f-3883-bbe3-98c6562e29bd,4
def23f69-0000-33d9-86fc-e34c23fc3ba4,4
c07e15a7-5e87-3b7f-aeba-6543ee58541e,4
9ec303a9-43ce-329a-9d98-37872477d27e,4
4ca3c8dc-6ed6-32a4-960e-4ec4ceab0bda,4
19e09d17-e1ec-30ef-a27f-a22dc66fea12,4
f9af7dec-4cb3-3553-acc2-e619a55dc226,4
1900983a-149a-344d-87d6-09695cfaee72,4
010cb5a7-3437-30ae-972b-3d1d4a3cb27f,4
7daeb01a-9a82-3005-8136-558a50370bb1,4
cebb2af7-90f9-3f5a-9366-ace86b2ca3e7,4
74381967-02b1-3019-bf6e-e9000bc0b3a7,4
0ad0bc3d-e40b-3e8e-8e73-900954daeb25,4
d1d62a45-5c26-35bd-a98f-0576ff4f81cc,4
3c6c2fd8-c999-330f-98c9-99efb7a23e51,4
9455e120-b4ff-3be9-a50a-34ea24b3cae9,4
27881aaf-46a8-3e63-b7a5-cfacc11e8559,4
880f4687-8b0a-3f52-a1d8-0ad0d361d1dc,4
02cbc5b4-3af2-3f2c-a728-515f35f89feb,4
eddd6bc3-7333-3140-93d8-90c9acd4459b,4
23951448-d85f-351f-a7d0-975a400c6d2a,4
cd74a6b6-f519-3293-afa5-d86d7bc5da96,4
bda9180a-a15e-3312-8f60-cc1c9e805b93,4
c2fa44b1-497c-3cbd-b791-71478db1118d,4
0f88fccd-b528-3f2d-8f12-7d49633861be,4
3372c3bd-52c0-3107-a306-13da9bd30d11,4
3f0381bb-73fb-3396-9188-180e26eeb985,4
17dd390f-91a5-3efd-95bd-10dd45b1c873,4
4d77d4d8-4979-3a9a-be5a-bb9572b098a0,4
2c01a403-7979-35f5-841a-b4bb65c12b81,4
8c381f77-f94d-3bab-af8b-5e05effdd7ff,4
b342e04a-9e58-34ce-8a39-385688f264e7,4
16499d1a-8721-3268-a4a8-c204f05aa167,4
ba9750a1-b838-3f9b-9963-d4d39409ede3,4
3dfe97e0-21bc-3d19-8170-ff84b7d2cb6f,4
4130a55e-ab3f-3d80-aac8-6e53b15d0ea8,4
48afcba0-b797-311c-92d5-a0533ee4b11e,4
a378f748-1792-34cf-944b-ae942ffc99e7,4
69359e0e-b3b8-3504-a06a-e4e66f57140f,4
cebc0657-576e-3673-a557-d2554a2f70a5,4
0be814d7-e656-34dd-b5d1-58fae363e636,4
bb036694-b2d8-30fc-9884-460645bd2dce,4
716f8081-a73f-3bab-96ec-3f07c1ddaeec,4
635cb9b9-8fc6-326a-8f60-f2c6d7623c2c,4
2991de8a-93cd-34a6-b576-3345cddf8a6b,4
01be576d-1350-32f7-a7a9-86c9967ea939,4
4783ef8c-a706-35af-ab30-677b99721892,4
08149b8a-e9bb-3e10-8408-787efe9ebe5b,4
d5da569a-cbef-348e-b083-dbd2e4be3880,4
dedd00fb-738a-3967-92fb-0ee653d2367c,4
fcbcfb03-247d-3a9a-b330-e0aaeecc3650,4
e9e496cc-7768-3218-99cf-778fdff158b9,4
496e0baf-50c8-3be6-afa7-eb8d9a2db8b2,4
c88f36ca-0193-381c-b758-6514846ee40f,4
0eb06bba-f14e-3055-aa29-54a93e5be60d,4
e3b82c52-8a6d-352e-97d3-678d1a1ed06a,4
26c86654-4699-3dcf-b4e0-fd6f1841c07e,4
8ef34d80-fb13-3af6-899a-73fd6de7d5e5,4
94bf796d-bb36-3b18-b941-d3eec362872a,4
c8baefc6-611f-35d4-869b-67be8fa128e9,4
8225d627-375d-3b79-83c0-1392a3c0c23b,4
cd66d91b-2d15-3ff2-80aa-0f3571f3828c,4
0c2b80a0-5894-385f-ab8a-3cc19163be68,4
39971e4d-623a-3bc3-9614-56edbc8c1144,4
45da5cda-bec1-3ae7-a789-5d521f8fb9a5,4
959a4565-ad72-3c47-8e83-13f882aee898,4
78a3fdfd-7715-38f3-b99f-024c2ed63168,4
0120383a-652b-369a-8248-32af0b312e73,4
e744292d-71e3-39ef-aaa3-9f1a298a7308,4
a7a23129-eca6-3f58-93af-84a5f84e9a74,4
e4dcf3cb-30df-3684-8407-4a94868c699c,4
07d09a0e-b075-3230-bf79-88bd9310e8a6,4
d45b3e9d-1981-3535-a623-55d77cd5adaa,4
06b7948b-fe51-343a-bd6b-57fc88f9890c,4
bb49406e-60f1-337e-8a3b-1b47d583e6db,4
e0c532df-21bb-381a-9248-4626cc073739,4
900b60d2-47d2-31ca-96c4-eec15c5f9600,4
6a3a2fc6-b52e-392b-8759-fe732664bc7f,4
c07da747-1625-38f9-a5dd-3cd29ebe2935,4
10a35e6c-fa08-37a5-bf53-d6b3609f27bd,4
abf4443a-6972-3e4a-971b-5840345ed14c,4
3d564f8b-b516-33ca-9e55-10c85bebc51a,4
2566e510-e0ba-371d-90e9-fd997c4959fa,4
9f50209b-74cd-3ab4-864d-4ec4d1c141a9,4
f6c322e7-124c-32a4-9af3-608d41cf19c7,4
cf3d3ddd-033f-33b6-97da-683396d7edb6,4
03b657a4-631e-398c-aeaa-c64c52b697d6,4
a11747a7-89af-342a-8199-968d937ed078,4
40809d62-3ed3-3a88-9228-296d8a0431de,4
239b56c2-9497-3e3c-b7bb-8577a86eb15e,4
a5296973-438d-3ce3-a283-56dd9ac01245,4
4d3af858-c4de-3756-bb33-ce5d729065ee,4
a6fb9df1-bed0-3d50-8750-3dfc78294721,4
7bb0536f-b2e2-3637-87f1-3abab013dd31,4
cf2736e3-849c-3c4f-a90c-6738f240c11a,4
c8ff9899-f9b6-3229-b868-df64cacd81b9,4
c888f9b1-9013-3d7a-a978-59bf8f4f436c,4
a3834158-8b73-3ec3-84de-e876d3672018,4
4db84dc4-6d7b-35d0-8362-14d76b00088f,4
95cd0ab7-b38a-3334-9e60-fab04fda86f3,4
90d96d52-d5cf-346d-9bc1-2473c9e275a8,4
33ebe5cd-a090-3154-bc96-f82d2c9ef244,4
9919bddb-c184-3317-b9c5-8b9c3a8ecce3,4
5be496de-a755-381f-ad70-c14742eba580,4
5ac5b97b-33eb-3e05-862a-8e51d905671e,4
04bda55d-2eed-35f0-85a6-df4c5af6e680,4
ffd7766b-1d27-3397-9319-6db30b65db2d,4
3dcd8d0d-fec4-3cde-b962-939fa83ff258,4
44556b0f-2e01-3783-88ca-a80ea4493471,4
8f197ee4-c8cd-39a6-a709-55c18e661556,4
cfdb5b04-eda1-3f99-ae32-deb6ad957928,4
0e2734f3-768c-3931-999a-21697668d9c9,4
6e32e8cc-9fa2-35cb-9c80-d2a622933961,4
ee13f4cc-e822-38da-aee5-cc2046a426b7,4
bb29f4ad-87db-3a02-8bd7-c4160555add5,4
d474d1b1-fad7-3d27-9df3-fa1a2af280a8,4
2bf1428f-f942-33ec-96e9-c7ee5f7daf85,4
7b711f52-19e5-38fc-89bc-6f9aaf2653f5,4
ffe547f6-b4f6-31e7-a43c-a5389f13a3a6,4
5c52f86d-0665-3a92-b8e0-25a6dde85530,4
fc9f60db-0541-3eeb-b681-bf55c4b870d3,4
ab1bae48-4f86-3514-be69-5c90aee69aa2,4
d03b575f-af2d-3856-8d0e-7d205aca8352,4
3b78dbc9-ae82-3def-9c51-22c895e2be26,4
8392815d-389a-3941-9788-890435f7f74b,4
cfe19d92-bc96-3055-88f4-b8301456f70c,4
be3f4472-b2b7-3955-b276-c2a9388a43f5,4
a14e31c3-d6dc-3371-8a5b-624048c6931b,4
ceaeebc6-5627-349f-a0ef-5f99296a7113,4
f30573c2-c901-336a-90f5-12da1467a948,4
ed08b532-1691-3fd0-941a-4ba2248c4914,4
d98944f6-4508-3f48-8b70-c7604f2d9be7,4
45d307d2-f8e4-35e9-8891-ee7638578272,4
e685cbc3-7d13-3aea-a9ff-bb0c28493dba,4
99b4a108-e3a0-3761-9692-a2b220230a2a,4
6506a75c-595f-3598-ab62-65c526824721,4
8d602c6c-beb7-3272-9618-052e6f689485,4
a657801c-2896-36ff-ab85-8098a0e222ba,4
79d42593-4763-3282-8d58-1eafdec5d67c,4
ff760f3e-b719-3839-ad22-4c75a3a2bf21,4
ba6a880b-747d-3af1-97f2-4a65fbc4b3e7,4
4033c656-7788-3096-b616-315405af18be,4
79e5cab4-63bc-3bde-bfdb-9d59608ca469,4
bb75858b-6543-3adf-bb46-2043a8d4b117,4
2531f73c-22c6-3c24-80c6-25aa26ab01af,4
c7d07a1d-c35f-3f6d-b8aa-1ff00343f0f5,4
81e44a01-a0aa-38c8-bcee-48d6f52c38b3,4
212667fa-abe9-36b6-a0ce-e356a2b3fd9b,4
362b0f9f-1eac-3258-8ec8-d06c669405b8,4
1564dffe-af5e-382e-87a8-06de4aef26c9,4
e1a21906-c80b-34de-91bc-2a90fcf9ce55,4
66f7c4fa-b88c-37f3-b751-c2202c068a56,4
604b86db-169c-38cc-85a3-c2955b5f1798,4
5272abb6-1f2f-35e2-8a46-e9fbf7cd3bc1,4
3159cf15-ec26-36c3-92f1-5bcdb61834f4,4
bb8025cb-331c-3d0b-94be-f145b3c5eabd,4
f42889f0-1d11-3149-9b86-1d68443b926e,4
3a5615a8-108b-3f90-a763-80ea6a62418f,4
c72ac400-6051-37ee-8ee2-b9ff1044a31b,4
5183b6da-964e-307c-8bed-61e3a957c279,4
a7c6bb45-c889-3435-b9c9-f2ce74502db4,4
31cdc2d5-d24e-360e-a3b4-497f45d65623,4
bd92148c-4fea-3294-abbb-a1ff3951230a,4
0ddbc3ba-8260-30e5-951d-3fe497a3987f,4
181649ed-35a1-3450-91a1-c67c968a6860,4
361955e2-2959-3564-af31-d6f9d816038c,4
fbcf8dbb-61be-314b-8aac-29f6127bbdd7,4
e467651a-7838-3969-951d-18b822992266,4
ce24c8ab-d50d-3c78-ae0e-785103f1ccf3,4
7ba90b71-6900-3cc9-978e-67f5065d2620,4
5dd0fb39-5b2b-31d5-93d0-cb6f3284dab2,4
d90f6cf3-8c24-3bcb-8bc9-3273e5ed80a1,4
a9be7326-09b6-3f29-8a92-c688201588fc,4
db9e5a05-c687-39a8-b69c-e1b1fe200d5a,4
04687586-9985-3f48-89f9-2650def205cb,4
b0fe035f-8aab-3d79-af8a-fe7cc8528207,4
2bf68d3d-5f4a-3267-9a59-a2abdc3667cb,4
95b0ceca-3f1e-3f00-a191-2a3526302168,4
9900822c-5f5c-32d8-b45d-df0f86854fee,4
1b50b115-9a54-33a7-9c94-2a20231d6f11,4
80268faa-a51c-30ed-9965-cea4d8f7d921,4
e6a73309-a765-3a7a-9351-2462da7a81fb,4
c38e738c-e5fd-3999-b37d-80979c68169e,4
f6f13b9e-f686-3434-b5b5-a15d7894f816,4
cc6bdc6d-6bbe-3ad0-b600-d5dbdfefe297,4
a42b8dce-9688-3513-b482-b677a123652b,4
c1af5130-5bd5-3fee-9159-94ecac2a6566,4
98e93d50-a71f-3f46-9029-4ff19f71d422,4
7fa70045-9e3a-3b38-81a7-6f68e1d0c930,4
c8cad9ac-8eb0-39f7-b2f1-990bdeb86283,4
fe200e7e-34de-36a9-9711-cea699e9f3e3,4
36693969-675d-3efa-a5fd-7f7104e2333e,4
6de74e2f-db21-32e3-9308-fb8596547708,4
5e1603b6-d8c2-33a9-bbd7-9a844ec2004f,4
267e6cd2-75db-3481-8d2e-b7f59c246c40,4
d573a66a-8dbe-396e-9666-4ccdb9739627,4
5a1ac467-6d81-340f-a4fd-7514b0f1eb46,4
3c72d1f3-d3e4-33fd-a17a-01b9b54085be,4
9116a8c1-0608-37ee-b8de-5a32dbd5b08e,4
fd72c5f8-1875-3148-a723-4875904e6a25,4
c151ab73-ced9-3b09-86cd-e14e39970bf8,4
c79002d3-f815-3ea8-941e-ff4a8acf1276,4
b56cf4b9-6347-32e3-829e-5ab3ebbdc56e,4
577f7351-951f-3943-ba4b-a94cff973439,4
d6c4f411-bb8c-3d96-8ae0-c1c89b3b0056,4
9bbe2854-3e61-3e64-9ee9-eacc36a30c6e,4
38718f0f-6682-3020-8254-106781b1c371,4
dd65024f-3134-3ac7-8a47-ee087422605d,4
f3cc551d-137f-3656-b806-d8ad9ba77aa8,4
c428df4e-3b42-33c3-896d-fef9165fe23e,4
5afb4916-139e-33a9-8c2a-2d404827a109,4
b2d20a82-16a9-3d61-addd-9d0f75d3b849,4
f818e030-8a91-3e20-9d0a-36d8c945e0aa,4
3a137a95-d151-3a52-93d3-a0042021d277,4
1c7bb562-768b-33fb-ad27-07ae0e6a88de,4
a4640946-7055-3d02-a32b-315a4ce0b7c3,4
78589b9e-3949-39a9-814b-167fece3c9e0,4
9dd02bf3-6467-3ce4-a872-96b5049164ca,4
6b237fc0-0486-3494-a24e-07ba9db33867,4
16dd1bdd-464d-3966-9785-976bf3f22975,4
357afb51-e02e-3a15-8bbc-2679d0fe74f3,4
ced2ce41-6c83-3bad-91fb-7ac7b086133b,4
4ebe2478-bf7a-3a37-a8b2-02afcd2590a8,4
26a191fe-07bc-37fb-ab89-48635882229e,4
f4ac4681-858b-3dcd-9c62-5235846a6004,4
ab0c7723-bd18-3a52-a831-697fc4def0e2,4
84b8f253-2aaa-3c0b-9194-dbff48bb013d,4
1fc98696-d253-35cb-9ae3-639bc6642be6,4
289dedaf-eb60-3cfc-9ef1-4f4a5758798b,4
e4d4b7db-4129-38a6-a451-5f1cc6df40a9,4
793108e1-a56b-3311-b478-d118299dc50d,4
49c51164-5bc5-3924-b463-0239e94ef7c6,4
efd9e951-6cec-3804-a590-3f31b019c3d8,4
b39cd231-9216-3f1b-92e9-9ddd240379bb,4
d732b9c8-65d4-37f7-84c9-00407181741d,4
f0e83fb5-6bd6-3262-bcec-68e2638c5014,4
5a065070-ad74-3d4f-bcd6-0f7134509d3f,4
f0f93d78-cc5b-3047-86a1-0ca45a9ec868,4
dc6052c7-867d-319d-ae10-e42788a2a8f0,4
50018fe8-0dcf-3f7e-b988-bf6d33195033,4
ddabf951-4b87-3135-82ef-b0e8e09ac469,4
121c61aa-2c31-3022-81e9-6c98a373e5b7,4
775f9210-8135-3fc0-8979-8d740218afda,4
ba59f0a2-0de5-3b74-a723-1c62a0a9b937,4
bc3fd928-5e8f-31cf-b450-ccfe243518cc,4
c9d752ef-27e4-336e-a99f-3472150d4584,4
ee2196ae-21fc-37a9-ae27-1170ca5a022d,4
4a413fc9-205e-38cd-8152-abf05863b0fc,4
20e85028-7591-3c2b-9785-b0ab38ef3854,4
7eaacde1-9be8-3cd7-8870-c452e8ebb2a5,4
b5845ecf-efeb-3fa1-b843-8adf77af91d3,4
714695ae-a3bd-353f-8d8b-0d023bb16790,4
889bc1e5-321b-3a4f-81b1-3f72e910747d,4
a1e9b42c-15ff-336c-9817-100bf87ca7cf,4
d64ae44f-25bd-3ffa-b840-84b114ef1761,4
cd1c95ae-826c-36d3-a2d9-5d7fa60dc662,4
8c8b1642-3e68-3e6a-a663-bde7cfa85c9f,4
7d9e1c21-a2e4-3393-83b8-ea6f234baab7,4
81c7213f-2c4c-3ea4-96ea-e87382e23fe9,4
c1e75996-3f2a-359f-9f0e-3ea7844563e3,4
049c0bb2-ccf6-3cc2-811a-b762f329dc13,4
a34200fd-9279-3af8-a06e-bd3e0df3507f,4
b01c4698-ad54-30d4-85fe-e41b77328bff,4
4f9ce0ce-dbd1-30cc-8e21-794cacb162b2,4
cf51ea20-08b9-36de-a361-d3991af1e7b1,4
af645ecc-183b-38cc-9da3-2bcd87b22839,4
5b4caeaa-80f1-33c9-97ef-2aa984c63194,4
48af863d-b356-3f9d-9d0f-136107b3ec25,4
4069972f-e9b2-32a1-b111-eaa78aa2fdbe,4
89824de2-cb65-3eb7-b2d2-e11281fd6e1f,4
ee85aa1b-f378-3c6d-8431-39c0755b5f4f,4
8be2e9eb-15cb-350a-b9dd-f948570eff2f,4
9aae92e0-8ebf-3394-b773-7109897dd28f,4
7a87f5cd-72f3-3959-9fc5-321e94993ac3,4
a2b2cef1-2fd6-3491-8825-6346f0a15b7b,4
96739cfb-6344-3b01-aad4-d162b9ebf14f,4
7efa7c53-92a9-3618-a9f2-73b4828973a4,4
f8fe89b6-35ca-3785-a00b-9dede9ffbc6b,4
4cf3b20b-31ed-3f49-9aa9-8bc1988ee307,4
896e7aea-5180-3aa1-bd60-6f7e5443051c,4
0b500d1f-64ab-3824-82b2-919577889d35,4
00a7b61d-ab2f-3051-a5a8-c6f5923ba93d,4
55598faa-88c5-304d-992e-1d4b6b681284,4
6bbb4963-ac32-39f6-a436-7a5668eca81d,4
55934b8b-2ce2-3467-9227-5f7fe3a87428,4
4dbe2581-5170-3e26-9b0e-f23854e767a7,4
ed0a5af0-7e43-33b8-858b-a6f2fbc54110,4
cc76c038-e91b-3c8c-88b5-b801978d4040,4
a51237c0-3eb7-341c-bf11-0f412aadfc33,4
d675e17e-2b60-300e-bf7b-7db260713020,4
3f64e3ca-98dc-3b8b-bbea-6e017a698f43,4
56de845a-059e-365d-8025-7f41acfb549a,4
58c8fabb-cca4-309d-b927-60494c1098b9,4
151503d2-ddb4-360e-ac6c-8a4e7e2e82b1,4
8ed28899-cc0d-38ec-80f7-7c4ad703b026,4
dba08e68-192f-3507-8971-841decd6ebb1,4
747c3ca0-f344-3cb7-9b94-16062ab60082,4
cb0544a3-2813-37aa-b1c2-bade49e2bf05,4
26cb9ddc-2e80-33f5-947b-87ed1a5e2be6,4
33e98fb6-57fb-3ea0-aff9-52e132f1af76,4
ed55c18f-2671-3b05-9589-664f35f38699,4
7a4a59b0-2136-346b-8236-1c226ea2d65d,4
7574d9f0-9534-36bd-afdb-e66bce893a34,4
5487dfb7-8be2-309f-bf2e-afadeb84f6d0,4
99de7ef2-4ef0-3d94-b3e0-62725cb8dbc2,4
d1a3f33d-c683-3762-b345-3b35c91eeeb8,4
5e4af405-8ca8-34b6-a9fb-562de1a68625,4
d0b40956-04f6-3953-8ff0-39dfe12bd771,4
537e2214-3b6a-30bb-864d-53d02cae268f,4
44bb153c-10d0-3fa7-8e1a-c246e5b88947,4
f1b4fbeb-7f3c-39a5-b2d1-931b8917e675,4
67b49765-cf43-36b9-b826-deac501f9472,4
029b8271-ba87-3ea0-8413-0d1b716b8a97,4
adaf02ec-9545-3619-8363-857ff77b96f5,4
c811a9e9-d3c5-3af4-b8c6-f4642896bf5b,4
3fcede0a-af38-36d8-bebd-6467781b3289,4
96f34fa3-62c8-3c9b-a4c0-356db9a815ea,4
ec84f80d-0c02-3106-8291-6f3cf559d1e0,4
fc89ac92-2d01-334e-a6fa-e1954deabf8a,4
6d68989a-8e6a-314b-91c6-40f6550634d3,4
69d74cc7-3538-357c-b0d8-ba41b00018d6,4
5a527a15-2ed7-3c68-90f1-728127025bdd,4
3d04f22b-301d-3f7b-a7f7-bc3c80a3216e,4
c37294b7-436e-3102-b3fe-a3ac49d11775,4
56e911fa-2900-3157-b16e-535afc095ec3,4
cd087e02-dbf3-3b66-895e-e92843047755,4
7338c10e-9337-388f-bed2-a9c6416ac1c4,4
d39ab17d-3fd0-3597-a5b7-2329a62f29dc,4
f6a558bb-36cd-3893-8d8f-32f297d37f82,4
0cd05947-ec1f-3f42-90c3-66bc5283a870,4
81493a22-2cbc-3d0b-a078-76a605aad68a,4
ac898f89-d9e1-3f22-81fd-042c05cd79a2,4
baaacec2-7bf6-357b-b3ad-6bd401d46a3c,4
9b0b3c1c-c14a-3cba-9485-47b45bde4a5c,4
f1db954e-c3a6-3c34-bfe6-c5bf56d7381e,4
3f0ee0aa-5def-3017-b8be-382f54dcc048,4
002f91e0-a698-3a1b-9b06-6c600185dae1,4
c700903e-2aa4-300c-bf62-4dae9ddc6ee0,4
e4983222-76a3-3f74-8c29-8a3cee13b1af,4
c6b52c2a-691b-331d-b084-29cbe4cee93e,4
5f78c05d-d412-3254-9aa4-5827288f5f30,4
1dff98c9-d6fd-37f2-bf41-600af83655fa,4
096e7b0c-0aed-3dea-bcfa-ae09a8f79411,4
a3ce9d7e-98a3-32d4-8861-d921011733e2,4
c78aaf3c-f150-3867-b4df-608d2e0ffbda,4
9e4749f1-2068-319a-95a5-60334946193e,4
4c1188df-e482-3f02-a07c-202ab607f82b,4
851e5bab-ddfe-3bb9-80ca-bed2695f33d0,4
5c5a4eeb-ca5b-3d62-bf90-091dea14eb2c,4
b3dec713-9b76-3b54-aec7-61525548c66b,4
95ae023b-b66c-3227-abbf-ae9ed2a92988,4
47daf51b-47f0-32ce-8217-d71e044418ef,4
57d17abc-ada4-394c-91e3-d8ed3858ebcc,4
f6faa9be-6d0e-3bda-b21e-db4f0618c209,4
77948d15-add9-3ed9-86d9-7d38fb0278b1,4
44f4e366-42fb-3619-973b-99c913bb3982,4
d4c2cbb5-7155-3f0d-ad0f-b7657040bc89,4
d2d422cc-f56b-36ca-b4b7-f4a80a3534c7,4
bde43e59-5f06-3437-9047-8fe6d836d050,4
f1dc1207-3cbc-38a2-9019-eff31c50d42b,4
759afdb0-1670-3f4a-8b43-242d71a30167,4
1ce5c687-16e9-371a-afd6-fc6dd45344ba,4
1cf98967-b62a-33ba-a944-34a5cc4f3582,4
776606b4-3d7c-3c2b-b26d-ec29be678e0d,4
a9b7cab5-e8d6-346f-b31d-29b996ae5490,4
09f07621-513a-3a5a-afa1-e0cb101aaca7,4
3b6bef19-e845-333a-bffb-49c21b7628b6,4
4cb76554-c7f3-313c-88e8-22949ad90244,4
eaea2526-be51-3636-9363-04b99c53ecb3,4
94bce794-33e1-3624-9606-f61275320a3d,4
80234f51-88c5-317b-8f66-1b462da80cc0,4
c2b178c3-028b-3e2e-879e-8984a7f63ad9,4
65ca41cc-d705-3969-8705-dfcbcaca403b,4
cf6a6cfa-1acd-3dcf-9ac8-f322820f1213,4
c831b8b4-337d-32dc-ad0d-2e8458770847,4
048ab8a1-91ab-3725-b137-d751c491e7b8,4
6c2b27aa-28d4-3216-a901-977ecba18df2,4
056b8b57-bd7c-3386-84a2-2cefa06224d8,4
4c33a9ca-1bfc-35a9-873a-c8434b4bfd67,4
ead15ddc-fb5c-3beb-8d0a-f2f553fb54f0,4
8e62fb1b-c1a9-3a07-a626-4763f681f096,4
f533ac36-e6c0-3519-b5f9-fd056e2c36fc,4
9eeed39b-2d3a-3857-9fa6-9cb197528020,4
474cb7a2-d86b-3f0b-aa94-27aae6adcb6d,4
62fd9b88-d5c8-32d5-8199-357c6e0b5cdf,4
2189f7bb-8371-3231-81a0-26a15c67090b,4
c3c5b38b-c74f-35ae-92d8-574854d06264,4
4c962386-667c-34b3-b81f-630adcd627fb,4
825177ff-cf79-301a-a27e-768b9d9d3e6d,4
4cbcd23e-b56c-32fa-8d7e-6a22a4e1220b,4
1ed0da06-02c3-3204-8dda-ef4b02d51435,4
69de54f9-1387-3a6f-8c3a-4cb3a87368f8,4
6dcbae06-2143-3710-b9b3-327a7aa91fbc,4
1af17306-c029-38e9-851e-2477aaa74eeb,4
d3a21b20-b904-3046-93b0-aeb9d7088908,4
cc293501-9677-3dbb-90ea-365124934945,4
ea8abe2d-c82b-312b-aff9-95c176359117,4
6a491a40-26c7-3454-ad8c-dde93ac9d59d,4
9f6106fc-5432-35fa-ac47-319d7684ffec,4
0e5132e8-8b8a-3968-b864-466d11b03622,4
131cfa0b-6641-399b-a9b6-fb836d392214,4
22dc9df8-0b3e-3f73-8b6a-a94c16c2883d,4
da64ad05-7f6b-376a-bb27-556c1c1c85a3,4
fd420e7d-6a4e-3299-b248-3a0cf41394b5,4
91b58d46-5205-37f9-b6d8-bc8bb1a6a408,4
393e5b7d-88cb-380e-88f8-20fde6f4eff3,4
3cd33970-78c5-3e9e-b884-e0bd78669f62,4
ff99e07f-4e55-3162-9f50-e34acc8b54b2,4
d838acce-a049-3432-b4da-2f31dcc08cbd,4
2e9e1726-cc8f-36f0-bff3-82aca0ba3014,4
38f85c68-cc79-3290-9dbf-59c929661fa1,4
d7aab891-6b61-37e3-bd4b-891ac91544e2,4
b9232573-1cd0-3a59-b5bf-ceff56e0f1a7,4
1216e2bb-ea6f-3c58-9f2f-f9b4be14b033,4
1375d812-317e-38ab-bc5d-3a7ab5c4ad07,4
b46ca090-a973-3b5a-aa3c-f1b7645fca91,4
42dbd9d7-a7b9-3488-9c1b-14f966a45f05,4
e9dc8d83-a853-3885-ad9f-a6536d679c64,4
23e99552-0da9-321c-abcb-36bd29d363df,4
d8c84125-ae29-3db5-bd8d-496a4e3081af,4
6f85595f-d7af-36bf-9821-e47ccab2c99c,4
a4e7af32-e3c5-3659-b5fa-49faa8d781f6,4
c158e4f1-e3eb-3977-a7b0-c2361f9fe95f,4
6b243757-c1ff-3069-81a3-c0738a5f6e85,4
549fd9cf-064e-3fac-9d96-49d725652faa,4
f8fbdff0-a4cd-3608-b1b2-bab53358e972,4
fe064435-00b7-3987-9184-9257171dd83c,4
5894e425-9910-36c6-83ad-05e5d2700ca5,4
69d72434-a34f-3f55-b266-48138d6b3c2a,4
e42a553f-3bbd-362b-8944-d28ab3c94e44,4
35e9bd66-7abc-30af-8409-ce06ec1adc9b,4
32221ff8-7b9f-35a0-a1b7-8f89466903ad,4
f98b8935-44e4-3d00-8d1e-f4bc6aca83d2,4
98e73d9b-5c2c-3aa4-9fe1-bd1a8c3e4d8e,4
4121710b-f319-3122-baa8-a5cffd9624bf,4
4acab6bc-13e9-3ed4-b093-895bb6494c6a,4
75af6cf7-8c2f-3171-aef0-3d5915eb9fa1,4
42053910-f30e-3064-8928-f8025ca82899,4
679707bd-68ed-3b5d-92dc-4047aa468c26,4
570e618a-be07-324b-a335-bb62889f4f1d,4
eefcf0d3-cfa2-3640-baf4-88a16633eac3,4
6023f510-8b38-3805-b665-370aaa4fa24d,4
53e70ab7-c1cb-3149-a59b-ed3a5eee5248,4
e5aced59-ca5f-3d09-89fd-eca7c5c4c82f,4
3a4d92b6-59d9-37f1-8bbe-c8d13de6cdba,4
825fc02f-3c14-317d-80dd-ee2cc04a6e35,4
1447aaeb-e46d-3fe6-8d7c-75300e008b31,4
a28184ce-ef1a-3aa5-bc7e-4afbfae3cfb5,4
46d6dfee-96ed-3425-86a3-530200d7cbb4,4
532468ae-f685-3351-bf83-989ba0a266fe,4
efe13b97-3c4d-3e3d-a9ec-5ac48e230e79,4
abc1d5b6-279d-39b6-9839-cef6ee144b97,4
16e1423d-9856-3e62-8002-6f01a90ee5ec,4
ac8bae15-ac9d-3d61-8868-38a22fd06881,4
fc2a997a-3c2b-3e47-8602-b9c578b12ffc,4
45563dd5-cd23-39a3-9d87-6bdee992e5a4,4
81e65574-4842-3f7f-bdd5-033f852ff608,4
b7b76eed-237e-3989-b31f-26d7fa9cb1d9,4
b9a76128-c6e8-3f9e-8646-80c417b05ea3,4
2e0aa90d-25c3-3dfe-b2b3-ccd6fdd23152,4
ef84679e-bcf7-3409-8efd-669691a926b3,4
48a44016-fc8a-3ad4-83ff-9b0d8498dbcb,4
659dc1c5-572b-39c3-94c7-575b4b32b922,4
99be8400-655a-3442-9726-4ea6f7c320e4,4
6f77b313-e53f-32e2-9284-f8208a49ef5e,4
3d5ce988-e29f-31bd-9df6-2c97bc95acb0,4
ee868442-e97a-3af6-8878-94123db6c214,4
14347511-338d-3edf-af30-2d134d772933,4
beb37527-0abf-3235-83ea-452dae9090fa,4
5cc9bf12-dfff-3cde-ad49-dffeaac2a26f,4
0383a2df-63d9-3755-9447-e0611e1e638e,4
a113aff5-9755-346c-bd94-86fa5f94cd1f,4
dea8ffdd-2994-312e-8f03-0002a1be6e97,4
1373c881-37c6-3154-acce-95d9dde33bd9,4
ce3a4c9f-6e3f-3083-a3e8-0624a5930207,4
639a8e7c-d5aa-3e1c-963a-4803d40dda6c,4
85602010-8fd0-3fd9-a480-99fffd6fb400,4
2f21d660-adf5-36c1-bca4-b1c6b0b80df6,4
9abd582d-e769-3cef-b969-e04576e16356,4
fc5c6bcf-30d1-3982-82f5-6750c25111d8,4
21e88463-65bd-3a3a-b36c-42e4bbb2991d,4
4db5ae1a-26e2-3160-9079-4eef15b2e8f9,4
0190941f-478c-3b87-88af-bc2b6cc2a24e,4
b36ed018-b748-3c49-b7b9-88c3e9cf5892,4
7e52a1f8-9899-389d-9cfa-f346d68b877d,4
ef518271-a4a3-330d-af58-922d5d5c3b61,4
9298c399-fb39-37fc-a81b-638f80f9e70d,4
71e53c08-2367-3325-8662-12daf19e558c,4
53a772c6-dc1a-30d6-902a-1dd3d7e5626e,4
ebca564a-52ff-30f5-a7d4-97b0d2726996,4
439d5a5d-60ce-3d14-9fe0-ee6496bfa675,4
818a198e-ee3a-3f03-b8a5-869c94a085f3,4
15db9624-45a9-3f09-9a2a-ab19bff16d06,4
ab8d8d99-c0c5-3e2e-a01c-9440a759ce34,4
c0eac614-be1c-3129-9c26-feff79611974,4
a3eda68c-36aa-3928-b212-6122876d3089,4
9a35cf86-1360-33f5-bf68-bdc85e2b4bd1,4
5a2f40f8-f2ac-33c4-9155-ddebe49e7074,4
5e6457c1-679e-310b-b1c8-c635e1ef8eb4,4
f8a6c90b-7421-399e-98fe-d823a143de8d,4
5d71f225-6936-34c8-b46b-3f9b54eb49b6,4
d464308f-c9df-351e-8525-afd6090a68b4,4
92219e71-2edb-3202-b4a6-8ac0cb380272,4
250a150e-601e-3d1a-92a6-49be90d91c5e,4
f61396fb-dd93-32eb-95bf-d158fb16c8e3,4
cd79cea8-959e-3954-8cc4-3c7f8493c165,4
84c2ed18-428f-301f-977d-ea9de4c9f34e,4
800d97a9-8689-300a-8c81-bc123c1027d4,4
e8b85749-e8ac-3323-814d-c6756c78f598,4
1991e03b-0257-32a8-baa8-ccab732d98ab,4
67dae99a-949c-3643-b5ea-bd288fd71d6e,4
415bb5e2-4735-347b-ad15-4160c0ff3bd8,4
b0f92610-de7f-3ac7-ace3-b1e21fbe7dca,4
bf9c0c63-1ae6-397c-9388-106e6c86ac21,4
00dc5e32-f17f-394f-8009-7a7794185fd8,4
d6b09dab-7668-3aa3-bfc4-44ed8a7d800c,4
c9161294-710e-396b-b566-4b41b3755dc4,4
fde170c7-baf7-379a-bd1a-018582b02b9c,4
47d1e3e3-e29d-300c-b94f-f852cce416da,4
026b95f0-a525-38a5-941d-15ec5922cac3,4
d1184ffa-0e33-313b-8305-342bcafb929e,4
70f498fc-b093-3280-bc91-0a8539576f90,4
4c15b3ce-6103-3a0f-a42a-6d40a36b50d4,4
255c5d8a-05f1-3524-94bd-815a926a8bee,4
d32e1419-fcb1-312e-8a55-d7af0b06ee2a,4
6d780720-e84d-3ee5-8a45-d4fb59047c47,4
02f1386b-a642-32f9-b91b-7db0d2842f7f,4
ef2c8b0c-6503-345b-b940-c69afdc038ed,4
79f101e8-3169-3eb4-9d87-b30f7bc7345c,4
5c5f9072-ad4d-3b2c-aeec-eafcbac543ea,4
8884cada-2bb4-3208-b082-09b3f39ff4b4,4
0ad8dd72-a138-3f5d-b70c-cce2cd5153ce,4
d5f7f392-f4eb-369a-a134-ebce165d6b26,4
9112a601-caf4-35fb-9626-3c00f20b8e1f,4
48e989d8-063d-3c27-90d2-867ed4db050e,4
4d9b8497-8f63-334d-b586-617dc7a67d1c,4
40ded7ba-b474-3854-8834-0f4a84f5d051,4
81e72599-0ec8-3007-9727-d49d21f3d4a2,4
bc627f7c-b7b1-3894-82bd-4adb9bf5430d,4
3292db28-52f0-30a8-bfd8-0ba2df6cd37f,4
d2670ac2-496e-38f7-bced-3601290ac1ab,4
25dab045-bf3b-3407-ac71-609645f1a906,4
93a8649d-fabd-3675-86dd-42b04f59e61f,4
ac93530a-5996-3076-a87c-79021dae11cf,4
6fb895f8-6e57-3130-8a02-dd9249bb3ef5,4
cc6416cc-9621-354c-9dd6-6a665fbead8a,4
46218e90-a747-3566-9e8b-5dfeb51fa958,4
8ede1605-afaf-3f57-b7b3-ed77edba1583,4
889b9dd8-8d83-3bc6-a398-641ecc6fe404,4
777829f1-8088-3e96-ae4f-02fdeb346330,4
0cd6e40f-c040-3078-8e00-cd00424881d4,4
5f1412f2-0edc-3abf-85fb-b8fe209da4d2,4
730cae6f-a430-3d06-89bf-4d4b8170fc90,4
90f3672c-6a55-3e66-be45-7a2072dd4428,4
9d544572-35bc-332e-bc1b-826d9cc41c4a,4
e8936eaf-68ad-352d-8f11-2f352fca7814,4
8024ae1c-522b-3fb0-b9c4-3892180694e2,4
56b5d42f-1de0-3bf9-b5cf-0efb0dba8046,4
5aa8eb11-9e6a-306a-8c0f-4a37d4cec6f1,4
d5db5718-f386-3f49-8fe3-ed13fbc50056,4
6137310d-9db4-3afd-a0ef-5bc716dcb4a0,4
7a7eef37-62e3-329b-83e3-20cb04847bd9,4
399bcfe2-9e9a-3ebe-b4fb-a2068f6fd8e0,4
72ba2258-60ef-352d-9216-5c11e1162244,4
dd0223e4-acb4-3922-8b4e-a21627942ecf,4
200acab3-5c78-3aa4-98d4-fb43d4caf545,4
be6397c4-4eb9-3514-bde7-13b70b18f809,4
ecdf9306-ce40-3af6-94c1-ed22fa43bc47,4
443ea7f7-afa4-3523-8bc3-86ff0fbf9ade,4
ae78270c-f258-3240-9b4f-7f84c3547cdf,4
e8461a47-9874-3e7a-9bc8-25587d4506a7,4
4399e3f7-d557-3400-abf5-1e41c28d355e,4
fd3c323b-9397-3937-b4d7-2e43467f9fe0,4
7f76681b-2f21-39b5-8579-40a487b2b159,4
44add66b-ec71-3af8-b0a0-9e9ec1f0e9b4,4
a2fff8c9-c265-340a-931d-222f75694de4,4
9a68e865-38a0-3991-8bed-f448b4899aee,4
23c66064-bebf-328b-a470-c8650a2882bd,4
1052cbfe-675d-3a36-b18c-d0f7c281282d,4
339a03ff-89b6-3227-9361-cd85bb7af503,4
63c73f7c-7a89-355d-b6c2-b94d403047ac,4
ed03e9de-0763-3d96-8169-b848193658ac,4
34dbc95c-2d05-38cf-8722-350571ba132c,4
8c04fe9c-bbc2-30bc-bb7f-d154adfb46e8,4
104e6bd5-a317-3563-b9cb-9a95d9408acb,4
355e3e56-bc9c-3401-a0ae-ed5fcc05b9b0,4
26684db2-fbbd-38d3-bd70-428af8cf1f59,4
34d67d03-f4bf-3670-8806-1bf9662eedd5,4
c16fd7cc-aeb3-3d21-a0ec-185302fc1758,4
318aace5-98c2-3418-a6d7-8efabb517f01,4
53bcb0b8-40f9-3f5e-8764-d01d3819124b,4
dd8abb8a-158b-3626-8dc0-86aaa74ed216,4
16ba0314-9a38-337d-85ee-a1466402c24d,4
b407a08d-8246-39a8-bc4f-69208b7a6b1a,4
26f65e64-8a18-35ef-8189-0cab2d99050d,4
17698b24-5436-31d5-834f-927c2f8fbebe,4
017e2575-a6fa-3c57-b32e-e16c4b0fdd66,4
42fb40ae-23f4-316d-82c3-a9b483313472,4
edf26767-1e2d-38a9-a0bc-78914d5468b3,4
e1979e5a-bd61-3524-afad-42f8a3ddaa4a,4
b41a28b5-6179-3f35-8860-2ff2d98a3832,4
cbe23dbb-27d6-3cd4-abc9-b2fdbed217dd,4
f8d7b97a-3b37-3c45-b18a-7c2cd5983b72,4
4a581c83-7d3d-3584-bacb-9011ab65405a,4
1922fd4b-1781-342b-84d8-4df2bbd94f89,4
4269305b-d157-39fd-b12c-077c8294bec9,4
6b6072eb-5f50-35a5-b0d1-95d76f51105c,4
415c2400-3370-3046-84a1-92d083bdf854,4
e0e4bf88-6667-380b-9bd4-e6e9ae441097,4
3ec0f707-f7a6-3c38-a037-4d68a5c0ccab,4
44042aeb-d07f-3b10-bbe8-11f322dc2825,4
eca88566-6cc9-32a6-b597-8080bf1fd689,4
4349b715-2a80-3137-82f0-7ac802794652,4
84afc6dc-e6f8-3d31-8256-b999642c6e0a,4
76af6f55-35d7-31d0-b811-ba891b5d8387,4
1e281c79-b2cb-3797-90c3-5556b4f1b6ce,4
b7cf38b4-c1c8-3328-aadd-7774a1ee7501,4
c21f30a7-3e29-364d-853b-69b45e8b14db,4
9bd2f4aa-2857-39ae-95bd-d2da39655942,4
5fd11056-14fb-32a9-81e0-0b8ffde9372f,4
1af7a514-0338-3207-ab29-b4c660c477cb,4
c1df85ce-c560-30f9-8813-b8a7c9a0402d,4
405a8ce1-2316-34c1-95f3-eeecc76f1775,4
ae7c35eb-5f43-3e29-a141-64b2b266e5e2,4
fb7eca24-56ba-3c15-92a2-9c91204ec26f,4
45642d3f-1674-3a94-974e-b2e2bc7a05d1,4
96acec68-8a1a-388b-a275-4c9de90433d8,4
d607cf4b-0b68-3314-be82-97e5532b54f6,4
ad6fb2e4-70c1-3965-8ca1-503b76e6ff60,4
da1c3286-73e8-3b18-9533-6145897add7d,4
621b2cb2-b189-35ec-bb98-2c5209c4887a,4
0d3be5f3-5162-369a-ae60-fd4d82a2b9a8,4
613450ac-1701-3c4e-8d57-4cef0c4bffbb,4
533790ab-1bd7-37d0-a717-f15c11f01f33,4
381555b6-9164-3232-8e21-331b87d5f9b7,4
c805bba6-5f6e-3318-b19e-cad03aef33c4,4
0969ea62-15f2-3112-852c-e92bcd575687,4
a018bbd0-520d-3a27-be20-01bb3e9c8f19,4
09f0cec0-f08f-3979-a3c3-e921bbcf6b75,4
911f4587-d133-38bf-9dff-cac8f75e5491,4
71b20453-249a-31ef-acf9-34d9d2104976,4
fc79a029-045a-372d-983e-cd06633297d4,4
68c63324-3219-3bd8-b7e8-eb712b450e02,4
224ba5ce-22e4-3389-9be5-7263c96bfc2f,4
2f70872e-6d8f-3ea3-b437-f3daa60f3f0e,4
c6c092dd-0320-320b-b575-ef843a988cad,4
82a26ca2-f585-31b7-9b49-3f709244a0ed,4
fe1f1fa3-ac2a-385a-aedb-6149ed434de7,4
ccf27796-ca77-3fd7-9abe-b83d04c43be0,4
5f2382fa-2f6c-31a2-a994-17588c9bb053,4
e6856aa6-62e2-35a7-9db9-7fb65053581c,4
ae21242b-e840-3dcd-8b44-9051ae54b455,4
42fbe59f-1483-310d-9da8-0f1aa8054a1d,4
6655e0fe-3ac3-3f9f-9933-7f3d5cfcd158,4
028c7fb3-e21e-3d67-9bea-1c2f5ade6f27,4
6d38bf09-d999-3518-a22b-ac3ff8a990e2,4
3a789b37-d760-3516-a7ee-2090717b6c97,4
a860433c-21dd-36d9-9ee6-1508461831fa,4
dd7144c5-467e-3f48-b3d2-176178fe1bc1,4
078bfc8a-05d6-300e-b1a0-4948941f7289,4
939be6f1-f012-38bd-b5b5-f72186624120,4
1a5ef8ba-df4a-3abc-8bae-a8fdf2fbdb6f,4
b64d32fe-f4f7-39d9-83d1-41442f3ea5fa,4
7629579c-82bd-3d37-9480-cf4c78cedb6c,4
4c3b50a9-9149-3116-83be-3cc890a469ba,4
7b30a914-dd9b-3fe8-82ce-204b199b500c,4
56e120c6-0dc0-3d51-8a95-9acde4838fa6,4
38117f0e-b530-341d-997f-4c723e911ea4,4
97e2326c-e1bb-39cf-a78f-7234aef64ad4,4
a50121c7-bcd0-34dd-9488-d4283b399dd9,4
df27ae6b-05d1-3813-a78c-2cc483870da1,4
22dd9860-005d-316a-b13d-52934cffdad6,4
f8f366fe-e7b1-3612-bd42-2ad31e0ff35f,4
ea1ca4a4-e3fe-3150-b2bd-4de679f819c8,4
a6aa063d-8c0e-3fde-8239-556e59c0addb,4
fc9eb047-136d-3c5d-a5ff-37bc834b3f60,4
42e03308-524d-3308-9dd8-bd6c7d7a1e5a,4
40b25600-e1eb-3b6f-9dcb-98ab04e9cbb4,4
9e203c66-5f83-3bb6-9960-dc2a24642a6e,4
c6638232-53be-366b-9c56-e9dadbbd48dc,4
d2248117-84f2-3c2f-963d-a95dc1e3e1ad,4
c1e603d2-41bc-3326-baef-d3750bdf19f0,4
eef8e2e2-7d22-3a73-a064-c6c6211c002f,4
0add9dfd-0475-32ec-8487-e700c2632d5f,4
100fa03b-3531-35d6-856f-0ac638d1a703,4
fcb1fb04-eecd-320d-b428-875ad0601234,4
f6492a80-8570-39f5-8026-854e752ab062,4
3afba818-2471-316f-a383-b1ed505609a2,4
49f8e90f-8f44-3431-88d0-002e26b5a63c,4
ee29576e-7672-36fe-9af3-56001c37d397,4
4c57a574-aba3-3a3e-9817-847c2fb3be3c,4
f4aa0a56-3910-34dc-b0e2-140b9dd54b67,4
259ef977-26d7-34eb-a0c7-c343d0b11cc3,4
f6a17eaf-1b2b-3f57-bc03-b0dd996dd6ef,4
a34aec5e-0313-3679-b4e3-596977272cb5,4
215889ea-5910-3dc5-b9c7-c0e66c24c373,4
fdadd1a5-c938-32d8-a27a-946ca2b159dc,4
902ba3f0-5484-39a9-9d77-867946736c67,4
8e0bae04-3700-3e5c-bcaa-ab5e45931639,4
670059e3-2741-3900-a27a-42ed4daafbbe,4
7bdfb0fa-e393-3e54-8f18-206d2e6ff7a2,4
f2e93612-c968-30bc-a637-6427a43ad529,4
b10f873a-c8aa-3fbf-906c-8e7fa4a8e7bb,4
4abc7481-99df-3b00-80b6-47a843246fbf,4
8baa007c-0a52-391f-8017-5b1bd5b05a60,4
063c7411-553e-30c7-a6a9-1402bf88c4b4,4
920aecb5-2ec3-3b76-8979-33c966301e5e,4
7740ce78-5f6e-3647-acb3-08fa7cada2e0,4
17963e18-3354-3077-aee9-ab9d2032ac6b,4
e191529c-84cb-36f6-b1b1-7f123a0d5daf,4
2b78cafe-72f5-309e-8d69-d4c6d2423213,4
417b3333-d1ed-3a84-a875-c73dc23747d1,4
41e7dde4-dfe5-3977-9a63-3ee10979a6e5,4
dda4e3c4-2e4f-3b3e-b3d0-dad554a2f73f,4
21aec3cd-dd72-3d17-aee4-e8b92afc9b86,4
937d1db0-0ae5-3a81-b280-8961730ad2ca,4
f6a74883-0cfe-3b7a-a355-fae2555c1015,4
025181fa-9f9a-356f-b004-aab349ce59f6,4
5506697a-0b10-3591-89c8-7435a8c71813,4
85bc4d19-6be2-34cf-aa1b-51e9fec48c76,4
d0bdf29f-f6c5-3fe4-a121-5e1823c7b87e,4
e3df03fc-912d-3a9c-a210-2caa1fdddb82,4
1de4b352-19fc-3879-9ad6-f8a7714d6779,4
bcad63ec-850a-3454-bb6e-f6f405227b98,4
176d980c-de1e-32e5-9b22-2150632c495a,4
d9d631c8-878e-3c31-bfb7-4f34d2ba3d4d,4
9f6ce9d7-2c58-355f-a078-f2ed0c27ec08,4
8f0e55f9-49b3-3bed-8944-18de46c671bf,4
810022e7-7b57-3195-b018-c45f74b05426,4
92826e3a-cf80-3b97-8861-28b777d59ba5,4
f7d7b70e-23bf-3157-8d71-e364df7d2c44,4
7287394b-763f-3ead-9e16-0994a3a7e7cf,4
15e8bdea-66fd-3bf3-8a86-c36aded24697,4
c9f8afa5-7155-3cd6-9496-9b53273cb8d1,4
00619efd-041c-3eac-9676-e870cc81c84c,4
f1c643b3-0bbc-338f-8e6b-9de2663f0d48,4
d6787b00-26e0-3774-99e6-7761f2c13f17,4
cb3f1b5e-3765-3637-9c1e-2fba8b1b41dc,4
007e2b70-5b55-3762-b58f-7fe82f2b3ad1,4
138bec82-31a5-3103-a16c-8777b6d4aa8b,4
23859a88-114e-33d2-b77a-25850e6be488,4
a222929e-8e9b-337b-842c-6fbbba5e91ff,4
a891724e-b50d-3e65-9c19-1a1da08252c8,4
ef892f57-54ab-3cfe-9625-3cdc949ca3cc,4
07672b42-c55a-3dd1-8c97-fce7142c9bce,4
21e64645-49f6-36ba-98fb-1b13b2d02bfe,4
38cbc4f1-6f64-325b-ac75-59d660f3e0d1,4
c22638fe-f0ec-3a5f-8f76-df8d380814bd,4
fd1fa3aa-d319-3cd5-80ff-7d94a5ac0c1a,4
62045075-2dc6-30a9-af01-005f2287c143,4
c0450473-7d2a-3b66-a283-58683dca7270,4
d218d4dd-dc72-337f-9ba5-ec5d3eff4e07,4
2f713453-6c00-3943-aeec-852c74c641fd,4
58ba4463-4100-32e4-9787-4d524f0419d9,4
96545a31-06c7-3890-b195-570fa00c64bf,4
01775c92-df78-30ec-8e62-fa8962229c84,4
376376b7-4c74-3c80-bfbd-9feb5739c892,4
13aa1ee9-2f5e-37fc-a748-d303401abfb6,4
8b74a79f-2341-38c9-b193-12842d350178,4
f57a8f17-5595-3537-9ccd-5ba0e52056c4,4
913b1ec3-c526-3136-8c63-6c7f1fc7c16e,4
059f02af-a18a-3e6e-871a-d1b8f485144b,4
a6b3843a-8908-36d5-a299-6406939f7073,4
52e6771e-110c-31bc-89fa-485cac3876c6,4
96f46200-9bcf-3da7-9067-812c52cdb5d4,4
6501eb4b-c997-3a48-83d6-c5d49f1f22b4,4
a53fe7a0-8a77-3bab-9c4b-732aa96cdafc,4
4124a4a2-cd4e-35ed-9226-faf11762630e,4
76c19d77-fdaf-367e-9a54-74ddf723d98a,4
9ef44bc1-f7a6-3ca1-84ed-d8818c626691,4
150b22a8-6349-3523-83b2-8a6099bae69a,4
65b127c8-eeba-3c85-ba06-b65ae60c9560,4
d7cde10e-bedd-3e68-a5c3-8036b40002e8,4
0c5e02e8-76bd-3e60-9908-d70ae95eb9f9,4
82c3014c-00fd-366b-98aa-3d08f74545ad,4
79d653d9-9671-3078-ac7b-64b468ea9867,4
71c9fc88-a6ba-3743-9f08-24ee18748ccb,4
ee164019-5660-3e50-af7d-b7c81a8e6fe9,4
abd09090-273d-3b47-bdf7-5c081c01afe2,4
7410b4a8-e368-30be-9532-256bf89f6908,4
44c94339-cd96-3190-81b0-577297c5bc5d,4
7be9725e-a051-3795-a52f-708a15e1da26,4
aca75654-88b1-36d9-9d39-8568983888bf,4
a77a90dc-9cc5-3bcb-afbb-01a18eb7f492,4
14467d99-da5d-3fa7-8c30-9db8b4192c2a,4
cb5c9060-6d3f-3f92-8d52-9ab7651cd17f,4
84299155-a909-3388-9e14-0343337bbe65,4
0f03e889-352c-3b8e-ae3c-cd62e38af874,4
dabdc44e-726c-30e9-a7dc-fd2903551fa1,4
7e7a68d3-7924-3566-8d2c-0d9088e87c4b,4
e2af1252-ab73-35d6-bd35-d402394acb68,4
c3bdc376-d3f1-3e4e-a9ef-571175269fa9,4
48bb21c0-d94c-3d0a-addb-b7b15820428f,4
5e3cfd2f-26f2-3aa3-9fd1-bfcd285c7215,4
9d7a93d3-9f70-3360-8a6a-8e87e4728c84,4
1c806e9a-bed4-3c99-92dc-721f33610864,4
4586bd13-063a-3ea7-8a29-b0342c0ab79b,4
a6574611-8f77-34aa-871d-7bc5ad44facf,4
8ecd52da-c3e0-3e56-899a-40dd10876150,4
57fe1c30-18ea-3dfe-a9af-f38225f2b4bb,4
c6abffb8-2e55-35da-8b2a-254e7c7fba7f,4
5ddbd093-2c52-3ef8-a3b4-1464686cbbb3,4
a0020bdf-eba9-36c4-8763-260225da054f,4
8753b190-63b7-3f4d-b0aa-b4da17ac5f95,4
b94a76f1-6164-31cd-ac0c-27cb363aca2e,4
807ab491-8331-3917-baf5-652db01e0cc7,4
68a3eba8-8955-33b2-9eaa-d858ae142701,4
1a901c29-7cb7-3461-a502-0ee819490b75,4
800ccdce-e02a-3555-a655-eda7fbed9e18,4
d0792e78-036e-3d33-8e34-5865ba1ac19f,4
6776caa0-af06-3a4b-9c85-14056da3d830,4
875b3b91-4843-34c7-9be3-0d4a117e39b8,4
58a98880-9c2c-357a-8916-4d6429711f37,4
b15ae5fd-56fe-3832-ad7c-dbdc1966ec42,4
7740c1db-b1d3-357d-97a1-c5a633d5af27,4
22d39e46-ab9c-39a1-8e8c-0669c9888b10,4
93a8f3af-dfd8-326d-bb6b-ed80bfbe1413,4
887bf085-1562-3ad3-943c-4a6d16bda015,4
85300047-1d71-3b2d-ae17-8d5aff32fd36,4
3f8799cb-fe65-3e38-a019-7c01e4e325b4,4
af7fdbdc-8a7a-3ec3-9396-6171384069ca,4
970f09da-35e5-3ada-9c35-e9df0eeef798,4
e03cc1b4-5162-3f85-b11e-76b6ae2c9fec,4
07e8aecc-e4ea-3fb0-a217-b607146524d0,4
f28b8043-b561-3ecb-99b1-6973425b6b2c,4
47d8b590-a8d2-3f05-be28-77e0275b3fed,4
dfc09721-e480-34bd-b489-eac320b56931,4
96bfa1f9-66c1-3501-8304-1ea230a7035c,4
c6053c40-77d9-3b36-ab3d-3c46154d867e,4
2613f058-bebf-37fa-a190-c29960ae9b63,4
249ce7f2-636d-3708-91e6-e309761a1b02,4
f31dc67a-765d-3546-a7a6-6feb44f14ab0,4
aac04ef5-0166-374b-88e1-0c0099bfe69c,4
89b02e30-06b1-3c52-a578-6faf622b5208,4
fc7ecbc5-64c5-3ada-bb50-f0d512167df8,4
3781af88-f5df-36f4-8c2c-33b05c239095,4
47d0e16b-323d-3ee0-bf69-dd90ce6dc355,4
8c0672f7-fae3-3b8e-b02d-af33c9132f8e,4
d1c93e87-92b8-3b86-b67f-a8a82e020ae3,4
19c9726b-4440-3314-9258-c847a3f1d66c,4
e56b6624-b19a-39ea-bee4-3c454dd34595,4
8e5c8b27-bfdb-37b3-98cf-a864d3d577fd,4
3bd4a23e-b73f-3374-8724-8ebfd9fc3ab5,4
b06fdb0b-5653-3c59-8d7c-c3ebf3a7c291,4
ed865f15-5faf-3143-9802-da5362529daa,4
677805bb-ee3c-3e78-aec4-2f29a9cebd35,4
4834f54d-6e16-30b4-a30c-0b1cc555a1de,4
a731a4fa-0b5d-36c5-9981-078131646ec3,4
bf76398f-8604-34e0-976a-2772b102094f,4
82358a2f-baf9-39aa-acd2-949338c5ab89,4
62d6b9b9-ccda-3139-bd22-2a188256895e,4
e79dd913-7034-3679-b23f-4ad886dd0af2,4
f54f54d2-5824-3e20-a461-4959f5870fa7,4
a825457d-5063-3385-9fd3-749b99eae855,4
8554d41f-9b2e-3670-b835-a4fa544f4df6,4
2993f106-6e0c-3489-bb8b-f214d8e0f244,4
faf45236-ac1f-32a9-a949-597c1c306826,4
375b41b1-3c47-343a-a274-54a1eb90d714,4
338f7cee-00ff-3ec9-9b0b-4bc335885d32,4
ad7fc381-0a80-39c7-94ba-f7c87638c34a,4
b94fe9b3-48ec-3895-a68e-79f624727d76,4
e5587941-3fcb-3254-90ce-58425a87e5ad,4
fd755c8a-98ec-3033-851d-632437a23468,4
844a8e0c-0e88-3d6e-beb0-43a5b3b5774c,4
0812f1f3-f27c-3c64-b1bf-6321a42208bd,4
9f5d7714-97f2-31c6-9549-c1d04416067f,4
5967fc85-b993-357f-82ed-091f72844eb6,4
3bf21d78-365a-3080-9dc1-1e5a348b0a58,4
de5ba385-3f9e-3611-9e9c-9387c340051c,4
56dbb90f-daaa-3f69-81b7-2cfd0c44a454,4
b2fd8921-4405-3690-8657-caecada6fba2,4
9a6438eb-33bc-3b88-ba19-abfc8efeb7f1,4
71aee1b8-d26e-3ece-b9ac-8b91416de0e6,4
76df0751-6d32-3fe8-a4f0-e3e610d8c409,4
ae3598ab-8d17-3ba1-a3b5-37a60ac235fa,4
c56b3a5a-74e3-3265-a3ca-23449b478fef,4
906ab248-f312-3d7d-9370-151628ab1305,4
b1d841bf-455b-34e6-bd12-3a23cc8f2d7c,4
1b04125d-62f0-33ee-9f9b-57aac80d890d,4
245f84a6-d77e-3c0e-b7ff-b0671ae25759,4
6d6f052e-bc9c-32fc-b38e-254ce8221172,4
84fefbe8-2ae4-3d26-805a-9fe1f9a5d1e0,4
83c7b85a-e13c-3b87-a438-f76a2e606d9c,4
c61e30e1-14e8-3c2d-85d2-8ad57f0a6e7c,4
9b759fb0-9c25-326a-ba34-f53207c0f7e2,4
a1febc53-e4f0-3d1b-9216-207c0227ab98,4
474debc9-c9ba-3193-b8b1-a32dcba398c6,4
7576e6b5-cd83-352e-beb9-e46d6a7e38b9,4
173e992b-596b-3a6b-9401-76965e9f0a3d,4
3fdb0cf8-f18e-3126-8558-42f00fdb9c4f,4
b0fed066-4f6b-37e6-b285-fb43de00faf5,4
a4ebe7a2-a065-3a60-b7be-7fa37eef73fd,4
50c61a12-05e9-30a1-81c9-029a8a296ef2,4
0e730b5a-863e-3883-aa24-b2e3655a5e91,4
eee4219d-899b-37f6-a547-8b8d18a4be9a,4
d9d31ff0-4f34-3820-87e6-68f5c9c52b26,4
b1019458-1c5e-3a90-a9bf-6710facda68c,4
15cf3127-205d-389d-9bbc-a5e155b650ff,4
36481c90-aa4a-33ce-ba13-ca82387f541f,4
a8f3ade6-c14c-3162-bf4e-5820b6f765fc,4
7deb52d7-5060-32e4-a983-7ac6936f5cb5,4
f8168478-31ee-361f-b9fe-517d8840a137,4
dbd4ba6b-7a9b-3e48-bec0-23b0f79b4be7,4
1c76906a-835c-34c2-9e3d-ea1173925815,4
4b57d4e1-c7f8-3327-9e82-93e42c007ef5,4
5a28da6d-d2ca-3abc-96bf-6d79cc56c863,4
f2bb0de8-f8f0-3dd4-8a1b-a61a7373e44f,4
9fd26a2e-2f8e-3c22-b5c8-6d04d7389a09,4
165d151a-a202-3ea0-999b-7eb5deeedd64,4
c06797b5-3808-3f40-863d-a362b7a30e31,4
d26646b9-7166-30dc-8369-fe20665aa8e6,4
3a0558ab-955e-3d7d-b911-d723ddf072b0,4
6c088f89-13d5-357b-b719-0a2de4c401f5,4
8740357a-40b0-3130-8e5f-888e20a1fa37,4
256a9796-f614-3e48-b46b-4d7340f9906f,4
5da5f7cb-ea0d-3c88-912b-3ed5e2eda8ba,4
7ecb2ca5-a1ea-3d47-ae25-85714d6f4549,4
a20d88cd-987e-3993-824b-1688b8be8460,4
fd0ab0e5-b491-3dc2-9322-e1b8084dfbb7,4
23e695ae-c945-3979-8cd5-2b87b2e19f10,4
338c86d1-f31d-30f8-ad94-3b7b34546756,4
e60838b5-7d08-3954-983c-4c2740543ec8,4
2e165e63-8f43-3aef-848a-6574cb1f3f0d,4
7c519bff-42fc-37e7-abf7-1e70601bdcfb,4
2f8d917c-b1e5-3485-be45-5cc7a92c9740,4
f56493a2-bfe6-3892-a88e-87744512199e,4
231eb917-ffba-3378-ad5c-ee24327905c4,4
43b58e8f-746d-3974-82d6-fa83d0248029,4
811abcc0-9600-3636-b201-106de6370e5a,4
9e8e9c12-71e6-3d5e-a440-a02daba3d65a,4
6fd0c0ea-0dd0-394f-8ca2-f280c36e797b,4
9c8d23d4-4347-36bb-aa35-8d26121d9d7a,4
cff0fdef-47ca-3d71-a67b-48b3ea7996dd,4
70c69214-4d1c-3739-aa8e-352e6471537b,4
caf6a9e1-ee2b-34d2-ac76-3038329918b3,4
0ba95aef-ff55-3fc4-b8ec-b7bf5b7e7b72,4
c5db9b80-173d-39c6-b886-649760b9f7e3,4
da26a611-2456-3852-a4b3-884c8a6e4c08,4
b11e19be-b54c-3df1-9a10-a36947b1fbb9,4
7c5c054d-8205-3c68-a3cd-68a279213500,4
a1664de0-6aa2-32ce-8922-93eba15cc8bc,4
66083c33-a8c6-35e9-8663-0d22b8b2e633,4
71985f78-5c14-35df-9270-ee933b4de84e,4
f3b59c2f-e184-3d9d-a92c-284b935a124b,4
20af3729-ea98-3275-bb17-8e3c44324853,4
84f67432-69c7-3bed-9ede-60f06df48f7e,4
b87aac0e-c5e1-3f24-809f-c4fc9ddcdbec,4
9402c360-c994-32b3-a7ef-87d3bb67da60,4
65c20197-51e5-3048-93b2-f14c9920905c,4
3adbf351-76b6-3aa3-bb44-466d0d57529e,4
52c996a5-ca78-3bcb-8ba0-e9a6d6bff6a9,4
4c3ab5ca-ff2e-303c-832c-a2941254dec5,4
68df50ae-946a-3f8a-8507-ae48988e4112,4
fc440670-ddfe-3ec0-912f-98fa57128241,4
9b844fab-31f5-30bb-b862-0c55bf394a20,4
90974e3d-ff9b-3413-bda7-589e618316f7,4
10e15845-a12e-3af7-a6e2-4aa1fd5fa4c5,4
e3d77335-3816-3a33-a891-e510b32bf59e,4
c2884ebb-debf-3eb7-87f4-2f8e574bd5d9,4
01d8bc52-d18d-3df3-816f-d339aec1aeec,4
8175e150-45e5-3bbb-b036-7be0bace27c3,4
ce1119f4-2a79-348f-8d03-6bdeb6271a8e,4
a8d35696-8978-3347-9000-fb6fad754e83,4
11995cea-4cee-3e98-ab21-a87f2ffd0663,4
33ecd404-abf9-3722-b327-4642bc874eeb,4
83875fd1-ac44-3967-bd70-3c9d8054ab36,4
004f9b4b-31d2-3237-917a-fc53bba09750,4
ad7e7ac3-b166-3b5a-afd7-b5df4d78b424,4
84e98613-db0d-3b0b-8e34-8aad7ea620c9,4
dae0a6f3-978c-3971-9e61-76f2b50154ce,4
1cf809b9-c336-3402-ba52-be00b8cb5cc5,4
ab5fec60-5fef-3f07-90e1-85fbf25c1d7d,4
79368c3a-c77a-31df-9d7c-551c8f334762,4
d868a39e-5736-3d92-800e-eb741688a32d,4
bbb3c980-854c-3e5a-9a6a-fff005077746,4
8a94a6a4-6e7d-3e93-a358-d6ff7f7ad131,4
ef93fd27-c089-3dbd-b20d-af85d70e0895,4
0d26c15c-9152-3c28-a932-b597b707dee5,4
b5565903-cbbe-3104-b736-1464814a2c2b,4
2b8602e5-12a6-34b6-8709-ae9c932e87e0,4
47c5d385-bbc1-3184-991f-ea4f673582b1,4
0ac8aff2-4e17-3e82-a674-b5d86b95965e,4
a1907a98-8784-390a-91cc-b6a8535f6024,4
c0242a2c-be31-3ed1-b496-75c67d1ae064,4
36c0158f-6924-34c4-a3c0-511c1685eab0,4
5839d14a-c6e8-390a-9aee-c955d3ea28c5,4
ca53eaf7-f498-3d66-b092-fac5820f20ef,4
eeeb09df-5137-3e5c-9f2b-d242b48bd763,4
3ad67e83-91ff-3123-8b52-86e1adf9ec23,4
e7e06876-a941-37d5-9668-c0b5424ea727,4
a867eddf-946d-3217-844c-f8a42db1d44e,4
19b69bae-3101-37c5-8224-7c054fe82ebd,4
b10ccf09-1f18-3bd5-8a87-e2b7fda2e384,4
88ca7783-6f1d-3840-ab3a-f739bdf6e74e,4
3e799186-2075-338f-9219-78e896a7ba6f,4
7f47d194-372a-3fb8-b68a-10a3a3f9815f,4
a8cb6ca9-e686-3426-bf23-37e96c843081,4
e4fbcba3-d2b6-3df1-b719-6fe93a89e7c0,4
2df6cd3f-f7f8-3f50-91c3-ccb69b5417c2,4
e0c5e2c6-3295-383a-b4e1-0b597a64188e,4
629d2391-5b8e-3005-bc9b-d3d5f0cc3bdf,4
798d2821-0e18-32b8-84dc-1f761240f62d,4
f5650e5b-aa48-37e4-890c-d85941c0628b,4
96654218-5dab-33a1-820a-6c7f627a028b,4
191e2729-3120-31fa-9fb6-9e48ca800d9e,4
850817ea-a3ef-3b11-a700-5f5c3e6b2b40,4
67752838-f7b1-32bb-bb09-1b24fcd0403d,4
5568a638-1c8e-3405-a546-4cdbd9cd3e08,4
1ec12ab2-b15b-32a5-91fa-6adf493ca31a,4
2b55f77a-081c-3786-9e82-93229f65b10b,4
90367dff-b9bc-3845-82f6-d1b1c6f27f2c,4
557b173b-3d39-3284-8ed1-c0ff4ce780f6,4
85d753e2-0ace-3b0f-b116-c3429473ee1b,4
0b2848bf-b851-3091-b332-9e74d99e06d3,4
9f85ee79-5814-38f7-b025-aebf480b0e8e,4
70d4fae3-5ea8-38f3-be95-e318bc603a00,4
dd327d79-9c84-3b4c-a437-e0fc4351f818,4
cbd95a4c-99f9-3548-8c6d-547b45ed7e64,4
be6b2fe9-221b-3580-abd0-4d1942850d6e,4
ffd32f8d-f6f6-3529-bd33-03508d8cdb7b,4
5db67673-1077-36d1-9409-b358cb5e5bd2,4
7db557ab-5846-3628-8231-5e9046fd59a3,4
296a7d84-bd14-374d-a41e-3c4839f3c476,4
cc8a399e-da14-3216-b063-187fee1df33a,4
24db94a1-e788-332f-8f94-32afc5eb6046,4
e9ea02fd-ae02-338b-bd2d-80dddb9dd8b0,4
ebec014c-3c70-3096-82e4-b96101283ec1,4
f6f5e385-82dc-3ac8-8b35-d5797330123d,4
df98d68d-f81e-31f5-8871-b9d661e20f26,4
8baa673c-7b7c-39eb-b7ce-5a90f6f6160d,4
20473884-d64d-3bf2-b1c7-62a8d8d19c54,4
bb6e4fab-5dce-35ce-b47e-7aa78d3d6807,4
462e3986-f366-3c93-bb45-ffb98f05e8d5,4
1020b241-5603-3e4d-9083-2a2165b7b667,4
3600c72b-dcc7-339b-8918-cc20d2b6999c,4
57da4b76-8af2-37df-af86-b305ba0dbc93,4
56c7ea88-cca0-3f1a-8200-d9dfe2165e5b,4
f86228ce-b175-3211-b530-9d9b5f5019bd,4
d1351c79-254e-33f3-8fc5-eda15ad21ecb,4
9a92349e-b4c4-3974-b5f7-693272ce5df6,4
890e460d-1ff3-3fee-adfd-cf9de60837c2,4
5a177c50-c641-38e7-b575-3f9d32df2de4,4
f770bf25-5609-397b-bb0f-783e0d4573be,4
d9a303d2-dc1b-33b8-b9a1-24078cfc2e00,4
5490f7a8-1b03-3b8a-9914-0c9d48fdf27a,4
920ddbb0-b5f5-35b8-a4eb-bf863e065504,4
0fecf138-ca96-3525-9bc4-457788483d10,4
383fe445-df59-32e4-8b0b-4d87c8432213,4
bfe0bcad-5d36-3e9e-a4fd-67639554939c,4
e55136c4-bc49-307e-be23-4bc2b62b49cd,4
389bc439-bbdf-344e-a634-70da57daa807,4
8d3209bf-77b5-361a-9d90-0954f251c097,4
980b53a5-c79d-3b70-a277-00855edd22a6,4
c21dc270-5e5e-32c8-b79d-8980d2c73254,4
d70e4de0-3b1a-3428-a842-50e877f1b1db,4
3ceacc88-71c4-3419-b588-7b8009776bc1,4
1b1be2d6-d265-3e93-a323-47d23cfc108d,4
c1835b52-8d58-36db-8fa8-2cd417de6b47,4
69c41534-4c2c-3c71-9ec4-e09fe9c5d8ba,4
8654652a-1784-33d6-ad3c-368e719e9f12,4
3ba8016a-6265-315c-a683-f620e68892cc,4
90b23048-d7cf-385c-8e76-35c216644a32,4
e60d69c2-82b5-3f09-aad6-20f5594b0631,4
c88d49b6-695d-3e5f-a286-92ad320fe9f8,4
0d504064-c47e-3d9b-9f21-81140d3ba79b,4
5eb70315-7097-3e15-986f-2492e1dcfc4b,4
f5ed9bd7-e994-310d-81bf-a96a2680b87f,4
389487ad-2191-328b-84f3-dfdf3338979a,4
4f1dd412-7efc-3078-a2e5-8cd49e26f8d4,4
c6cb4fca-b20e-34ef-8a4a-6da411ebba0c,4
45d55b48-7a97-3bf7-a0bb-8ad75d277c77,4
4c292107-5f2b-395f-b883-432d917c5d85,4
853cb23d-6d55-310d-8423-9149b2abc276,4
00aaaab3-17a5-3a88-8105-38beeca6e47a,4
a90b3f7d-77c1-363c-b6a8-ab29be4d2330,4
358a0aab-c2ba-34bd-8de5-5362bfb2bea8,4
809533b1-5b29-3efc-b10c-ec2083816d51,4
77c30b71-4b85-3837-9994-1241d3221dd4,4
b73f38fc-76ac-39f9-b1d6-9134ce79793f,4
12acac76-476b-39c3-bcda-17020265d2e2,4
f6675241-a6d1-300f-9758-ac9208b90086,4
d94a3078-48f7-3e99-944b-bf137ed0c263,4
c5929518-f31e-3e45-b79a-718ceba55efd,4
2970db66-08de-3fcf-a4fd-dc71325d37f9,4
e4ae3b84-5768-3832-83c9-ca93b4f3e61b,4
78a2761b-a755-38c7-ac65-6a5f650a729f,4
394cf8e9-89cf-3cd2-9723-6460ee4a0034,4
ff22b9bf-102e-3bd7-b14f-681d90c2c31f,4
79587613-f2e0-3a55-881f-9d805127973a,4
7eaa748e-b0f3-33ae-a210-08bd29e30b7c,4
5e8cd22e-c580-3cb1-a778-b63b230bb58c,4
4880908b-6938-3b79-9ae8-1a500b38e5b1,4
c4a33897-21be-3e21-83bf-1c881e019c7f,4
6e5fd1da-fef4-3055-93c5-e810986366c3,4
b462da7e-a3d8-341e-92a8-b5ece46b3960,4
316b5aec-e0b4-3198-a62c-e1eb8470d822,4
914dd33b-cbb6-33f0-82c3-75fd235bb20d,4
c1aad75e-966e-3c01-b806-466ab075a3c0,4
9408007c-6288-3952-9d99-7926cacebbd1,4
1961c525-a0e5-3bd2-b191-f03a24b4b052,4
7f7edf15-b05c-36da-9957-c02574d6c458,4
6b472376-cbce-3af1-b792-faacf4ff0f7e,4
aabf30d1-be72-38fd-abcc-8f8f153b21a5,4
f78c8e73-fbdb-303b-889e-70064b540080,4
66c7c7c6-ffdb-3616-a833-93d844cbd413,4
c9bf08c3-95a1-3058-be46-e262a02b68ed,4
10a4c437-b676-39fe-a5e7-86beec6aa373,4
81d382ce-3485-3f1a-92e8-d2879b28ecde,4
574a1fc8-7ee1-3469-92c1-03f647523b1f,4
3efe3ca7-ea9b-3704-b3ac-8b29d04c5a3d,4
8a957311-6621-30c8-b250-c3f1da2109e7,4
6350a7a5-2bc1-3539-932c-c88f0ebf6069,4
57c7ab81-8660-3795-8d54-0ce5c4f47d35,4
20aba4b0-bb32-3651-8860-9ac39d791af6,4
5ccb935b-2c81-3da8-8195-4c7d555aed44,4
2e21710e-25cf-3784-82f0-b89af9d24b70,4
6d4ef7b3-45ee-3c48-a8c8-de534bed42c3,4
5414f7eb-5c17-36be-a5fa-b925fe562e56,4
6a29b770-95f7-3d67-8e5e-05a7fda754c2,4
494b6178-27b0-3367-a950-2b5d342d06a5,4
2229d4d7-1d85-33db-9b63-33eb442f420d,4
0c10f5dd-fe20-3725-81e5-4620cbe4f947,4
25402ed9-2a37-3c13-8ac1-6f1deb9cebfd,4
c44f1774-59eb-3743-9bc0-0a01d90e2d04,4
6af6c556-01f3-3149-8157-a85205a77eab,4
436cc8f3-2159-3c6b-a870-0207f7a9c6f9,4
13136085-ad7b-317b-add7-89a04f84d6b2,4
6d4fd202-f0e6-353a-a1cb-10dcab5c571c,4
37b488ed-1589-3970-9fb6-b8fc7c282564,4
f9d5c3ae-199b-31de-ad4d-b5e0381d19e4,4
546b66a5-4ba6-3601-966c-264e607142ad,4
e0f3a6cd-e496-3fa6-8b44-0165b1424b77,4
24b05cec-dc4e-3860-ae61-ac2192352995,4
23a92602-4998-3b0e-803f-1f20955fe686,4
d8d2fd2c-ccd2-352c-b913-06e21061ad63,4
8c82f37f-d096-394b-ae8e-240940c33369,4
39c07d66-9006-3f73-9803-7c7d881ef1c7,4
83043684-f9c1-3a84-9327-fd4c375ff05d,4
23886166-20b5-3793-9e27-1155fc66df5d,4
3124e54f-b46a-3a3b-9669-f5f0009640ab,4
9356b9a3-c386-34e8-b200-a75247c16e1d,4
f4758219-66c9-3e55-8eef-8ac2e138b696,4
e4657ae5-e7a2-3dd5-b399-1f4d0b42bb71,4
a77c0763-7cd7-378c-8342-4b4cdc44843d,4
8fd72613-7350-3117-91c4-dd6596b37a5d,4
05898b71-a82b-33d7-ab26-908170e473fa,4
e1cb7b49-1a0f-3d2c-bbd1-5bae705cf023,4
1f8b2825-12a3-3570-b06c-8efbd7bf8279,4
934340ed-9d23-3c89-83e8-50b9afdbdce4,4
eea3b23a-cc16-392d-8924-514812b457b7,4
6d3625ec-b809-3a39-9440-a61993a4ac83,4
3e409208-b1dc-3fdd-8c4e-52c820d2a622,4
d575af18-aced-3611-a892-f657cd95bef7,4
6a961cda-81bd-3652-b12b-3bfe1ae12f54,4
fd175e00-c2b9-3f53-a44a-6e982aa87fd6,4
dd44bea5-2928-3275-b3f2-8301bc10abf9,4
5852026a-839e-3bcf-a68e-ef9d1744c3af,4
32fe3cb1-a796-356f-8a32-c835d835cacf,4
d071e3c2-6839-33a5-9b5d-75715868fcda,4
a369d295-1d8a-371e-b652-b79cd9f92715,4
d922b460-89ba-3a9b-9542-6a39368b85dc,4
a5e09c8e-5cbd-35b9-bed9-ac6dd7383d03,4
799118a5-4700-3d8f-b528-00c87c7f2d79,4
ec82df54-ec4b-3eb2-bd94-be68eb900076,4
c09c36cc-a6c2-3b19-b5a7-06937454646b,4
ce4be317-66e3-3ca9-94fa-6e706d58c936,4
adc23e37-d772-3db9-97a8-65fa744e18d7,4
a4eaaad5-ae76-317d-ad1e-738da8857323,4
73e0a347-7f35-3107-aec2-6e08a1ed15d4,4
70b96be3-a243-3d79-8ad7-eb9dd0141906,4
fb3fb40d-6164-3887-a407-a18f94a2b8ac,4
72a6ee48-4b61-36f8-8106-ca6601382aee,4
b7009a09-619d-35c0-b881-b7869d127855,4
a890439d-a110-3973-a5cd-6184e4560b05,4
2f2b5554-bf94-30b0-a497-9f3e3e61e678,4
a44858f2-120a-35ad-90fe-e94e4abbafbf,4
34cc39aa-a0ff-3694-901e-70daf4bda201,4
6922a42f-5572-37d8-932c-b2c77f7e7428,4
998b5b27-c0e8-3f60-864b-e96ac34065ca,4
c5fbc4ba-1e9b-319e-a4c8-00a0f5ddb5cd,4
92e951e5-fea4-327a-b521-1adeb143635f,4
69493b5d-7803-3b25-9cce-67f339aa4e7f,4
b6da13ec-bd6b-3777-8605-253cd104d4a5,4
80a59b21-5bb2-3d8b-b9d8-bfe1ece7421a,4
d6ccbd07-f97d-3adc-83b5-194c8d6b93d8,4
679d0da9-07a3-3441-87d9-4501ae85fb3a,4
b3c8ead6-94a4-365d-8254-b1a3c7b8d9f6,4
4962cfbf-e44b-3ffc-bd9f-b943a353114c,4
c8424ec8-f414-3d12-a9a0-71f819e2adb8,4
4e73ad5e-4b77-3ef9-ba36-f58ac09aaca1,4
90a91733-e911-3f7b-b457-c4a4ffa71e23,4
b3dd4e10-b378-344b-b9ad-1f467b2b432d,4
e01d11da-f167-31b6-9271-c483e09c3216,4
cc4a0d1c-a9d7-35ef-8b6e-38a269d3f21c,4
b9f0a93a-ae88-3ad5-b167-7cbcc70faf4a,4
2dd3c73f-fb82-36ed-9614-e956cf923825,4
3c2cd60b-d434-30e8-8a21-65b074267d10,4
564ad4fe-2a54-35fa-8115-c4a26f1a1532,4
041caae5-067c-325e-b02a-e791dce8f04a,4
df86d6a5-2734-398b-b206-a7b48e465247,4
c99a62c7-5bc4-32bc-87d4-46b63c5d3f75,4
b4abf277-2481-39f5-b711-bfc2b5590478,4
5e6a935e-df47-37f9-9eb9-6b54ced3c3e6,4
a20b4258-cc14-3d10-9a3b-c4fe4dc53160,4
985443ba-201f-3e43-942f-28adaaefadb6,4
1bc39832-5ec5-3d3b-8839-93a5f0a1f419,4
1c56beaf-419a-388e-8c67-1c6e0bca5301,4
4a7672cd-62d1-3809-943f-eb143da7c7e8,4
8d2a7c75-9787-3af5-84a7-4e7d17b1b27c,4
06ca128c-4419-33e3-a485-e1878757bfe5,4
ed3aa127-c1de-3605-81d5-cc49420ef416,4
d3da641a-d650-3870-8536-34c30666b353,4
420bc7d7-a5cb-3f3a-a944-49840d8a87e1,4
9d2c5e44-303a-378d-bdfa-53001f48c5cc,4
36e6e23e-8674-36ee-a333-43ebddd84a16,4
2149d890-d4b6-3250-9877-9c47a1e9f357,4
617496ed-3523-3baa-9832-c0a756c6fd86,4
52ed3360-b991-3059-9c26-8f2467ba72f2,4
7a62a621-97ef-3be4-8600-52ee8b9fdf24,4
ab6b736c-95d6-3c9d-88b8-3f2742ccce9c,4
ceceecd1-70f3-30e6-b7a9-21ed20d2c709,4
5f9dbcbf-1a5f-38a3-8cd4-2996f07ef363,4
06c28fae-c050-3efd-88c5-a1ba4c43b7d7,4
850380d1-d6c1-3032-97d7-2c0207e57437,4
a29aef3f-39be-3b68-873a-3280bbcf1d1a,4
e37edc36-044b-36e7-b8d4-bef2478e04fc,4
7d19db3f-62a5-31a5-a4e2-4ffdc24ac63a,4
a7f16211-d5e3-3225-b1bb-0803476326ca,4
a6045b73-ddfc-3049-883d-bd6f58bcd5b9,4
098008d7-a189-39d6-b1c8-7bbfbfc88e3e,4
f07072b8-5495-3b98-8a75-7af15ac7b80b,4
bbcb60fe-e104-3da6-96c8-b705a9856c93,4
2aa3d93e-566e-3a16-afd2-ba281fa13d3a,4
54d328ab-b8c7-3b85-b8d4-0db800d4f6f2,4
9c994823-68be-31d3-8efd-8dc12e14a85f,4
eda1a53e-9890-3ddd-9dd7-6eb01d571c0f,4
e045505e-6be4-37af-9be0-bfa690830239,4
560821cb-3209-36cc-9109-9fcb17d6396f,4
690aa4ac-3e92-3767-a87b-4553a67bc2ec,4
2b5d500f-4690-3187-b54a-ffdc3d288b20,4
e3d2fd27-8573-39ee-8dfc-e52ac66af4dc,4
f2c642a5-608c-302c-beb8-d484597491cb,4
7e17bdb8-cbe2-35ca-9edd-22394b2688dd,4
ec03e5c2-3f05-3388-beb2-61fe6d84ae24,4
c8eb0a41-2ba5-3520-9605-8fa864ed598c,4
34dc3859-be2d-324b-913b-1ed5241ee825,4
38adc407-427b-3880-bc5a-e5cfd6e7ee7f,4
b97cb534-33ba-3aab-ad9d-67822d9bad62,4
301d8f66-47dd-3fe1-9e86-909cd5786793,4
260741c7-7cd7-3892-9db8-8a52f16dbe03,4
3c34480f-57e6-3222-b98a-5304f35d3530,4
3b43e627-7eeb-3db5-aff2-b6e7c1853a3c,4
8a25e15c-fd2d-3e28-a2f5-411646b2ab14,4
9bdd8664-e543-36ca-a65a-1b75c145661a,4
a2b8689c-752e-3be0-b03e-34b81afc3fe2,4
b72fd365-06d7-3aa0-a1b3-536c35e8aae0,4
0fc1faa6-39e0-3e87-b015-058da818ebfa,4
4f5c9526-8940-3848-b571-aa43fd37d98a,4
eccfb453-4ab5-36f6-94a5-bf26e5f3c94c,4
7dcad5fe-51b9-38cc-a780-b3b40bd7cb9c,4
c071452d-9e83-3ba2-ba44-d402de412845,4
3691012e-ba8d-331f-92d5-1b38d80225db,4
279ecf84-7b4b-3592-9d59-47bbe9dc18ee,4
cea40deb-2d2c-36b5-a34a-514caf453450,4
bc439a51-72a2-394e-858a-fc5d352c64e6,4
229f4605-ccbb-3552-897e-c104bbbe2f0d,4
7daf4f7b-e97c-35ce-9b78-ddd462ceb542,4
3430385a-a9ba-3db1-8667-6bcbc1eb7e56,4
0c64a86f-e79b-3a45-996e-7b8aabcfaefb,4
451c838e-5889-3f81-8507-17032693c234,4
3d7b57b6-9a68-391e-8496-76a0249c5b31,4
3c9b6c67-81bc-30d7-b798-3d5696233a0a,4
7730fea6-c0f8-33fc-aec5-465d4d84062d,4
f82d9d69-b7e9-360e-a189-fa985c5aacb0,4
6e6eb74e-bccb-330d-97c3-6f2d9dcdff06,4
9483527c-673a-39c2-8587-027a6c45a5a3,4
c38ae20e-6dc5-3f4b-be03-d08ed868c19c,4
531b5ce7-672c-3718-bb5f-4c90892aa4a4,4
f7a8fad6-ebbc-3fd5-b04c-10d12bc242bc,4
351c85b3-b944-32d0-987c-591cbd5a50d5,4
48e8b9f4-8bfe-35a8-8b39-87688a0d7934,4
d1cdd401-6da8-3c21-a545-e9ea277f7a40,4
4fd840ab-c34b-3f46-87dd-6703af37b4e7,4
1d7e09da-b4c4-3978-8371-72317720aaf4,4
1692bf92-a7b6-3f62-89e3-882578d3b641,4
c2be5caa-55f7-3beb-b4d3-b19bd3ef0b77,4
a120e85a-5738-3c8c-bcfa-949508767233,4
ee6f745d-b03b-3f8a-9793-c073c2294232,4
556d2860-0bfc-3f38-8076-754ecf02cf4e,4
fbdca854-fb0e-378d-a772-e25b225c391f,4
b286694e-af7f-307e-a9f3-b1aa80eaf758,4
0bb9d7bd-0cc6-314e-9d9e-a79859e1bf06,4
f7365c64-7cd9-3ac7-8e6e-199eb6a8ceae,4
c8771de5-e320-3b4a-9aa8-b3f2696cf76a,4
8baf355f-32eb-34de-89e9-e014d4a8260a,4
9eb67c13-6d35-39d0-8a98-93b62a9ee9db,4
16dd241b-dc09-3acb-af4c-6d0e8eb42842,4
2c458da8-9b43-351f-b6f1-34399ef0adb2,4
8b246196-6a71-38b5-8b0f-c186371d803c,4
d4e43424-1251-35b9-b68f-bd8ac60cd833,4
718ef346-573b-3385-93d3-9b9348904329,4
528eaf60-78bf-3d8e-85aa-73b73cf5c327,4
d9cf7e2d-f8cc-339d-be22-4ab58528f5c1,4
12836f55-75f9-3a78-be8c-9fb6ba06938c,4
49489d71-5783-3689-afc4-19baa68c5cbd,4
847b2a8c-bd3d-32c4-9342-49ee7104be45,4
9a3b269d-902e-39dc-b35d-5b9d2035f600,4
0bf34d33-246b-343c-b6b1-280af0f33355,4
ca0e9516-dbb7-3e63-b5a5-669cb180c183,4
c5954dbd-d391-37ef-a4bc-e0fda2e59885,4
85cfbffb-f0b7-3927-ba18-ed85d091b2fe,4
47912796-97df-3bdf-8496-bc969c73fd07,4
f6b43979-19ec-3192-b613-ca61d75ed315,4
7ae82ec4-6aed-3cca-b26f-34ed60c6a36a,4
231d5c80-2294-3b29-bb6d-4038ba157209,4
d3551587-2207-3be5-b597-3cac691936fa,4
04d12fd9-4971-362b-b2c4-c9277362d857,4
b0bb3871-a1a1-384b-aa8f-e7c46a2b81e9,4
543dfc37-8b5c-337a-929c-2867c76ce0ae,4
249e19b5-c81d-3385-96fa-b33357b0610c,4
13455e4c-3273-372b-b3d1-592b597db360,4
109ff224-567a-3104-b041-25d0ee992165,4
c2765b7e-34ea-3813-89c9-67bb0c0b5c49,4
1c85fb30-5c7c-3de7-8784-5a0d61eb4839,4
b22ad49d-9ea8-369b-92c4-4871488ef2f1,4
7e752032-1e03-3013-884c-a18432228880,4
79d24b09-482c-3b15-92de-810c8a15a5ba,4
dcb54c51-a67e-3e8a-a850-2374e83f0b54,4
54c02423-bc28-3b75-9ec9-da7ccd5e82e1,4
f26d6a29-1d28-3360-b679-c1763cbe3a57,4
7ad3aeaa-f2f6-33db-976c-21c0ed5139b9,4
4d09ca2f-f212-3b04-be53-f87913a437e4,4
9a4e9905-62f0-3bf1-9ccc-79aee606758b,4
be0423c3-1f83-3f93-886d-27d180bf319d,4
a4bbe38f-76db-30e9-ba22-027ff43b3862,4
ed0c8a94-32e5-39ed-a4c5-c9b6b0ab753c,4
65495bec-0c10-3573-b49e-89c3ecbda903,4
2c5a46c3-654a-3cbc-9977-fce4ec9b8c52,4
b41db1ff-7799-3bee-899f-0fcf4f7c3683,4
609d9c32-e763-32f8-8728-82a58628c907,4
6f76b35c-7a63-3872-bf96-da5a18c9879a,4
bc6f326a-4245-38fc-9dee-112e50fce20b,4
c89eb6a8-8b3c-3ca0-86ce-7100b7c3b1a2,4
460e59a2-080b-396d-991e-2ad81c65fcd6,4
40bd5fe6-24ea-3bab-8b27-e0c81dd2827f,4
80155868-1d53-365b-a165-abff0af9c136,4
957354fc-9133-3146-ae20-f54382321d65,4
82c02acd-503e-3ec3-9d57-0e3b807dbc32,4
a9191bac-4113-3739-96d5-81d7dcdfeaa4,4
51fb72c8-0111-364e-aacd-c16414f3edec,4
5e5fbbf3-89ff-3e5e-8021-896cbcdf9147,4
e6c22320-45a0-3da8-992a-d88021b25efd,4
b9ebf15f-4fea-397e-a46a-94aef913c2f7,4
e5ccd4cd-259a-3df6-898e-acd438f78a6d,4
d5dd8b89-bc58-3b76-b3c5-5f9d42006407,4
d34e6de6-536e-3d6d-b6bc-8f2d6e4c7526,4
ac52e035-149a-3a03-8e1d-a4f7e1e2555c,4
d319ab99-6100-3004-af5f-f137019b8f3c,4
56bc494b-038a-3125-9555-337b469517ae,4
a53e9a86-998d-30d3-899b-76bf44195ba7,4
4c5e902c-f938-320b-b35a-41f26a0bba5b,4
a29b8366-1e0d-344a-9ebf-fb3f6ba2efc4,4
1a712e15-d1a5-38ed-985f-09922cb31be8,4
62bcfada-7477-3a4c-ba23-1f3a9db3382a,4
f64ac365-1d9c-3b92-9ad6-e1bb925f6813,4
b5c620cf-52b0-3611-8b69-997434fdc705,4
473060fb-71e5-3dee-97a5-950a56cd3783,4
8e388ee3-171c-36fd-91b3-679932ce1671,4
0653301b-bcba-35af-81d9-7c0f320b26c8,4
b5ac5b74-4d64-38aa-aca7-cfac2e7b6e16,4
0dd4bdb8-2a04-326b-a96d-3a7c00798d7c,4
b5c25114-abbc-31d0-8685-58c8a21ae1f3,4
194e096a-49e0-31b7-8161-00ade272700d,4
a93612b8-d8cf-310f-bed4-97e113e1b52d,4
87ddff2c-818c-37b6-ae87-9b7ae212c943,4
c02eec43-9847-35cd-a7ce-50364ded8334,4
956468fe-4970-312e-9715-6663709124e4,4
84d70e1e-e27b-3758-bc23-1c50048550f7,4
b68f906f-cb71-3d5b-85ca-a595692abc23,4
dde156fa-d7c8-3a0d-9438-a067ed2dd4c3,4
c0d8ee15-a27c-3f47-9d40-edbe1e7fc48b,4
e9c57f8e-8020-355b-b05f-4f621b1dd467,4
0726012f-f7b5-373b-b9ce-804b4400b434,4
ed595384-8705-39ae-9eb4-a06279dcfcad,4
74ed24b1-3e57-3e70-8825-2018fa6ad1b2,4
7c1ff192-97c6-3437-8769-da6d133ab926,4
3d1f41f7-6114-3a7e-9c13-2e56dab779d8,4
ec75eef5-c231-32e1-8317-2fceb03f7f68,4
56cfa666-b374-3c45-8a61-8cf98e398a2c,4
210407bd-c088-32ce-b7bd-e56e1782752e,4
93e0c699-7a6d-3d8d-9569-b72eed4f12c3,4
2187064e-4eff-3f0c-860a-7af930f5d708,4
7507e4b1-0fd9-33bd-984a-8a789e54c468,4
629839a9-ef60-3b96-8e1c-eac76ad1599d,4
d8bea10d-0eb7-3c71-a54c-368a818598cf,4
aeab8b6a-c495-392e-bc10-3a244300ade8,4
420f632e-da9c-3f47-bf4b-f5d6a6e8f64c,4
2aaac49b-94b6-337e-b26f-ae21d2fb0130,4
9b76cfe0-3797-3870-9a42-d82240a0cd3d,4
31f7abfa-8f40-3057-8c08-ae1884a9519e,4
e263fd6c-7c97-33b9-92d9-8174b5c43d93,4
0d7d27a6-c3a2-3c2e-b1b0-7d97d865e477,4
73e98f11-016d-36f5-9321-be77989437d0,4
c700eeed-d823-3b47-9071-cae56ef76b7c,4
dfb35695-787b-3a73-b709-70986934fcf5,4
029eef60-610b-3129-87cd-80f5ecd6acba,4
5bd13c75-5774-34e4-9e99-867387f849f3,4
4b15806e-b97e-39bc-a0ad-8df47e77b547,4
410772cd-de4b-3bb4-bde1-e01cb51aabaa,4
ba5cc99a-1bc2-3b0c-bbc0-06651fb3c03a,4
b87ff70b-22c4-3dff-b117-56f713f7e357,4
42f5fa83-105c-3744-8218-5a7c053d365d,4
1f2c510d-1dc5-31e3-a6f9-5669447eac02,4
d3c64f7a-f960-3215-a1c6-c6431455a013,4
0a1dd18c-2608-3d11-a37a-f1f5d441b937,4
ac04b75c-e213-31b1-af1f-958bd1ccc44d,4
5ad326cf-7e62-38df-9ce4-e22aedfbbde9,4
50544a9e-6356-379d-bdc6-19370374062c,4
a013bb25-f833-36bf-9a9e-136703dfad03,4
ec68e367-df3c-3146-96c6-01e474bd3ffd,4
381a9fdc-4be0-3224-88b0-c0f030cc1285,4
9c090d70-428a-3de2-adb9-c1d3d5253789,4
24a8800a-3b8f-34ef-9341-f6116a9515e6,4
408ef2c8-83eb-3594-a21d-5ed730420908,4
10857bbf-e522-3fff-aeec-fab6d20f637c,4
ba67c7f8-7684-320f-a965-b368690a63e9,4
63377604-1dfc-3882-b332-169b90deed13,4
5458e198-0e5f-3c77-86a6-ef91c9f1c93d,4
5dfc23e2-2527-3596-bebe-a8e8f758ad09,4
707970ba-4d4c-3f73-9b99-36a543cdc5f2,4
12712099-907f-357a-8ece-3e61dc9fed35,4
9303b26a-db8c-3098-9a74-ebb233cae45f,4
bf1f2bd4-1d62-3817-979e-09dca5b86ff2,4
a0233e99-e842-3e28-821c-1cac6f07e7e7,4
82455296-990f-3911-aacf-13fa16298567,4
e83bd762-e6b3-35b4-8200-5b87af13b37c,4
14bfe7e9-5a7e-3824-af13-e75e02fed04c,4
4d2a5a9f-fbd3-3d1a-9a90-bb7462fb9686,4
f899f1aa-be79-3a3c-8def-59dcc1a09f0b,4
a5bb304d-d3e1-33d1-9eec-29f6b3dcf13a,4
30e73973-c169-3d9b-ad15-ca26633d630d,4
a6e027ab-33b8-3324-b18e-89bdf7e5e8f0,4
07318a16-416a-3fcf-b28e-d79d15931834,4
f85f0914-13f2-3202-b883-90d63a8ec878,4
6d232ac2-c46e-3bb8-be70-791545a9730c,4
d7291762-9543-3ca8-ada1-1fce7384bacf,4
31c618cd-e12a-397c-85d0-2d1e63230d2c,4
fdfd1f7e-a474-313f-8682-62d4c606f0c0,4
ee95d099-fac9-37e4-b438-d0efe5ca35db,4
2ae1e7e9-36dc-3a8c-ad21-e1712a97cb23,4
27c6f94d-afe1-3c27-96eb-1bd9167246da,4
25953dd8-054f-3c5d-bc57-d3599146729b,4
a6f6855b-e47e-35f0-8a91-c69358e2ef0f,4
080d65d4-fedb-368c-9a63-7986ffcca69d,4
8acde6bb-e7cd-3472-82bb-70597946df19,4
9db56fd0-2452-3616-bb4f-40573924c70c,4
b5aad1f6-53d9-3f32-81c5-56f7e61e1eff,4
a251a320-ef6c-356b-b5a9-cec72536f498,4
7d3eee9f-e103-33d5-b991-9d25b2df25ff,4
990bbb81-43e7-372c-9e61-8f01b2c58930,4
61842889-abc1-3d5e-93d1-64fa1e99e120,4
c607cf98-d959-36dc-9144-07f88ad36a70,4
b31db5b9-5a85-3c38-838b-c993b8ebea75,4
5230f58e-6dec-3417-9545-f196497b34d7,4
e73df115-f49a-314e-bee4-2e3a38e3639c,4
3205c238-508f-38ea-a3ff-36539d7fae71,4
5b40255f-8c10-3716-aed9-cec8e7951e16,4
377fb639-f3e9-3545-9d69-e19a1cc521fb,4
cf12ba50-672a-3e7e-bb4c-029660eab411,4
4f5dc764-2337-380f-ac4f-fdeeacbcaf3b,4
7a62a9e8-8fa3-3b56-aeae-5c1cfbf09295,4
62a24303-97bc-3228-b9b8-9426d2a2f23f,4
335bddea-aa84-3499-870b-e868c792c728,4
30638aca-15c7-3b1d-b8ab-a09be3415e80,4
a2a0e1bd-a3bb-3dc0-968e-1aa0dffbe23f,4
fba4229e-1c28-3ae2-835c-6eed2baf5352,4
01308477-fa67-3b10-ae4a-d56456124ba5,4
46348884-1574-3a06-b365-cb9ca6b45693,4
ad1a98c1-6ac4-39b6-8a15-734c42f5e1dc,4
0d5348ed-fe3c-3246-aadc-8731b7e04ccc,4
7955a528-7dd8-3839-9db0-1f1aad72e3d7,4
dbadee92-3075-3a8c-b50f-3964d07481e6,4
183b10a0-fcbe-3568-b9fd-ec26474f583b,4
dbfc732d-8e28-3b5a-8e81-502f8b2d8b0b,4
2f2382b5-f13b-3fdb-91d1-cac50b52a6b2,4
6c22ae49-3b30-3b69-931a-17cf8a6faf4e,4
51fa4410-d32c-3409-b3bd-eafa5d60b3a1,4
e0cf0625-b606-33b4-b04b-5f5e4a9c9a47,4
8caae754-2bef-308a-936f-9519f292e592,4
4f8e082f-2007-3432-83ff-5eb9ae4acaf1,4
eee48885-de27-3f99-94e3-b7440f750c2b,4
326ebe30-0d06-3e8e-b287-81fa2bf2d7c6,4
8985f713-3f80-3589-89eb-5231bf5b6ae7,4
f80f5f35-6546-3c19-86f5-57de975995dd,4
9a50c28e-403d-3c77-8f19-111709e5238e,4
02e84aca-339b-33ca-bd9e-262927682392,4
6675b628-06a2-3854-a7c6-8f31982ae5b0,4
54f5b692-0457-313d-86c4-f5039adcd007,4
9b2faaaf-7eb1-33ed-b01f-c16922c45c65,4
949124bf-783a-39ee-a314-154efa3c6a31,4
f1141aa4-17ad-316b-93d7-f84d9f496e18,4
7642de73-db95-37c2-877e-26a7f6f431cc,4
d3f5adca-203d-3e7a-b2f4-12d45be60b1e,4
8406a15c-aea1-343f-bb7d-5dfc179dafce,4
8774b4b4-0874-34e5-9cb0-43d6c0cd9612,4
1f8c7cab-5c82-3b42-9f6a-9585e66a21c0,4
8371df3b-d043-3ebf-88c4-17cba5a0c7d1,4
b5858d04-04c9-345d-afbc-7ed39fff4f11,4
043e5301-5edc-34bf-b1e0-4ac456186cf9,4
95f237e1-298c-3d37-bf60-e42fa630d76d,4
f7340640-bda7-39c9-a9d4-cf34328d37a2,4
81970246-6ec1-3119-a3cd-264165596ff9,4
edd12f85-899a-3bef-925b-3414d3dce66e,4
56ba3131-40b7-3af0-b1dd-afd47bed24d5,4
2eb94356-c463-3db4-9213-a4a6ae1b4513,4
89a59693-cf8d-306e-a293-34030f5275b8,4
2f979fb6-5ea3-3b67-af45-f4d7fe86eb86,4
5381d6fe-e353-3c04-88d4-7c92f1d750fb,4
67ce38de-c36b-3e84-be58-b3e37d96f039,4
7ac88e91-7066-34da-adf8-bb3724ef95e4,4
fcb4c229-4965-3703-a2a5-2ecc163e25ac,4
f34359ed-2c3f-3c3f-b34b-9207929c25fa,4
9c5f2c8d-0b8a-3799-a0b5-a4afdd85101c,4
b376b0b1-3a98-356e-9630-dc082448b346,4
ec0799b0-730f-3550-86f1-1eb357135491,4
a8a4460b-5940-3760-9878-d3d57fd1f2fb,4
3cd78efa-ea99-373f-97e4-3831d8e15f3f,4
244a876c-1dbd-3805-8b74-b242f7a8d951,4
ffec6c01-8427-347f-aa25-b90eeb395721,4
18138db3-c203-3744-a912-bc87d990d91e,4
384e204e-17ee-3a54-975f-9b5647c4333f,4
3f76ed30-8534-3a26-ba36-94d5e9777e22,4
101884e4-94ce-3643-bdbd-1dbd01a2ca73,4
a8eba9cb-4d68-3280-82ef-0dc04318515f,4
5d5c5ef9-4caa-396e-9032-77130e5f0829,4
f34f3e6c-341b-3721-8189-e3823a3cb037,4
c03d058b-582c-3e84-a8db-b6b6472fa084,4
9e8bc97a-f23f-36ef-b09b-261a9cd95de0,4
d25ddfc0-4447-3a67-8868-94efdeba21a4,4
843b4975-d952-344a-b050-bfaf5cd71d20,4
86f921f9-3234-3f42-8b76-000bb49b962f,4
8896b735-9529-3c70-8866-1c30ad3b28c8,4
0604e8f2-a2f8-3ced-bb3a-1bf5e4692b71,4
34d53658-0017-3c2f-b004-405c39cc378a,4
35cf409e-5e6e-3aed-a0e7-32793c0d4b0f,4
d343b9c3-131c-3659-aee0-98fe788a29cf,4
520097ea-53a9-3037-add3-bcc6ae524411,4
e0e73a8c-934c-31ae-8b88-c57b9f7948e5,4
0bee612f-cd7f-31b4-8135-d788bb1531af,4
4e8e0e1e-9fc0-3258-8193-7251717c1ba2,4
7262d9b9-5de8-3d02-946f-bc935b331ab3,4
a98230c6-8b0e-31aa-ba30-a75bb441db31,4
4c99ea0f-ae63-30d3-bd54-d49edde4f797,4
d70de665-81f9-3f8e-b7c9-c789b999c9f9,4
33b6b239-75cb-3a59-8732-e27336524ba8,4
c90c8373-f1a7-39ae-b52d-b2c14a0b1134,4
eb098d60-7311-3267-8493-1afc0616e38c,4
b507e285-ec62-3f14-bedf-91cd24359bec,4
dd65c9c1-582f-3b4d-a0ab-2616a7c7d0e3,4
fe26ba1c-1c21-39e4-b6e1-eeccb259f874,4
c6a28141-4912-3526-859c-952cc61cfd15,4
4eae8ffe-c7a8-3e87-b167-227d165a0720,4
a1698af7-d099-3abb-8d7c-fb7ed2f7c9de,4
458d9edb-60f5-39ea-818d-2617c2b3b76d,4
d52ff47a-32e2-3076-b76d-f90f38175663,4
7766a901-ab73-3096-8c66-4a7b431576d3,4
42a2a8f1-d779-307a-a844-d76cc585e64e,4
0b89a36b-3ea9-399a-9c04-f7c688951005,4
082e3d7f-47be-3cb3-8728-ac854b04b488,4
fc4162d2-a259-392c-9a00-cdd9239ae109,4
ef91fcd9-0b63-3f4d-aff1-6f4ccdad5a7c,4
37bcf68b-eb4c-3512-ae3b-b588e9d70f1f,4
000c8dcd-69d0-387b-8402-741e11d84591,4
4f9b3405-319a-3104-843b-0b115bb2996f,4
cfa74751-3c5c-3e77-840c-a2b97edf011b,4
ec60f1c5-11e2-3d95-9f36-74dcc4d24ec5,4
046c6c5f-cfed-3dd2-8b64-bf9ec8baf7c0,4
60043cb6-f85d-3883-8b2d-ad40f5db538a,4
1b2bb709-73e2-3cb7-a7fa-28c2ae5c9245,4
4618e5f0-bff3-32b6-9004-35b5556c1e53,4
da2f6e75-98ea-383f-a6db-813acfe53269,4
c0bfeeb0-309e-3180-b3c6-dc82f38e615a,4
99582e11-a616-3deb-82e9-8ad977d66dae,4
5eda50e7-ccfc-3ee3-844b-3638695169fb,4
f090323a-c5bb-311d-a69f-05f548426833,4
8a9764e4-b629-3cc1-9697-735116582b8c,4
f74b768f-7a41-30ec-b280-a1cb21db48f8,4
83b595ef-4466-3f92-85ac-8925558f9aad,4
fc584400-6945-3f01-8456-06d8e10330ec,4
8f5e3072-fba1-3fb1-aaf3-cd991b7a3264,4
6e6f2fc3-8605-33c9-935c-801e53a86615,4
20473395-957a-3fb1-9b30-e6458db801eb,4
dec0b1bb-f2da-3ca7-be59-7932224e0869,4
3842a885-bf24-3a58-85ae-3f087165101a,4
6afb6f99-ba2d-390c-b6dc-82467c3a7f22,4
13aa6a19-52a7-34da-ab37-1e75c6f12b7f,4
081ab57d-ac16-31da-949d-1363e2f829a8,4
26f84047-efa3-32ec-afd1-80125d445dd9,4
2910a93a-c288-36b8-ab8e-e61e2a3fc8f3,4
678ee686-56bd-3d12-8f55-31c8f765dedb,4
642af08d-bfb2-3aee-acaf-64c93a0fda0e,4
e44e4117-5b7d-3aca-a666-59adcfcf5753,4
86921ca4-ce08-3a75-a621-82a393412825,4
b2c3a158-ec91-3fea-8915-c114431c51d0,4
d4508843-3b75-3708-a20c-f7c5984b1fcb,4
43dbe551-ac83-3480-8c42-2b027653f72b,4
73db321a-8669-34ea-a55a-b5a73deb7794,4
c41ea479-a6e9-3410-99ce-ca7f7b92e72e,4
3b1dbb1d-6146-35b1-b22f-cde110d9e7a4,4
b5e85703-547d-3d59-afb1-ec8e228e181a,4
dd89a3fa-de9f-395b-a1a4-8eff22053fb8,4
adfd7ad3-23a8-34ac-a3e5-c0804523fb84,4
7736f2a3-285d-3f51-8d0c-6599be4bc4a7,4
462175f5-67a8-363a-a743-624fba3aa48a,4
e51f3d38-6f97-3612-b2d7-3206c6915f0f,4
c2563103-d895-3a80-b93c-7c9d6b4f730e,4
0547ce9f-b2e9-3269-92c4-665514e53c17,4
150424a2-921a-3a26-99b6-bcbd63783672,4
32ef1cbe-6d6c-35de-b766-9d8cd1f39084,4
d1e372c0-734c-3809-a77a-86db2db85505,4
d2a969c3-f9bc-30bc-b474-5749ada791ed,4
e9f2ff60-c54d-3ec9-8a6d-20262d70237d,4
1acd2ba9-7116-35ed-9810-eab490c26bf5,4
eee349e4-102e-3d12-87fd-2118426e81ac,4
a06710e3-1ae6-302e-8ccf-ce254f1717fd,4
10eb7f09-293c-33fd-89da-c29b40f6fe70,4
55ff05d8-446b-321a-8d19-c6c2aa81b985,4
653d75b6-a0a2-3b19-81da-1219305c84ca,4
b299e91c-7cd9-36fa-926f-323c56b7151a,4
bce7f8c8-538b-3f32-8dc1-5dae18607d8b,4
db9cbe28-d5e8-3ac3-a574-b355df4261a3,4
60571055-8d1c-3354-b871-fef801e4e647,4
6c1d9740-a945-3163-8423-58830d2a9b4b,4
cea99a88-a9df-3f94-ae35-e807ccbde59d,4
5df46b94-2bde-3745-834b-0855f5f1edba,4
ce9881fa-b09f-3885-b6b2-09b62f85c865,4
903f371d-eebd-3683-a85d-ea0b23a948ba,4
c04a01d5-5d0d-3ba8-97dd-1770f45ba678,4
d7ec80f7-b51b-3bbd-94c7-319129cd9a2b,4
3932f5fb-f95b-32e4-bc4e-59debf0e619a,4
ea588fd6-7757-34a8-ad57-7c8e34194313,4
d0a3adb9-6183-35ec-9c0d-897c3b4be403,4
f4f15c9e-7981-3f63-aba8-7033f089bfaf,4
209fc5bd-bfd7-3c26-a51d-d52c3c964e80,4
265e974d-68b2-3b73-8c8b-b2f380838e2a,4
04ed8fab-3c8a-32ae-8286-1b49cae4dba5,4
4899daa0-3c37-338d-8bb0-461aaa89ee7d,4
91e7c5d1-5e6b-35d7-9168-a11894c82cfd,4
dea894cf-5499-32f6-a364-e7e3b3c120e0,4
8af6280c-3ddc-3046-a91f-ad0ad68ae831,4
a29fd6ad-8f22-3c20-ab11-a0bbc7dc0ba3,4
2dae3705-0dfa-36eb-9fe1-e5bf37934463,4
c63c7569-d3e2-34c4-aaf4-211609b3c995,4
daab561a-47af-31f6-be4a-825b695c8e26,4
ba36eddf-f602-30d4-8d42-38e77142f3dd,4
fa88711e-27a1-3748-9d3e-6707e9f1962f,4
cd1d34be-9ccb-3063-b695-5426c9985f61,4
e1ac9216-bfa5-3879-8837-a9fdbe046966,4
3796b7e8-ffe2-3e39-be35-245794241d08,4
bfb4328c-0765-3364-a9f2-25f4c1d7ca2e,4
a4c36a97-af43-33be-883b-9b4a9c803c46,4
b116c00f-3c0b-3366-a0de-d0e12e070c90,4
aa725e02-062c-3fbe-a64f-98a988b8b9d4,4
9c4633b6-b9ae-3056-97d9-70880ce7f2ec,4
e50adef7-7883-39e5-a2d9-cab35f15e70d,4
00471726-34c8-37f3-9f4b-9d1a99105b9c,4
8a5b3ff5-0aa9-3763-9858-d019b998ba03,4
baa2520d-b00a-3035-89fe-6d857ee40edb,4
eb85ae1f-64a5-3560-aabc-a9d7fb846be0,4
f0f44525-1c9a-36d2-8f2b-e477e1821794,4
ac8ef78b-1586-3851-bef0-9cccb6fa12fa,4
56f752f0-6065-3ce3-9c87-5404c8b9826c,4
9b914db4-1d79-3bcc-b963-fbcab8adfdca,4
b26257fa-b552-3443-b349-175451706528,4
83f75bda-b69f-35a9-bca9-60df9f387c07,4
afb26495-4175-3c9e-8933-4a82a287ac6d,4
7026cbcb-8476-3bf1-876c-57749298395b,4
f096005e-85f5-3240-bd75-85fab1018fd5,4
bdc344de-15f3-3a04-8548-0b8f763481cb,4
0c4eee91-ae12-35fa-ad94-c91309ad98bc,4
c2095ea7-f00c-3065-98b5-027ae2baf7cf,4
0bb9ab1a-d89b-3915-b5e5-bd6b959f49eb,4
bb476819-aff4-302c-92f5-4c4502617c76,4
5d55760c-67db-39b6-9c53-148100163ffc,4
0a094379-6a02-31dc-83ce-fa315696346c,4
2b527aba-2746-3f7e-9d9f-1ba859e0b7a0,4
b43c15fb-fee5-3572-a1fe-535d7b927553,4
9a18ba0b-98ab-3377-84c8-ccfd1fa0deaf,4
3dd7d50d-93e0-30e3-8b06-1b379879a220,4
d5663481-caa1-32b1-a8d8-9adb670994ab,4
2a28250f-b9e2-3571-95cf-6f4ac1b85d1c,4
2a6d1a82-4298-3c55-b594-fd439fe019ad,4
fb215994-d0ab-332d-bbe0-1dd35d58758b,4
f6bb9941-a3f1-33d5-9ddf-17d0ba7681d6,4
dccc7722-f753-3519-858d-9d0d7e2b640f,4
74a35107-8781-3f8c-9032-444419ad8359,4
9bf9d176-8e20-32f7-82d3-d99689f831b0,4
1c8af590-d577-3b33-8e37-b99d4b4d9634,4
8236118a-fcd7-32d4-8766-51c4608927dd,4
34254cbf-62de-3e74-82af-979c76428bff,4
f677b766-6a5d-3be7-bc40-a5f3474cba54,4
dd103ead-16c1-3710-b753-13b7e1166264,4
eab9882a-15fe-32a3-a278-c796ece19ceb,4
314f1d41-8398-3416-ada5-fbf9014d2155,4
61eb9e72-3688-350c-8fbc-73ea17c107bb,4
4d541b98-e671-3276-9504-08583750c5f4,4
49f31db4-cdde-3d88-99de-8197c648493e,4
565f78d7-132e-30e3-a01a-1723f4ec0349,4
78a6e9f4-968e-3178-b447-7eeb7770db01,4
2d54f6ac-3d4f-349e-a7b7-63b2971bf744,4
9c92a9c9-0932-3fee-9f9f-e769001fd09f,4
b0edc02b-d8b3-3681-bd08-96cb95c93e75,4
e23ef4ca-0b83-3819-9ee5-da77f7d63df8,4
57fa94c3-d367-322e-a541-926aa4b763c0,4
74808dd0-3e54-3619-a605-1241564db230,4
50009ce8-420a-333c-97b5-ee2ac4c2b2ef,4
45e3af0f-c2e7-3115-a052-d043a95a4e58,4
1049db98-96a5-3a03-9799-73fa87e817d2,4
a6291d1f-a0e0-3358-94d0-4f3103ed8ab9,4
48fa1517-4175-3024-92d9-70a6cc66ebff,4
fa6b6779-56fa-31a1-86c6-b0a2dcd5e76c,4
0d26b2a8-6eec-3abc-b0f7-d4051b308963,4
07b99031-f299-3fc3-9d6f-fec981fb9cba,4
57e9ce6f-c65e-3030-9f62-f022a50c550f,4
af79eca6-eced-33f1-b3f2-878b95322ab5,4
1dafe9b1-4cca-300d-b7d5-12046673fcdf,4
8235e80f-09f2-3da7-badf-3dc88fa8d158,4
effdf85a-d5d3-33c4-aa4a-5d3bd10d86fe,4
d5998449-9b31-3ad6-b5b5-89291f61c909,4
7771bce0-33f2-31c6-9a5c-d2dc0d848ec8,4
07439cb0-ffb8-356d-b2bc-574a6f09a91b,4
ea9e03bf-e459-37bc-8954-b8b4eece1f56,4
5d558367-a260-3c55-a69a-a69f49f3a861,4
01c1e2eb-bc33-36c3-b9b1-4c1aa75de205,4
dd0ad296-7417-361f-89d3-57557097caf2,4
8ec7918a-5403-3ec2-9e21-5a97cad8ae96,4
1ebae110-3a0e-330e-aab2-4de98bae7e24,4
5acf5cd9-17dd-37bf-8b34-f27628bb054c,4
10fbd2b7-ac3d-3eda-a258-4ef0658c7d15,4
69783705-22fa-376c-bb49-c256b32b0d19,4
39c9bb4c-d553-3ffd-bbef-0297d29b51e6,4
c11e4611-7638-382a-9dba-07e4ea28ac75,4
6797dd43-7c0e-32f8-8c0c-3cffd790659d,4
c0f70f07-42e4-38b3-8e0f-08bf404b061f,4
d7af89f8-1bce-3a9f-a48e-a7529a52582e,4
b7594864-f052-3259-8c02-44c18bec7ddf,4
9884c454-1ccc-3829-bd06-a8dc4a9e12ed,4
5262ea67-8045-32bf-b866-7e9aa4b95916,4
de02c20f-c4be-3a1d-9e14-57593bb50c1c,4
a3bd3eb9-8fe2-3788-86be-af31307719c4,4
0596eb10-c7c2-3bae-8d23-6cf7b2f56b04,4
6856b707-71ea-3739-990f-89d3510889b1,4
c3ae71c7-a854-346b-b394-4a906482504c,4
6e61ff5e-6f36-3e4c-96cc-a4925518d67a,4
5840a603-2296-3539-bc12-fdfe9d46d9e3,4
c70cd91c-dc89-3c23-9de0-810dd10e1e57,4
6a276771-d425-36b5-9e0c-de3f30a2b7de,4
c98f83c4-7128-345c-a0ba-9d3b08dd673b,4
4a0a966a-b7e6-3edc-a8d0-edc3e75df08a,4
71a12e0b-2ed1-329f-b737-cc7ad9c50f6f,4
d759f915-9e7e-3b4f-a764-ee3f9b9d8b62,4
e43b2095-856a-3e82-893e-53b09dd5b607,4
c2727b23-bfef-376a-93ce-c3bbfc794107,4
6413d788-b0a2-3afa-b9dd-bd8cbd7a8b84,4
117dff35-2488-3cb8-a51c-3cf07ddb8bd0,4
6c72facc-de86-3970-a0b6-8f9b0db54e0e,4
27561434-a559-38f4-adfd-64b899731f44,4
1b1c75ef-3a31-353f-88cb-691b4f90c5c5,4
dec240c1-c6ca-36ef-9f46-60c029186601,4
07ae52b2-afe3-3ca0-8b86-346b89882a03,4
ce9318f6-7174-3416-aeb7-8165ee98131b,4
da43d753-5bb1-32ca-aa04-95868dbe2f10,4
1c5c5eb1-0950-3067-88aa-be6c552449db,4
f1293556-e7d7-3e8f-8726-95f933acc0f0,4
fa8aa7d1-53a8-387d-9ef7-cc8a847ec251,4
f49f2d9a-46d7-32a0-ac36-187ed8ad10d5,4
fc3eb6cc-1a95-3fc2-b189-c06f91ce364e,4
ae838bfd-09ae-3717-abed-8f99c949f7b0,4
e900e11e-89c3-3898-94f0-a9b8ee783e87,4
f90dee5d-e56c-394e-ac21-a8e1c7d43a63,4
9fb4a97c-c975-3269-b3ad-44d61953fd12,4
56aef304-8505-367b-9166-174162ac7e2c,4
81815c64-2fa5-3757-9587-5f3a670ffe5d,4
22416568-e121-3860-a9b7-c60ce4ea222a,4
3b9884f6-4fb9-3e3a-bf4c-479cd79dcce5,4
fd5cb216-9190-337d-ab40-51d26a2aa93c,4
1a1d1287-a7de-3655-a1d5-3e59f7214190,4
8d12d80e-84ec-331a-ad0a-920b1169e84c,4
33675a17-62ee-3c86-b72d-7954f4ee8c14,4
6c3d04dc-a53b-3d64-b5e0-fbcc205985bb,4
1cc03c7b-b68a-3459-9af6-73864ee2d878,4
3cc01e00-1a9a-309a-ab32-a5b121036aa1,4
4833368b-e3c9-3733-ad3b-f9dc99c422b4,4
98c5e5b3-d4be-3b9d-8b51-e32aa54b392b,4
027f8b2b-a8f0-32e3-9b14-c0b56da47f9f,4
d263cbfd-9d73-3b34-af8d-eeced6d442ba,4
ce67d492-c9f3-3695-b2f2-415cd3c1d685,4
6498b8d1-080d-3a91-8294-d46bbe22ce1a,4
7679e5d9-3236-3dfd-b87c-4af1e9d5378c,4
5732db5b-8668-36cc-915c-28bf3d6fe805,4
6a48cda8-2922-3ddf-9e43-a3eb2dc5b9f9,4
a8bb6fd3-5511-34aa-a3ca-e28495eba422,4
46f857a3-863f-36cd-893a-8c7144869e6d,4
5ce0b4b7-fd0d-34b7-b069-5dbb029a3131,4
60f4234e-1ecb-3b07-bee6-a17ac6b914f5,4
e0eea9fd-34c5-325c-810d-4642f51baff5,4
011147bb-a466-3387-aee8-71b20a3b4725,4
116509f1-f03c-3e81-8711-1752da088772,4
4d24051b-04e0-3944-a0aa-b46028334dff,4
cbebeef9-738c-3062-8a9d-3953f60cde33,4
c5f543eb-fac5-3b67-af4b-951a69487db3,4
210524ab-8401-3883-9995-a521282a7d32,4
047ae91a-e99e-3297-b7d3-5ad8be93fed4,4
a39529bb-8c46-36b9-b685-ca86ced155f3,4
579c6c29-75aa-3f1d-8fe3-38d84ad17c9d,4
4cbd84af-9cb9-3a31-a235-23cb041142c8,4
23af3938-86cb-332e-a053-fd67f6ead761,4
5f7254c5-0859-3c29-9dac-1fb4e33e1b92,4
3c4d6ed5-0c43-3df0-a77d-66c2aeac7cec,4
fcd530d0-1873-3b00-ab03-39d5e5a0bf38,4
68d2781b-ca6d-3822-838d-e16bb5baa594,4
d8f72641-ed7e-311f-981e-bfce88ee6f55,4
07577ffe-fb46-3de7-bfc4-6a2b665fdd5a,4
afba1b35-6a12-317e-b835-3c0af35b4260,4
4e71bf5e-52c4-3aa2-9144-cb1000aeded9,4
c5ad750d-3be8-3939-a3ee-97f05a2d9328,4
2a0b9434-6a19-30a0-b28b-1853c68785d6,4
a883942c-fbf5-3639-a5bc-a19377322f16,4
a5f8de9c-8506-3eb1-9e97-07ef18e24ab1,4
40dadce1-b54c-3064-a7ad-1f856b6fca06,4
d3060ccc-7b0e-393e-8b81-ebdf7fffb3f7,4
6fe583f3-cb89-3c64-8b00-e3e3bff7a252,4
deea9bfe-0374-344b-b4e4-c911042fc940,4
11479a00-dd36-3929-8ab8-e54b7e634fe6,4
0348542d-8619-33bc-9579-e6119b6a42ee,4
0cadb63f-3c59-35c6-af6f-2698fd105d74,4
1dbba0b8-beae-3f9a-979d-077d835de547,4
74570037-b7fe-3664-9e53-8fc1bcd9bfc3,4
67ae41db-db9a-3bc7-8167-d61c719521a9,4
b7f09de6-6f09-379f-b725-d5e6f1ef4ca8,4
aa729468-c83e-3c15-810e-8e2b640beec1,4
c507af8e-0f2b-3c9e-b299-a7c97e6d94dc,4
102c2f2b-5d4e-3087-94f9-6673ee74ddf6,4
503bdfe4-4065-3591-9238-3dc609061de1,4
9b4521d0-c785-3fe0-b5d4-4cd10eed0c22,4
150c2247-1945-3eea-9e0f-d30d4f83bb29,4
f42b35b9-d515-38b1-b52d-b483eaa1be0c,4
2c9d4ac8-f168-3634-881c-256934cf3a87,4
f3430819-5a18-32a6-ac43-185a1422b93c,4
62323781-240c-3f37-b780-9db8bfa7350f,4
3051471a-31c6-324c-b0f8-0eb15ae22164,4
89db28af-2228-39d9-9c52-4c860c403c94,4
7c3cb105-54ae-3617-918a-a73991e4f172,4
aada5604-7657-3aeb-b1f7-8953ee3b447d,4
c6edacac-71d3-3e86-808d-ae238fc738ca,4
7e051dd5-2083-3553-b3ca-eb0b7a1b6151,4
aed6f3e3-4331-3ffa-9a7a-cde8d336cd8d,4
586109aa-84cb-3595-b0c8-3aad83d4f436,4
167b48ae-c348-3e04-a984-2570c24818b4,4
3823db59-3083-3801-8f6b-cab580f466c3,4
0af7981f-20ac-3280-ba0f-4854e3711ca8,4
39ba4be9-3a2f-30e0-b6c6-3af111473fc6,4
e7b9969f-9e7d-3140-b7fd-1513a3d6faee,4
0ce8bfde-bbe6-368a-a7da-a7dbb4c81689,4
0ad20ab6-e5ad-3a0c-a158-b136daa2422d,4
a5653c00-9c55-380a-8948-f6304cf22c24,4
f90de2f1-4bda-3121-bb71-8e04b5a364d5,4
3ac995e7-fae7-3d8f-ac54-9eb881155a30,4
2c68a914-3517-3597-bf62-6adbd52d19dd,4
e38c3ac7-2f88-3601-84f4-30b0ab2ab1e0,4
d2cb5fe3-991d-3c37-b200-d1c99c3bc00e,4
20fd0de9-5084-33a0-b0e0-d0940302be89,4
4db59d58-2288-3ddc-a77c-8f04a11db977,4
ebe174a2-4195-31ab-b911-f27d83e3c4a7,4
727099f9-ebea-3558-b8a1-0cb15b538a67,4
b97bcafc-076a-325f-a122-afc315b7ff50,4
0e70260c-a551-31b7-9e4a-cb24fd79af04,4
c7efb84a-7e60-35cc-af62-dd5dc9023974,4
39599936-7fde-3613-aa2f-37a6a144fabb,4
50764ead-a424-38f9-b632-782178a0f79d,4
a3ca259f-d8a0-3400-8d7d-fe0a72b5bf74,4
a1dc8faa-c714-33fa-99d4-dbf66def8c4c,4
b662ed29-9fe6-3e57-85ae-9a552966369b,4
c2f6bb88-4e04-31ee-ab05-114c16418bd8,4
354104fd-f44b-3029-8513-a132bcb7e2d3,4
498bce6e-aed8-3aa7-9194-fe98743d2ff8,4
8c5a9568-1e36-36b3-a96a-2032696b09f6,4
45faf13a-f758-315a-b130-9baa33a061df,4
dfe936ac-afd0-33bc-ab78-600d0c1e89fc,4
49ccffbb-b72a-359f-bcea-402cf70af9a2,4
03fb4c27-aca2-3510-bc5d-e3ae8d9727cf,4
c1cca932-d085-3907-92d9-4c53352877bf,4
aaa10795-9623-3883-8225-d69ffdcb485c,4
78881b84-d605-3d22-adfb-3f90ff384685,4
6683c0c6-4096-3662-917e-2575f6893453,4
899b0477-24ae-3b82-a5d3-8b8527de6994,4
892854da-2cfc-30bf-9e29-dcaf9fe5b9b6,4
389f0c2d-7905-38f3-a9cb-6391430fcf8a,4
f318ff08-4950-3150-b366-7476bd67b8f3,4
54e072c0-c2bf-3df0-a493-cb14cf9c2628,4
cc8a630b-e4a1-34d1-aa11-79bc00a098d0,4
a8509093-1e2f-3cff-b758-99fa31e5cf7e,4
82863dfb-c2c5-3bae-a88d-ea386741ee64,4
8ec056a0-799e-38a3-afcd-4d4f88a32cd2,4
4cf2ce63-9a50-3127-9ba8-3731cc6c153e,4
43d9d528-2524-3a1e-bed0-aa0354068299,4
607a6fae-6c24-388f-a8b8-f985cab10912,4
459751ad-9ae5-307e-9eff-8c282dd1ce27,4
82e75524-cf48-32b2-bfe2-3182844134ec,4
f79e0e8b-8b0d-31b2-b73a-adacba46fdc5,4
47995a08-cd5a-37bb-8de1-00a4b6c3d58d,4
972d09eb-6edf-325d-a9a5-4682dbb5e4f4,4
f90d56f9-6142-397d-a5f7-7f6171b71fb8,4
933e64e0-7c64-3fa4-9f3a-acffdce43fe4,4
f28eebb6-15eb-3c70-adbc-5589a707d12f,4
33766351-0b35-32e1-9d37-254acf6d6928,4
f268f282-5f08-3b74-b57d-e6d4292f4725,4
61c2c6b9-4368-3f1a-8451-b9be0667412b,4
71708fdf-d0b4-3f4c-947f-5481c53b6593,4
1855bd49-42f5-37db-9dbf-4690bd33b15e,4
64494545-1f48-37bd-875c-4083e28a77af,4
88dab0e9-d74d-32bf-9dd8-0e0cd2281c1b,4
9068b71a-c49b-3ec5-9406-840e22806afd,4
fe3b11a0-fd35-3d50-9a4b-48737f27da7f,4
a3b2285f-408d-3be4-a5ee-aaa591a4f8c1,4
8eb5db6c-e7d8-3ee6-9a23-0aba4cdb3922,4
2c5a1c42-388a-31ae-86ce-cfb030bb5de5,4
f67ba982-4ee3-30f2-8699-18cf86c68f0f,4
3f290bf5-971b-3b5a-b659-a780be7b2e8a,4
6c6f6a3e-4621-31c2-8d74-9f04fff84e84,4
282a779a-5fce-3d86-8367-65d8b99f69c0,4
b7fd132e-460e-3b12-a23a-894492a7f98c,4
fc7879d8-d1c9-3120-a227-1ca0956f13d0,4
7d343ada-a852-35fa-b689-45d6cd5efb49,4
7ad19a02-bd03-33f1-8be7-6f987fb8d924,4
6cd0f6f5-4909-3b66-804d-d8795901e041,4
a3d94114-e808-3b1a-815b-0322b31a5f20,4
e2f445c5-d16c-3d80-a3d9-7e748c093516,4
690f73cc-2df9-3d26-96f8-c7a0cb3176f8,4
1095fdb0-c73f-388f-a48b-419e65a1cf7b,4
e07c6bae-e364-320c-881b-fa41b1b51997,4
e6f23d4c-a378-3711-96d2-3fd718ecd352,4
48e48e56-8fdc-38b4-bb45-b348bc8ebfd6,4
96fa5a9c-d929-39bc-a84e-1ef3776f5d4f,4
8a5b5853-af77-3cf0-9b9b-2aaf6d90d284,4
61129d04-22c7-31cc-96fd-2207e157466e,4
edcd30fd-d236-3cff-b24f-769562e577af,4
5c757ab3-9a6b-30d2-8bb4-f91f18d622eb,4
d9adf664-3875-39e1-bcf3-e92fefbd8977,4
9e94296e-4405-3506-97dc-b339c10d6be1,4
30b97a08-4197-302e-8d5d-f6e7032227aa,4
82eed5a2-9b6e-3df2-a6cf-e3420ab092e2,4
b0269857-28e8-37b3-b135-1c0ab935c063,4
34612735-cbe3-319b-9444-a7a9c5599797,4
ef6c5cc7-3782-3a96-bf37-d04c9e1ec883,4
496c2504-7c73-3f44-a878-e1392e3f3491,4
c1b6a269-14a5-3ee8-8396-ff51a73dc91b,4
c1186ff3-98ed-3cf2-9202-08024ca4e72b,4
73ddf1f8-eb05-31ff-a773-f41c8b953bc1,4
1e8f925a-9f17-34e7-b4f6-d4ba2e94fb7b,4
d1a0e231-2344-3eab-8e09-c830009f2b37,4
dda521bd-ec32-35f5-a426-7c555e8fb1c5,4
35ede999-49c0-34a6-a536-4fc34af911a3,4
b5ef84e8-cadf-328e-bdea-73c101879ad1,4
0264919a-7a18-3cf5-af9d-d2e120fce77f,4
b0af7193-3e5d-3966-8e02-96bc2abd4f22,4
8b8ddb85-86be-3b02-b37b-26ccda088104,4
600b9e05-1acf-306b-8557-66c267298133,4
1336c727-dfc6-30e2-a697-af1e542d8203,4
37f51c90-72b7-3c4c-88cc-2d23fd46a50e,4
5c424888-f8e5-39fc-9c48-7ab0f007c6a3,4
09c6252a-5962-3d0a-a149-9434874a4541,4
3722d754-d703-3f7d-9e46-92fc79d14d71,4
cc865d08-e272-31b1-8488-d2aa5b95f1fe,4
47b11e49-5a53-351d-8f49-91c2944c6117,4
12f5695a-320e-3330-866e-3c1b9e290710,4
bd03afae-2d91-3f57-964e-3db3b1130412,4
a928803c-5df6-3a6e-8717-e67d4060c58b,4
818e9388-05d1-3639-82c0-255a6df6e78a,4
7a8c1e99-7af0-3bec-8780-fe13f9a1b92c,4
dbba3fdf-24e2-30cd-be6e-95c861692f66,4
8791a98d-06fa-3f49-b067-3d8e9b235d54,4
fa5ce580-c06f-3dfc-9a82-e91d63842ebe,4
75aa61cc-ab3f-3789-8ea9-e6175f4cadf2,4
6116e87f-241f-3365-a446-9625f669d74d,4
24de5825-2e1e-3e9a-90bc-e1418fbd7853,4
857b0a58-1f89-3853-835a-1054c0717d7b,4
cabf38a7-b9e2-3658-bcb7-23dc8523ba4d,4
1eaf6589-3ee0-35ef-a441-a9c27655b2cc,4
08212839-09c9-309c-ba9f-ac4b7f179819,4
ca20b01e-e317-38f8-a0df-40a439baffd8,4
8bdd0a97-e45c-3404-850d-09b618ae24e4,4
421c07bc-c7fa-3111-9ea0-36ad5bd0b786,4
187b0f4d-a42a-349b-8041-0a1e55bbcb3a,4
a3fc71cf-910b-3a0c-bb8d-79fd285f7305,4
305862c2-a42a-3846-9977-246525e312db,4
a41ca8cb-f36e-3240-9109-9774aea6d715,4
d1a0a5db-0d3d-3cce-afc4-04de19b9f584,4
3a036cca-1b4f-3c72-920b-5bb8facb5764,4
348673f3-e08c-3b21-845e-b624f1343f10,4
6e9c8498-e427-3bea-925d-405325a6ab98,4
1712b988-6a89-3225-b1e2-14f579036833,4
2809912c-3c4b-3433-b527-9276005800d7,4
f5085460-d876-3de1-884c-12d20bb028c7,4
5363fb45-ace9-3cbf-b5f5-c74f5b392eb8,4
cc12181d-929f-324c-b0f4-1e9dab85d0b6,4
71c9338d-2cd9-345b-b845-b4c7e6bc8d74,4
3090f89a-324f-3cf9-ae9e-3948cc9a69ad,4
a82eeeeb-caf5-3657-ab36-dda57ee33f3e,4
5e4aada6-6c91-3fc8-b274-32dc0796c379,4
75c6035c-a934-34e4-9771-7ab0a5291ee3,4
76af5c4f-80a4-364d-8443-ac35be51ba1f,4
f0ae4ee3-d8e3-3562-8041-acf88326ddac,4
e1de1646-3e27-3921-ac68-3979402e4aaf,4
a5fbb711-0229-34ca-844e-13bb402694ea,4
ceff5f89-6d82-3669-b14a-6249f30d2f99,4
09fb5c47-1187-3817-972f-d25f55d62b42,4
9ab66100-7ba4-34e4-b9fd-ad9db5c5e74e,4
6b707613-2e92-39e5-9ace-87281578ceac,4
da94b13a-6994-3764-9bda-d7b4fcb62402,4
c434f059-b03f-3d15-ba2d-05ddee5b05e4,4
2450387f-7b8c-30ff-96de-5fe2acf2bdf6,4
389bb9de-055d-3c48-a59c-bc98b6fdd3e4,4
cd43d044-32de-306b-9f62-ec8d09973e56,4
56139434-ec9d-3315-b155-8ef8a47cf923,4
1e3d570f-bce2-3742-807b-3ac4ef1f1048,4
e88c334b-48e4-303d-95de-4e8919b2350d,4
bd557dfd-56af-3f53-bfb9-a9de5d3e5485,4
b4ef6b8f-c66c-3b7b-84ad-2dd3e051ca08,4
1e9d049b-48bd-3b1b-acca-d1c83557e797,4
33443b22-b301-32a7-a15e-98586651a5c3,4
b9d40d2c-03e6-3a17-a1d6-c674e4c46810,4
9b04a796-50e1-3475-aba3-a193ef09662e,4
a50877cb-a8e0-3c03-ba54-51b664b9eeb1,4
6bfe7e82-18ae-302d-9e5b-69c6f66e3ab3,4
f15bec41-2d7d-3036-b0f3-230f948684d6,4
41c50622-31c0-3f53-b705-09e876b58bf7,4
45e94078-ed72-324c-be60-cda244124dc9,4
37fa8a11-66df-33b4-a2f5-97c2c963655d,4
2d12d75a-1765-3d7e-8cc1-0b5c2f7cded0,4
55746383-3909-38fe-9dfe-b2ecdc2e8ac0,4
e89c8e76-9fca-3612-b351-cb91a5a041d9,4
c40201f7-8bdb-3be2-8727-68a4ca872936,4
8b5b684e-2248-33af-9379-7a105999cc5f,4
f667342e-5895-3eb7-85cf-e3276e69be5b,4
aaf6c4ab-2bdf-3d37-8b4f-e7c21b4e5bdb,4
37271d3b-1e3c-3232-9751-73312e663b61,4
9274f72a-7dd5-3ac9-93a5-4b5ed9eac3b5,4
9df811b7-96bd-3d89-b08a-2afbcb3b4c29,4
d9d6896b-c11d-3743-b4d3-cc66bb3184ed,4
fdf4a01c-ea06-3b14-81cf-cda29904967c,4
2741bda5-f5a7-3cb6-af5a-7e8f2d5f333b,4
c00140ca-280b-37cd-9d00-2e5ad47c192f,4
bbf81f5f-c2e8-391f-adc0-706aa6c9bb2c,4
ef22b295-326f-3789-90ed-da75665e8296,4
cf07e337-23c9-3172-8e2b-bc0711b70220,4
dbed08eb-d024-37f9-9afe-f9775ff3dfa5,4
203911a9-6f7e-39b4-9683-caa4b7486f4d,4
5bf25a9d-0fdb-3808-bee4-032529f47347,4
c1278659-0b8b-3db3-8e40-03b198148cce,4
37d02cc8-fe6a-3f14-81e6-3fa6bf270d29,4
db876a14-fe9e-3ac7-9fdd-b0b9bf4d6180,4
7c447107-2eaa-3256-9274-275fdf1e22d2,4
4e12a4de-d93b-354a-a2cf-012b8d14a283,4
4ab39552-27be-3712-9336-e3acfc97ac26,4
ac3b564c-4567-35f9-bf63-f2f240757649,4
c0cc634b-9d68-3bbf-9041-428fbf26bd49,4
4a3d2816-c241-3f2a-80da-692cf939c50f,4
28972ed5-c842-3fb2-a0e2-7586e5d0dfc6,4
3731ec6b-7196-3772-a4e0-468289adf1a2,4
e01e1e01-6085-3595-a2f6-d4348bf0821c,4
b473eed7-9880-33b3-9c5a-5c15776f0a19,4
607ceb2d-9ac5-3fea-906f-eb9faa68e8e9,4
27e6156c-8857-3244-93ff-7c0f2ddabdf1,4
4b870130-798e-3b2b-80a4-8046142d4419,4
bab8270a-89fe-3ee5-b503-738d8b19b3fe,4
94050d9f-0fff-355e-b834-d6f35867143f,4
133cb411-2916-33eb-80b6-951e2ff37c6d,4
711f67e4-22c2-33ea-8603-c9eb991f5796,4
4d2181a2-7224-395a-98ae-539a9093eef4,4
5777489f-5ba9-3d7b-afeb-80419ca5f98a,4
bb172b04-99a6-33e5-891a-a9b52d09881f,4
dda8778b-df45-37a6-9d07-5335c1841305,4
bd814d12-659e-3301-a4d2-560ba9b65b7e,4
39fcef49-63b0-30ef-857d-f3a21b57bd0a,4
e0af91a1-1caa-35a2-8775-f830f057ef24,4
6c3fc60c-9c09-33cd-b48e-c34024385daa,4
af1f59c2-f30c-354c-8657-932deccbd8a5,4
9ac8ad4b-0d75-319e-a1a3-e10f5aad2480,4
d53b3f28-91be-3c72-8e32-9371adf05f01,4
bece51c9-0fd7-3d4e-a1e2-b8af6a283817,4
734fcc27-0852-34c8-83ea-f2bc362a46c5,4
8eddf042-b179-370e-bc24-0d47758df7d1,4
b1d73736-a260-395d-91f8-73efb97f4b5e,4
40804d09-9234-37bc-9376-0cf33404e0e6,4
cd4bfaf4-1bc6-3379-8b08-89a955ab009e,4
cfbb9386-d4d1-34c2-b1fb-a9303dc1d328,4
d436405b-1288-375b-9ef5-93a1f23a19d5,4
a27d7c0d-a456-3d79-a9b1-5394556b1476,4
e91025af-c6d9-3ae2-b551-a2b77153d0f8,4
ea61dd3a-3070-3d9c-9aa5-64c866da0926,4
a0280cbe-4c9b-38d7-a713-336ed8412d09,4
f9b7be33-7b1f-3478-87ba-e203096e8344,4
9cbe714d-5c37-3fa2-ac96-ad8ee5502d69,4
ffa442af-9946-3f80-b446-aeff18786e94,4
541b08c4-d72f-3d30-ae28-e14ff4c667ca,4
57cdcdde-b932-3fef-87fb-bb1bd1b33ccd,4
ea1a798a-3a7b-3e5f-bf26-663a1789d2b0,4
5a328772-0517-30fa-b437-8260c691ab7c,4
3d79f132-f085-3a16-ac09-42d443620bcc,4
74b5fe0e-a5fe-3f93-8d93-6cac0eb2c2ac,4
5d507fc6-bd14-3cfb-9eb7-42d2950ee203,4
80758ced-c00c-3ed6-9a5e-d6e1f8e2ff8e,4
2848a6c0-7791-3afb-a3c3-609aed1ffe1b,4
6ad6901e-5cbe-3685-b041-db3a1cec33a2,4
8be0d165-ddc5-34b2-ab26-51c286f987d7,4
e53eaeeb-7e83-34d8-b40c-a55319af9974,4
1f82b70d-b4b5-3a23-a698-49c0bd0fcdfe,4
369e2852-b38b-39ba-a5e8-53cc3e2801fd,4
6fab0eeb-adb5-359d-9613-ba979e246144,4
bd5fc59e-4ecd-3aa5-ae53-17027d48b90d,4
9d7b3598-fa82-339f-8bf4-65d29b6af35c,4
58b075c9-5851-3cef-968a-48e36708b07c,4
b668d2ce-9a1c-3f6b-a6a5-3bd91afee7bb,4
b7f0b139-8b2e-3c4d-8afd-cecf35ff07a0,4
b8dd5f4d-78da-302d-a623-841d2093fea6,4
3a26630f-86df-3718-b1a3-7aa41ec062ea,4
443110fb-c9f3-3b3e-981b-5e87bd7c3fbd,4
e2f3410f-51cc-3bb2-b465-05628b70fade,4
1d207fc5-0cd6-3f20-b5d4-4c9924198b6c,4
ed8c10a3-d1da-3cd0-bc6c-f9c1725f805e,4
d00648d2-feed-34ba-93d5-0ccbe7bfd9bb,4
3a3075df-c6d7-392d-97c5-b5bba2f0d481,4
be784656-d608-3f4c-a01d-25710e86af10,4
4a15e894-e978-31e7-b4f6-33d02df8f724,4
7f57d1ac-0914-38fd-ab46-7c2384d45f50,4
4a98a64f-93d6-38bb-8b5d-dffbeae7a5db,4
255b18d9-d7f1-34dd-90f6-79b04e6ccdd4,4
f7a778f9-e82c-36a3-a53a-2ff8c4acea1d,4
314f90ce-8ff3-3c88-a332-c2db3477fdeb,4
470785b4-7d24-31fd-a41e-4ac3ab4a4ee0,4
fc8bb234-c0d2-3821-90b6-9996f0424611,4
8738f96f-8d9a-3fe0-be8c-402bc1452e78,4
f51c1d16-9e62-3107-b9ed-fd78e9c9ec83,4
41c780c8-951e-3f02-969d-abc6371980ba,4
2bdd27fc-c7c5-3df0-ac4e-f53fae7e2fc8,4
5f267bc0-8bb0-3a0c-ab17-fe9634303529,4
ed4d92d6-40cb-3499-8997-e5ae75bb190a,4
8ae24c8e-7390-38ca-8672-5532205ea3e6,4
ab286c4e-c02f-30d4-bcbd-52bd4adef9fc,4
92cff3ac-bec9-3090-944b-c288b1420526,4
f9e65f83-b244-37a6-9fab-791f4d7ce441,4
6a19c31b-81d5-3fec-90c6-05ce306036ba,4
2ae8ddeb-0096-34a2-a519-3d277a24d0c9,4
ca985e48-879e-35b8-8e88-7fee87e6aa82,4
e68f9c20-fcf5-351d-91ef-9cb5947e3344,4
7ce23db4-58c1-3ef2-b420-1dd0c1940a92,4
a863af3e-2728-3701-bbb4-84aff8a43009,4
58c2b142-2708-32af-9a57-f74eaa56cc5e,4
2dc326ec-24d0-34df-919b-e5fc303d532e,4
9926803a-46c9-3211-a2c5-306c40584aea,4
a05ffd2a-3b41-343f-b2a1-427d589c0ddb,4
e42099d7-0e9b-312e-8c4f-3acfb783aa06,4
afdf656d-5daa-32e9-8774-58d46f034f44,4
7054222d-2276-3378-87d7-531cd323e57a,4
b0ad7f3a-d3a5-3573-a398-0443e0a282d5,4
e1d00f14-109f-3119-923b-33f9f0fcaad0,4
b3b45fa2-7214-3d29-97ee-50d6df8e5fc9,4
3119940c-a924-3fa2-9c36-9a6c0453fa3f,4
58797f58-36fd-3ee0-b210-3db41b000cea,4
d6373fd9-ed03-3b9a-bcee-f0ff068e0a50,4
4ba9eda9-fb9b-30b5-bf0c-74f54ff29137,4
e2f548bd-f286-3280-b61e-2e05bf2de76d,4
85741d36-2361-3662-a96a-b7486d8c896b,4
cce2fec3-4d48-3162-be18-a48dbb8c877c,4
edeccaa4-d21f-3438-afb2-a1d6de7f8fe5,4
d2465fb6-3051-3315-af08-4cf851b7f371,4
3cd90cc6-9ac1-3540-b495-3ff5de3e6a49,4
616cecee-66dc-3b08-a9f7-c83592e979e7,4
908c6561-75d6-3c83-9cc2-dc95d332f93c,4
7e5aef03-bcbc-34cb-ba0d-fb1aa76d7e73,4
1bcb06b7-b267-3018-921f-d400981beb03,4
404dc2fe-4a60-3e69-9788-ec19168273cd,4
d6467076-c15c-3f9f-98ac-79e076dfa836,4
7017285f-6893-3aff-adf8-9d58b32cd540,4
5516ab87-2f6d-33da-b7bd-319230191954,4
966b5816-6778-38e5-a17e-71b924e776a4,4
c6521b45-5bc5-3bc0-9f4f-84f0c14f487d,4
c519adef-db47-36c4-bcc7-90ef682b86e6,4
1d1889c0-3ed8-31eb-9203-7269135c549e,4
93d42a7a-d0c9-38af-a828-808ffc8159d7,4
85c04042-31da-326f-b917-e563f5e5cba7,4
667946ed-815e-3558-8ca9-9fe9e0a55bbb,4
d263b40f-c2a1-38ee-a570-75a2c24618ff,4
6a067972-419d-3520-bd3b-3c3e518d8b6f,4
4ec5a1be-b51e-3382-b4a0-7cebedfe9076,4
e4f4b68b-fdbe-32c8-ad16-ff10293ec6fd,4
a52152a8-df53-3359-acca-ca91b2bc6a75,4
077a9c54-22d9-340f-8ef8-c4fe7f5da6dc,4
cedc04b6-093e-30e8-8a9c-b57198f7b58c,4
d71cfae1-9b8e-365f-8104-ab8461f76bcb,4
c1b27325-8b21-36c1-b590-adbc6b7420ce,4
b47c5027-e9ec-361e-80fd-05a4922d7257,4
3249b85c-4951-335c-96d3-9395f9623a7f,4
12561641-82b5-3cc4-8861-bf82b04c4f97,4
5b58b653-3aec-3247-a530-8ce235096095,4
1910c648-8133-3343-8299-4341d660ee1b,4
654f409f-3ddd-3933-b8e8-62d2c8238aa0,4
b38ca643-ad88-3aaf-b409-e0f7d484ee3e,4
122e18de-7054-3506-adf5-78c0ffc53182,4
014c7aa9-116b-34c8-90bd-67774d36dc39,4
966fda7b-04d6-3c7d-b576-4770af6915f0,4
803db052-f7ac-34cc-b038-8a8f050015dc,4
be815b59-c804-354e-b26d-5567658b08fe,4
62b69ebb-e32b-3e2b-8c1d-5301a9fe1ca6,4
f72bc336-1c72-3790-b0c2-a3a03e601cee,4
95887c6b-f59b-33ee-92c9-d3ad51c73a17,4
d17dcaa7-b179-39b9-be54-6d1e45c67305,4
b3f1556d-29b9-3dca-b44f-1521e3da7ab0,4
49c2c362-6165-33c1-914e-3623d611d077,4
efdb1b8e-be4f-3ab2-92e1-9be7c9f3dadc,4
e018a6d5-ad4c-30e7-9e8b-b6e431c856e4,4
1a75f9c0-c134-3ddd-956d-af4987d273ee,4
3437b367-f11a-3afc-a8ec-ba73cec32076,4
9c3e5c03-ffff-318b-9885-79e8e3188aa0,4
6c4cc35d-d330-3698-bbd3-447cb096cbd2,4
d896faf2-d65d-3205-a56e-c75951adaccf,4
714d6642-65cd-3ebc-9fed-6780e1f5917a,4
c38b242f-82a7-32a8-8c87-3cdb6f8b552a,4
a620b379-5892-338f-bf3f-5e9ae624f716,4
f195dbf1-3571-3360-b594-321ac47b2051,4
0cf868f7-7df6-3eda-afc7-fadc3822d56e,4
a789979c-318d-384e-8e74-876dbf239544,4
6a978bd7-ca1c-302f-8907-4ed9802852dc,4
25af815f-1e09-3e8d-a305-8bc344cab01b,4
567cf747-8d5d-3ce8-ad3c-a904a6e0c736,4
2a2e6dcd-70e1-38c1-9108-b549db29535a,4
25095ed2-a1fd-36f3-959d-64d01ab00cf6,4
9ef178ec-449e-3655-bc62-7092fd49277a,4
f7b7cdab-a9d4-32d3-bb34-884f0c64cc5e,4
8a981617-eb71-3965-b04f-86b0678e9583,4
2daca752-fc8f-3856-a1ef-5206f41d6ccc,4
e3f768fb-bd2a-3481-b0dc-35c13824741f,4
18c5ed05-18fb-3c05-a42d-7ca3f12c1b71,4
e3c0fe6b-1d58-3da6-b1e7-75932df61198,4
b45ad5e6-ad54-31d9-b532-19835a3b881f,4
188ae8e2-b136-3ee7-ad91-c5af779910fb,4
fe75b7bf-0c8f-3999-9075-65adc62f6e0e,4
01fea528-271e-343f-ab65-fd0948498e83,4
ec86d1a6-3e5b-3a9b-a811-887bd4fde99c,4
7c16ed3f-7b53-372a-9973-d22422cca0e9,4
1612f461-c434-31f6-9e79-03317f03cfeb,4
94c04267-6de4-39af-b98a-7f57f6959639,4
b6864448-bb8c-3cc1-8862-74a3a81e7eac,4
7bc18488-fe43-3168-ba24-5329974fded6,4
02947770-f86e-3183-b124-226e2d3a919f,4
44a6c791-95ea-302d-87bf-6cc1413905c5,4
003a7d60-a058-3869-a5ea-5d0778d22494,4
436f3668-ee0a-3f73-91d6-090784d56b64,4
c568c85b-0165-3b7d-a39b-6d52b6e3005c,4
e03b4b06-dc27-3433-91cb-b99a4df9ee0c,4
cb5c9594-9999-332a-9cec-44ee73adf9d1,4
4fa3c3c0-227d-3e6e-93ab-98f5a72c1988,4
89661eb6-041c-3640-95bf-ed5ebe77ee79,4
6551eb1b-9000-3a6b-be89-6b684bac2894,4
834b5bd3-c378-3b73-9eb3-acb72810bf7f,4
91d7522f-717e-32b5-bf8d-5b5063f1c5b6,4
d24c6d16-0eba-3bbf-926e-e3646a1b93b9,4
76e2ee90-d945-3702-aeee-4b09e72b4caf,4
52b5700b-a9c4-39c2-9566-46102896427e,4
89266f5c-0c56-3814-bcbc-722b840160c8,4
9cafea46-621f-31d2-ba5b-66fead0aaa2c,4
f6beb810-9c69-3956-b9a7-a75073b3b6f2,4
4327a68f-8ee6-360f-907c-f439cec60eef,4
83a3ccef-ff7a-3825-80e8-e8fef02b5b51,4
c4520959-5d15-3ac8-9b54-65a6827d7c62,4
d3da24c7-6102-368b-be66-2c1d232bb8a8,4
a0dbb226-339f-3483-b5b7-d3608c5a0cab,4
dc006f20-022f-31ab-a911-6bb87a407862,4
b0a08c58-b712-362b-acc1-5b53c346c115,4
97f40a8d-1772-3b85-9b99-0e30fcfff7da,4
236bc6a7-f310-30be-b00f-b87e81121a68,4
22d8051e-0d94-394a-873f-3beb5fe6719f,4
8b1ad03a-8b13-3823-b744-f187ce974d8e,4
289e8a87-ed4a-3e4e-b327-a08bb442b8ea,4
d9978e16-2c5b-3435-8ccb-d629f1c752e0,4
27e648a6-7b13-3e17-9404-91c90ae1f932,4
0cd064b3-7fd2-355b-a05d-f558aab26245,4
b63eb989-c17b-35fb-b0d4-44013a3c442b,4
5a17afdf-5e1f-39d2-b1ac-8ed2b4492607,4
33118962-c664-3cc8-b944-ff1c4dc88169,4
d630d675-db88-359d-b308-78a65826e2b7,4
92eb3ddb-3714-3918-9c18-16a774cca30b,4
49ee7abe-a4e3-31b5-977a-5153c1926863,4
527e8927-c3d2-3f05-8c2b-8d7edd598216,4
2853e4db-51b1-3623-bae5-1d13a8b44777,4
09ad5712-ba62-3031-9c76-0394d2f0da4f,4
cd1e0ca5-0ac4-339d-8a41-55794dd6eaba,4
4405bb9d-73f4-3bd1-b801-b0f29a48174e,4
e9e43786-89ac-34d9-b35e-17abee25414d,4
0d5ca7fd-540b-3d72-9ec2-e9ffa24fb51d,4
bf60c027-df35-3561-b542-ab4335f1cd15,4
03320dae-33e6-3b2e-9651-91855c316bff,4
8e59a660-8c43-3bbe-a9b0-4dd4208e06b6,4
6c2b22cd-1177-3026-a238-831fa826e800,4
f0da8181-838e-3a1b-ac6b-1e76a58963a9,4
7adc5ad4-22b9-31a2-8ee8-2e69c8d5c936,4
20ab6fac-edb3-3d13-85af-08b2c28de8b0,4
b4cdfbb4-b8eb-3090-9ded-a6376a86724e,4
f6f38396-53f8-3f6f-88b9-7b5a0dd9b9d2,4
dad947a4-aa85-3a68-842e-900ce25d186f,4
bd3ad556-d34a-3aeb-a871-4ce0dab805cd,4
82a72427-d364-3701-ad0e-79d55c28a6b9,4
27e0c5ed-f61e-38ab-8a4a-1cac0349d84c,4
01661d67-950b-34a2-ba88-af3bc0af5fb5,4
762d8c43-462a-3642-9e69-21218316cc88,4
b10c161a-6002-34ff-a1bc-656d4fd8260b,4
da59291b-ceb7-3751-9dc3-c32c13aace6a,4
efffd618-6f1d-370b-9f8c-12f25748727c,4
ce5623d5-26aa-3ece-be3e-10143fc57aaf,4
e2ffc8aa-3782-32f8-a0e4-8e5bf3f6f587,4
5bafdbff-02bb-30ba-8a3f-3ecc8c659c2a,4
a26c273c-d5c7-3dfa-ba0b-df8fd9010647,4
512f69ec-71c3-3252-a9ef-e0efad22257d,4
f66aea85-bf07-3c64-9541-2ba4e9db8ce0,4
c42bab6d-bb4f-3161-8093-dffcc256736a,4
3420b0af-715f-3311-b9b0-a6fc2e3f2f67,4
1ba0d2dc-8d8c-3866-8283-7a163989a035,4
a044b4f3-a17f-3415-8ea1-f7cfc5114618,4
75025973-9866-3687-b925-95b23fdd6e5a,4
1bfb719b-6afb-35a5-84c1-e9e777eaba62,4
ba30622e-7ba9-37ef-9f14-a15fe083dcf8,4
d2e3a6c6-0629-3a04-bd0f-d7ad5f27894f,4
7a8c5591-a891-3512-940c-63984c7863fc,4
c7c53db7-7f62-3f98-a023-9acb8e3d3cc6,4
9e5e3a17-22ec-37f0-9878-286ab0267659,4
4b1cc3c4-1997-3f62-b017-de0fa50461e7,4
54612310-1217-3c5e-8775-f63c1cb7bb61,4
1520bec2-0dc4-364d-acae-2c838eba49a2,4
728bb2ea-b15d-36c1-ba72-78f3b2560efc,4
54c91826-8973-38f2-87b9-262fbdcdb54a,4
546cddc1-7917-3a4c-b4a8-87bd5e7094da,4
72ef6049-4265-3ffd-b698-a8883d4fb701,4
6c8a6588-bb21-39b8-97a3-f7c1537f40f9,4
3beb543f-aa54-3323-a654-a62ea7881fbc,4
c3d584b4-e69f-3d63-856b-d9d51d56c447,4
937c1ecf-feef-38d2-907c-97896117224c,4
d2b3b3a3-6090-380c-b588-b278efa6efe9,4
9e0c8ccd-f10f-3cf7-857a-e65694fbe4d2,4
3cacbfe2-f7cd-3092-846a-b2f1237fa18d,4
9de0c7fe-a6fa-354f-a3bc-cc9aad7fd68e,4
1043df04-ed96-36a0-841c-cfeab9a5ba40,4
1abea0be-c73e-3fbd-855d-d6b601325c2d,4
4054b666-f27c-383e-b732-2e9cbdc65db5,4
0e74730b-249b-3a30-a8a8-cf3fd1d9c58c,4
66692dfa-3259-3202-b068-d4e16145e05c,4
8002a8cf-e62a-378f-870f-74fc68e320f8,4
3c7edfd2-45be-3c22-9ed4-bf1588d742d0,4
01e52600-00e6-388f-925f-f3328c639b9b,4
2d7329c4-224e-348f-8079-22a0c267611f,4
af2a6a1d-ac54-3da9-b1ce-554861c28c59,4
41dd9fbc-d6a7-3e35-8b93-bafd7fbd74d2,4
3aaaa7a6-3d65-3e50-97f7-e3bef890a432,4
3bdea56f-8562-36d2-8ebc-56f0c03c3670,4
7695b267-f752-32c6-97e4-87c634b4e8be,4
ed1c2262-e4ee-3a9d-ac8c-c81fd746423b,4
57cda73a-b69a-386b-9011-068066bea29e,4
f8d5c351-b155-38dc-a1f9-231ef3f7062b,4
9babb137-60a9-3204-b33b-25d564c3ee34,4
96858997-b641-358b-ad71-5756565a8045,4
94f5f4c4-f7a6-38a9-af41-d59ff5fd7106,4
27c49860-67ac-3cf2-9f5e-703fb560e9b4,4
4ca9c5c3-2a75-32ff-9533-33ea502cf2f5,4
f65dd68f-0478-34d9-891b-3374641605af,4
092e00df-4b4c-365e-8fb2-1cd99e70e364,4
e0e3cecf-4f4a-3435-b194-d4c28d09ca6e,4
4b97b49d-52eb-3d75-9fa8-4ee9c8f12380,4
2ed0a0ca-3af0-30f3-b082-71456b5064c6,4
a9bb04f8-65b3-36bb-9064-1c3c16a1c2d5,4
33b81730-30d4-31cd-a1fb-8958c938b8bd,4
307edb5a-8fc0-3645-b3cd-ff6876dfc8c5,4
447b197e-cd12-3d1f-aa07-ec1ba8ec9220,4
f53d129c-4f1b-3f90-bc53-0321c5405916,4
f985cc52-f346-366e-8535-ee3346e158a4,4
928d8639-eb2a-3c4f-a282-58d138607f14,4
d6a14dde-f8fd-3dcb-a983-d7147a8d5234,4
205c7025-0501-3d91-a1ec-922f82c493d4,4
a0f1a765-97ea-3e17-8c0e-33bda286a892,4
2a2a6310-3814-3edf-a124-667f0223df88,4
2b7051e2-60a0-38c9-8a32-851e4f02c902,4
0db7a13a-b7fc-3c4a-8c6c-7fce13bba488,4
c9bbf219-ef29-3582-8987-762d99854f02,4
50b7f2f6-e5ef-3007-854f-982b88f590b8,4
12aa5000-473a-34bb-9fec-d6475c4a891e,4
a97c271a-d4c5-3a2f-afc2-0764d431146b,4
f0914fba-3e01-3803-b724-445e86b16c43,4
4e76ac51-fcbc-384e-ad04-a9288a2f1cf6,4
5a84bbcd-ed58-323f-99c6-3aa159b4c439,4
e5bac5cc-3233-3066-9ea0-830cb1345e8a,4
5866888c-8cfe-321a-874e-f3f229a540ff,4
9202ebed-9644-3016-a79f-646d823c566f,4
a53f62ad-70cd-3db3-954a-b0b172332bb5,4
07a2e589-093a-32a1-8885-6356246a0e47,4
9ca3bf45-e9a6-33a5-ba19-fddf19152cc8,4
777c2390-0360-3074-9732-52a2f6a1c847,4
c251a142-20ac-3eb0-aa2e-0bdff5ca58f4,4
2dbcfe1d-edfd-3fda-95f7-582a9a71e723,4
e18f694b-efc3-36f7-9c46-23ec11e4dc42,4
e56b361b-be84-3790-a4c9-c2811dba6435,4
5a9eec16-e9c1-3a9b-a54f-1a9a747f92dd,4
15eca341-5946-39f1-b814-80c9024b1891,4
63342e37-ac74-3449-adea-4ec78e82b1b2,4
841cb414-411f-33d3-a2c0-4ce840d6377e,4
3c5c3ddc-2e15-32b8-8da0-d87c7957021f,4
0fab71cc-660a-307d-871c-1480987a290d,4
c04b76c3-bb20-3673-909b-4a06d0899d18,4
7ac7123e-0331-35fd-a460-fa1796071ff9,4
21ecc633-a18a-3f1e-a6c8-23263a012270,4
3fbcb934-f2f8-37da-ab6c-dc19dd9bf3ba,4
82fa4e14-bf4d-3ae0-92f3-56175b15757b,4
574c8a0d-362a-36a5-9bb1-f77c2f9c6858,4
d3bccd7c-4611-3090-815f-2d856ce2153b,4
23890564-07eb-3b0b-a1a6-b88df4c385ee,4
7620fee0-a29b-3f59-9bc9-52f81e0a5193,4
ab2c23f8-6139-32d2-8913-0968b07c74fb,4
b7634c99-a3c7-39ad-b8d7-b7c81421cda7,4
debd8446-7def-3b74-bacf-f5c2436f407b,4
e5cdfd30-33f4-3e7d-8fb4-0f270e13c8f0,4
417fcc6b-b564-3183-a23e-879c5edebaf7,4
cb0ee701-069a-3938-b7f8-64ecd6008010,4
79f3e7c6-2587-3d4f-baa4-3db51d5d389d,4
54a38475-593c-3b31-9bef-a411d8880430,4
e95e6e41-cf02-3ba4-9e63-5623ed796dfa,4
c2297a30-ac4f-31d7-bc7d-2490c48f02dc,4
e06ef6d9-9c52-32c5-9706-e2c3621cb63d,4
12ac5eb5-dcaa-3edc-9881-cb229118b112,4
c2794b6e-e5cd-388d-81d4-0fdcf904822d,4
bc58e9ee-ae14-3790-8c9b-c6ad4d8f14fa,4
654f2b81-e19c-329c-8157-0d106ddb9b7f,4
e486fbfd-2cfd-3598-a026-9437ce741063,4
e0292b5e-2725-3d6b-af24-0aa2ce179929,4
e79ce7fa-46ed-3d54-bfb5-0263321ed022,4
b18b8aaa-a1f2-32ae-b4dd-8999d5a6d16b,4
d792b43e-beb9-3653-8d3a-c736c7496d2e,4
977b64f9-560b-33b0-9846-e4b015f3baf9,4
59d4b232-049b-35b9-8be3-4ae150ef4b47,4
5a158a89-eb2d-3a0b-9102-926bd23bbd17,4
c23052fa-119f-3380-b453-d55a7569f0a7,4
e07f217a-dd3f-3b97-b5dc-e59488fc9d91,4
76f3b412-be49-3956-adb1-2277fc40350d,4
f95fcd92-9dff-3150-a948-41884c60ca79,4
8e203ed2-cb64-3714-95a2-2c5e96b3bd4f,4
f5ffb3a8-8f0c-3295-b5f9-8750df0e029d,4
1895e63a-cb27-32e6-8cfb-9241379e07b6,4
57d2c84b-8dc3-3ac8-8e7b-3c938a4d79eb,4
72afe4ba-6155-351e-97b9-7e021819aa8a,4
e2de97cc-99ea-3483-94c1-a4cd832435ca,4
68bb7690-c257-33de-8683-1170a7dbc56c,4
456a2215-e3c1-3ce3-912d-18891f99f574,4
0bf82702-1ba7-3d6f-a2ed-3ed0d7097b9d,4
9a41b642-27cc-3091-92aa-d46453ad2d81,4
a68294e7-9765-3092-babf-be36e7839875,4
a9b9389e-b017-319c-957b-d112d15b82d3,4
b64c8dfa-bb96-3132-bdb8-8649f5d19234,4
e9740c2a-6330-35eb-8e48-a4619620242c,4
5ef9c22d-6943-3006-9ca2-657d0519b466,4
c4bb36cc-77f5-3df1-bafc-06584e6ab831,4
618dfff3-1dfe-3253-adb7-58ae5b473569,4
708eb774-c7b6-351c-8aa7-34fab5c6889e,4
aa66692d-3df7-34ec-8aaf-58b162ac3356,4
a8cc3466-e1e3-34de-b3e2-2086002b1262,4
dbe9a372-f6e9-3b4d-8ceb-4fa37e23d01c,4
cd25de37-4e87-3ace-a86f-c32a8383de52,4
70c41f41-55d7-3a4f-b1ec-77b8a74d0af6,4
f6139aa5-aa68-3f82-a75d-58120e524def,4
6d622452-8179-3e59-96a2-a29de35964b5,4
3d51d0c2-2a3e-39cd-bdb4-fa5113b04f4b,4
100fc202-e968-3f24-8181-8eb36d813a21,4
1ec37f19-369c-3197-90dd-2c2adf93d47b,4
52d1a8cf-e957-3621-9bc0-89d71dac3d24,4
1fe2badd-4c26-3e6f-96e0-4ea5cb9f11ce,4
6caf7204-3464-31ba-a4c8-b02d2ffcf9d5,4
c437bfc0-bdd6-3bfc-a0a8-daa4811a541b,4
7222af3e-d268-3460-b926-47ccbaec2725,4
35de5bd6-cb89-3378-9254-7d964e01ca77,4
03ac9826-8496-3d1a-ae69-ef26809c4376,4
f39a7dd6-a1dd-34b7-99ec-639338169204,4
d7ccf934-850d-311f-bf61-f65965941f80,4
0e0c5d69-093a-3080-af4d-20e4a017f9e4,4
57bca788-492c-309a-8484-c257b1e8f118,4
dc45c3c3-5270-3bcf-954a-198745b96835,4
9d80505b-aaa5-3995-b622-13a1fca1dfc9,4
4278d18e-9b7c-3331-885b-d0828bbf6394,4
2e58f935-d455-3489-b81f-cad52c583f0a,4
5b17cff4-d9bc-362d-bdd6-8a8cf42f9ada,4
a892da53-ae1c-3264-893c-880c06ce004d,4
0114aadc-fd47-35b0-993f-ebc9cd6ae1e8,4
44ee5a9e-5af1-3a86-b832-8720c646641f,4
c46c9a98-f8ba-31b2-8baf-1d6c0d03c8fd,4
7a46bd78-b253-335d-996c-b5c2d66205aa,4
f8f06920-0092-3465-af1a-8987538a5f7d,4
3dcb2d77-e3f9-34ef-8431-de15ca94f0e8,4
f75d700d-27cf-31dd-a2d0-774f7d08ee6d,4
1efa585a-30cc-3316-81d7-5059f0e8e44c,4
5958387d-e8f1-3976-b4f3-096fcf518765,4
dba139a2-e394-3f03-b20a-75510a04fdeb,4
918269cb-5431-3e25-a7c4-caaf44230fe7,4
4a64d55e-3b0d-32f0-95a1-eeb213012a9a,4
bb6f35b5-c0f8-34d6-8290-14c1ed9c4797,4
a99bff6b-fb91-3fff-a4a7-3b6439a05731,4
e5a97e49-553d-30b2-ad96-fa9f767e5af8,4
c036eabe-069c-3aaf-8218-778f7bff6dc5,4
ac99b3ef-86da-323f-8e9b-35b82f324f52,4
43192ae0-49c6-3ce6-adbd-425cca261497,4
7ede173f-4e3e-3d1c-b70c-3946624cef77,4
87493416-d8de-38da-b1e8-5c2a3cde85b1,4
bce97e8c-79ce-3c73-936f-1f8a9b8720aa,4
e695426c-94e2-3b58-a7ef-6b64ec96ad43,4
f0edb491-a68e-3333-b9c6-2d16bf983f57,4
264a05ca-cbdd-31d7-bf8f-2f5673258637,4
73b93a74-7e39-34bd-81f4-82bcdb0d35ca,4
4f35c772-ffd1-34f2-930b-4337ffd0418d,4
a4e61bb7-7c35-34e3-941e-7dc9423d72d4,4
973768bd-ebda-3655-8c89-5f6e4e82e2f8,4
1c9f3c51-b30f-3f9b-b9f1-fb0d35502720,4
02ed481b-55ff-31a7-ad48-9dd251fcc0a7,4
3facdf26-1902-3a6e-8346-8d1af6c61f0d,4
4f9d8459-9f77-3062-b0eb-2303c7bf6906,4
de0c81fa-1178-3681-a767-9b8176a1fe0b,4
67681500-4252-3d5f-8f14-10f50da26ceb,4
07ad3e88-9606-3e02-9907-89e51b48278e,4
401229e5-aa4f-3b34-8257-533991393038,4
d887d876-c52d-3c48-99a7-39456413be7f,4
354f8d0e-b2d2-3904-abfc-6012545b90cd,4
4dc9c59a-3f6b-3985-8e8e-4130d857fd72,4
8560956a-710e-38f6-9bbf-918e196fb844,4
9c8da25d-f558-3ff0-95b8-87733f69a765,4
89eee473-f635-3aaa-830e-438b21ba8e72,4
e70d956f-1c20-3b56-84c5-3fcbafccc95a,4
a0ce64d2-90b2-311b-9ce5-620bc193cfe7,4
ed6865d9-87a9-3268-9bc8-fdcf5f46875b,4
1bbbe554-3b83-3647-aeee-51056b3a3e0d,4
bfb8e3cf-bfd2-33e4-bb26-f6e8edf70c32,4
5c389112-696a-3612-99d3-c28811c09f4f,4
9559f66b-42b2-31dc-b4e6-95110e016332,4
fba45fea-3776-3f4d-8e42-e299009e9e73,4
fbfc23a8-bd3a-38ee-950f-15ef81a0ac72,4
ff1ae101-57c9-30aa-851f-6cb72c65ac78,4
10b48fd4-c433-3d28-a968-2ba8659b769e,4
84f9c08b-af06-36cb-9101-0215e6f2c265,4
ecae7d5e-8dd0-3bd1-a99a-d75da09666b1,4
6cfcb957-50e3-38d6-915d-ac0e0397c59a,4
c4f553de-37a4-31fe-8038-cc7fc17413e3,4
2d0c839a-d4f4-3cd9-9b31-7d1188a517b9,4
76a78cc1-4055-3da6-98c9-e5c86cf1dc22,4
29fc1a98-8bae-33cd-82f3-d9755378bca7,4
28bb0253-3628-3416-a1e6-1e6726450f90,4
ffe81b2a-0488-3501-961c-b676c5520273,4
09760e01-2410-3b00-9776-4a047d5b8c49,4
01a0673a-4da5-3210-b928-27820bd63c74,4
e05d9f44-b51b-363a-9f2b-2a537726b275,4
8dbd1761-553f-39b8-bb5c-75714500f2f6,4
9763402d-012c-30fb-bb6a-7b28b40e178b,4
d03284a6-1f27-32c1-b36f-6b60ebbcc11e,4
853ea119-45ea-3ffd-873c-e183146fbc18,4
67ba79f8-8580-31ba-a125-5a7e5a975357,4
202182a7-8c98-3b71-82d6-be9d83cc9854,4
2c61dbe9-5c04-35a5-be4c-e4698f2979b0,4
77999c95-af84-3c3d-b0dd-31551c1b775a,4
baa8eec6-6db9-32a5-8754-7d4db6303334,4
be99ce06-e7de-3720-8976-8eb0c90c46b2,4
3c685f06-6ddb-3027-bd34-92541c675e5c,4
683daab1-96a1-36d8-b99e-c4c2975258fa,4
dedb1d6a-6fb3-3e9e-801a-d1603cb34fd2,4
8e202005-a964-3d1b-9867-635f60577ea8,4
3632775b-5588-3fd2-84e6-5da14473b2ef,4
1caef9ba-bdf4-312e-b759-f155ff2608ca,4
b94739cb-de36-336f-90b7-c8c658225f82,4
0639d3c7-6010-3109-b8a2-557d5e970126,4
953042c2-5fc2-3ef3-8615-5abfe30265d3,4
6fff0c15-ea02-305e-a957-9f798f689ea7,4
71668697-1204-3b2f-a4ce-1965ef7d05ed,4
8f0adace-7e07-3077-8191-2046e4a143c6,4
f1a98b70-abde-3ee7-b6e4-0e6b6685dd8d,4
33638a65-7786-3f4d-a94b-6f51188d4072,4
4cd57338-e5c2-3a28-9228-75453d125500,4
8fa6f58c-cdd0-36c7-b825-1b095ed8174b,4
e4163c14-d3cb-34d2-b802-ecbe5746daee,4
dd6323ea-96e8-369b-991f-5fd121ff9ed5,4
e9c897a6-cb9a-310c-b787-cfb454701f1e,4
e9b9a233-a29e-3a0c-9d7d-f4abab54c073,4
3ada0785-3504-3ac5-b61e-afda71059663,4
1f919172-3fc1-30ed-ac94-9822e5da3916,4
b404b7ba-224a-32f3-afa1-ad4c0e257c18,4
42fe3fa0-0de5-39c8-99a1-d077b58d27bf,4
ef3e1f34-0bdc-3187-bc84-07b4e2f4d098,4
6f0b6776-c1c2-3f80-98d5-2e55ebb4a8df,4
cf2b912f-f854-32a0-b843-24f423bef018,4
f1b61705-b874-38ad-a168-16c2181ef337,4
043b27da-aa50-345c-b057-1bab53be256b,4
f9437850-bbd7-36c5-927c-e3082b66fb0a,4
7bf7cda8-0b62-3cf7-ac42-dc95afcb5a9b,4
d1a02d77-27a2-34e9-ada0-2a9beaf1c4f0,4
f443acc9-a539-3bc4-b070-937c08e24728,4
a9600425-3c87-318f-a4f2-53385d3c286d,4
7f409401-7945-3d28-a466-64355fdc519a,4
23755214-9017-3b2f-84a0-d23c7fee97d0,4
b713af3d-aeef-33f7-b05f-0ddb3a53f353,4
dd026929-1ea6-313e-88ee-4a3d5ccda948,4
3861a153-68ad-3139-9ce4-ec841380a322,4
742d236d-4063-3f08-837d-61adef4f5bfc,4
cd753857-73b2-3446-bc05-e6e43853619b,4
fac31c13-9bf6-327c-bb10-8b140dc062ee,4
693c79f3-c7cc-3b7c-a81a-47085d375e4e,4
1f912143-2f36-3978-856d-ed694d156367,4
d3ed1233-8626-365c-af03-b54c9073f8f8,4
78ba8bd3-c034-3ff0-bbee-3a19a285fe3a,4
49a06e60-e923-356d-b90f-2c28ce7c2fc1,4
f31a237f-3e60-3854-9d3f-31e747950e2a,4
b22fc1ed-1e20-394a-a03b-e46d4fbf576b,4
9075dd4e-230a-3164-98a1-46cdd5b299cc,4
278a2a23-fc67-3e5f-81ea-37022e79a762,4
4fc4f6cf-4e3b-3ae2-bace-30caba7be786,4
9d3af3e2-0d86-3f9e-a758-6bff0ad368ee,4
05f400e4-0444-3344-82fb-89333f46e304,4
2e69cc84-f4b9-3e49-ba4d-d6db99701e42,4
e43dc9df-c9dc-3f09-afb2-5ecd6cf0bee3,4
f17c45f3-5234-3051-87a1-f5ee964775cd,4
3799b56b-df0d-30fd-8a44-ea7ef589cb8c,4
1e8f96c8-b1e1-3045-981e-727f0ee48d25,4
93349b97-7352-3257-9ef9-16cf37345275,4
7e181621-5443-30c3-8d2a-b725036a9aa7,4
050f9e87-9eb3-30de-a5e1-cb07908e9197,4
c6d6fd77-e6cb-31d4-9c73-995603ef362b,4
464b5bff-f1a6-3d47-9796-80997a51b7a4,4
9d215412-2881-35a2-b3a4-39ad8e5d3ae5,4
46dec347-15db-3650-8238-36e16087fdf6,4
78a5f678-36c4-348a-ab18-3e84930ea025,4
95a14cca-4df4-3cb5-bf81-0d33b0c3345d,4
1d7f1ef6-424c-330a-935d-68dda9c9dcb2,4
b1d278f9-4271-37cb-bcd8-d50e4cf2161e,4
cbc9081e-1acb-3209-bcee-87c582db2f4b,4
550dac7a-16e6-3f95-badc-85375183ef57,4
903a3be1-6c3f-3e67-87f1-c1d1ee7b2941,4
b1b600a1-3913-3e3e-b644-e26604d36a94,4
be4a3507-2cd8-35ed-8c6d-b0d48fb35e54,4
cd4c83e3-c418-34fb-bee6-db72605e2d48,4
d675754b-a436-3242-82da-6bd395eed9da,4
672d479c-1d85-32cf-bfa0-93b8a3d164f6,4
4a865ba8-b08e-3486-9784-057b56abce1e,4
ecd1fce0-bf68-3b4d-b929-174e46c8e2e4,4
3c92b57b-f53e-3d29-b64e-27258af68728,4
48a5d904-7e4e-397a-a4b4-a9dc90cbc89c,4
0f346218-749b-3a63-8cd3-858acbf70907,4
bfbe0150-b5cd-3a6a-afb5-56ef550ba6e5,4
7e6467c3-76b6-3e13-b46c-c1f86065a9e6,4
1fed1a36-1157-3f03-9768-b0d55fb60189,4
049b5f8e-68dc-301b-bcbf-68a29e611150,4
2fbf84e9-68a7-3071-99fe-96502f191b22,4
e184a611-2fb9-38fd-bf6e-68b4307460ca,4
f11b2dbe-5d43-321d-ac45-e4dd6792779c,4
22fa7045-e5e2-3da3-9d35-37043b18c659,4
f8961936-5747-3acc-88b2-5c5e0c6f68c9,4
79a693af-e066-3ef7-8e83-b4919dbf2746,4
4ca7c0c2-8b34-3e23-bb37-fa1004126745,4
e3c881e9-a497-3960-9a7a-4fe16ae9cf0f,4
e01e03ed-7c15-367f-9a17-2d01ed24e4ff,4
0d07a5e9-a7f3-3e2c-bcb8-6796aa1da3b2,4
7971c4b2-9257-3a0c-b290-347b647acad5,4
5d953dca-5ccc-3c11-b92b-0c692d9749e2,4
082b9588-93b6-335f-a3f5-6c5965b0248b,4
00ad79dc-5ba0-3fbb-8fab-ece905440973,4
9e144725-e20c-319a-8e29-e3bc9d351819,4
b97ea3f6-7c8a-3872-9be6-7193f4c50633,4
fac2d7ff-ad1a-3506-b157-876728be2763,4
0ae5b163-723b-3ce2-87ea-2f072cda1852,4
6713dd15-1eef-3bd3-be49-9318a6d7dc1a,4
30c76b60-e5b3-3b5a-ac35-c542acd35ad4,4
344f4269-158a-3f19-9d4d-fd1f85f8b7c2,4
e765c63f-187a-3aef-abbe-c4232ea3ed60,4
d56af64b-c69a-33a4-9a80-2fc7bd3053af,4
2793efab-fd12-3374-8e62-2f27d42cc0bc,4
4577ccfd-1e94-37f9-9741-178c6224aa45,4
38ca531d-1510-3870-ada2-61a1170b60f5,4
e32e8d8c-0fe9-3c95-8b39-08845477c01f,4
5dc60ce4-c596-3320-a743-3249f9b0e62b,4
fe4013e7-5b2c-3e4a-89ee-e9532140df10,4
e1cb87d9-7dc1-3853-b5eb-f95f569ad554,4
9cb66dea-e796-30ff-a5b3-9d0938b4026a,4
df833112-6bbb-35e7-99d0-3b669c39d430,4
1c7927db-6443-32c5-be81-5fa9207d22d7,4
9d8a052e-1ef1-3b22-92e1-9eaa0b7401de,4
1c78a35a-9150-3255-a400-0a84e5917471,4
2d090f6c-e202-3959-8ef3-f872d9e0a7ca,4
410576ec-95ad-35dc-a93d-f7134c457e0c,4
0a269ada-337f-3e2f-a4e2-93383f9988e0,4
0d67ae85-4062-3e16-ae9d-08a92e5a27fb,4
609c0e9b-64ae-3a02-ab7e-1259ea58f104,4
c8a41ca5-b22d-32b0-a398-b401f3820925,4
8f55dbfd-909b-373a-8999-11d5201ef126,4
6005a5af-3ce5-33fb-aaed-c6bfd8b61fb9,4
11f46388-7ceb-3a3a-9997-1047929dbbdc,4
55af341b-5dc9-32a6-8bb6-7ee37f6bca07,4
34178479-b1c9-3991-9a23-6b7dc7eb164e,4
1a3fe45a-0283-36e5-a104-09cee5b71243,4
af4fed67-b061-3995-affb-57f18758809c,4
081faa01-0351-325c-a563-0962a0e21a51,4
e3d50a92-c879-361a-9e29-1ea3aceab02b,4
ad6cc6fa-6c8d-3c55-b2ba-92763a772786,4
36034b94-ec96-388f-a9b8-8b3ecb29374e,4
c7c8dcc3-dbbb-38c0-bfd5-b18852587fe4,4
8e188047-bc22-3c0a-988c-9bebff3993a9,4
011f6569-c993-3944-8241-b967300a107c,4
ee9f695d-ebb7-3351-b0b3-70c86463fe23,4
b98efeaf-2f58-3fe9-bd96-b91ee81c04b1,4
1ff36dd2-d141-3d21-b2cb-25554da774c3,4
c95c4020-7c68-3395-bfbf-411babf1fbee,4
a006c3fb-8a6a-3c2e-aeb1-f70b184ff12e,4
50875957-1ddf-35b0-879e-535b1311aab4,4
39b20451-6144-3d76-b091-1c768cad62be,4
b9f3d09e-61b9-32b3-81e3-6cc32729c9d0,4
a59843d7-dd2c-371c-8220-740ce808fb1e,4
cca0de7c-bfc4-34a7-bd82-242235a20e8a,4
23a167c2-9f96-35b5-821f-2251803cb3a7,4
31e7b8c9-98ce-3e00-bb21-d5763e268749,4
4a50dbf9-47c5-3647-8fbf-df4d971081f5,4
11f5a8bf-dcd5-305d-85bd-c549e72a14a4,4
ee1d2565-7ce2-301f-ab17-98cfc2f88200,4
9db0cab3-5aa8-3d5b-9d2a-5d7083227c9e,4
dd74aa1d-307e-3538-8b71-bf12736c38ff,4
5d720ccc-9485-351d-89e7-a81119b762a1,4
b9a262ca-53c8-352d-91ca-a7351b8c396f,4
6d4973aa-c9e2-3a26-a7e0-f9068542f154,4
5437373c-c100-3acb-ab6b-d3363ad81c52,4
a135bc32-2a70-389e-bb95-8f56ad9dad99,4
851b1d28-b99d-322e-a107-8e51b4d84583,4
a6e6f8bf-a805-3888-b8d3-22078059e843,4
6ed26943-a6a3-301c-8550-14b3de3f5f49,4
16be5c98-411b-31f1-8e3e-6a7b6b896868,4
ccb76186-995a-3832-8f0c-4c709475758e,4
ebe63bba-97f2-375a-96fc-d1a15326ff93,4
661bf486-ecd3-3d7b-b9b1-37f119265b63,4
c03eb99f-0b3c-3a41-a440-4e97f0ab1466,4
b2882641-9679-3b8c-9922-6bac9fc87162,4
025ee8e8-a02f-3e0c-8de6-4816a6b00913,4
18bae519-2a7b-3e05-8b4a-4161f546ee7b,4
d9c887bf-d625-371d-9d66-8f1f6973a347,4
20aa43f4-1545-3cce-b049-41d586100600,4
497371c3-36b4-34a9-9fdf-0b37790a97f8,4
3274e716-a7e9-34be-90fd-77d724c24238,4
47812d2c-f1b4-30e1-9cba-1e23ab77240f,4
7ceaa0fc-bf6b-3614-85e9-95183aa6b14d,4
1d235998-1958-35e7-b746-700a9690f226,4
7ed2c9c8-0164-3278-a1a9-b0d0d4292e11,4
ad4f0d65-fce4-3c0f-bfa5-d0aab7514982,4
d138652a-d400-3930-9bc0-ba67b10c271c,4
48fb920d-fcab-3b06-9374-2b1661022110,4
2893480b-8ba4-3b36-9220-f66b2156d2b0,4
c77b4e7e-95ed-3362-a7cc-10784616eb32,4
1227b637-9ef0-34b9-9203-ee0de821d414,4
4ee5e993-827c-38c3-8ba9-b227e71fcc05,4
2e03e681-5b4d-3c25-b519-2282b183cf1d,4
c45b1447-9cbf-37e1-ab03-5f5591218937,4
4b33c0dc-d12a-3904-80ed-ae0e358ada6e,4
2d50fd13-9041-3b5e-822f-a712fb05e9c9,4
3535354e-8839-320f-bc7c-63eae393c548,4
e1125215-ca47-3ef1-aa60-e3db2798e8d7,4
38717867-8b96-3018-9843-604ddeaf6f84,4
3a06339e-58e8-305d-a9ea-d5ba272fee8a,4
30ecdc57-3cd3-3fec-9db2-d331573b221a,4
ac1590ba-40f7-3187-9a6b-7800f55957ba,4
8ed5c3bf-f0de-3882-a167-e70aa02d0be0,4
8828d36b-a0f9-3c7d-b49a-4e1aac6a96e8,4
b49e79ed-feba-3201-ac7f-58aa9108ee71,4
a64d5e81-522d-3dc2-b055-6217c87660d9,4
27436536-860f-3e59-a0fe-2ffae132c76c,4
5055eed7-a72c-3a87-b4f6-e958c99b51b8,4
7ecf53b0-a651-359a-af06-409b51bfdb08,4
cd9a0893-6a64-36cb-baef-01a6dd17a31d,4
5f110cdd-49ab-3bc0-b0cf-e875877a590b,4
be1845a8-e803-3293-8fcd-9689367285a3,4
bedd969a-118f-37d6-a37d-4529640babbd,4
d2d15b6e-a2d0-358e-9123-4eba128c6705,4
8c3bc8b3-6954-3321-b895-d36c6b65568f,4
32c69c69-7393-3ba5-8364-ee392bb18694,4
0a6018b6-f881-35e0-be37-ede388994bb4,4
881a174f-57d7-3ba6-bb9d-99334cf22ce1,4
06704125-82b9-3284-ad3f-0b4860742be8,4
2d21fc63-bbe6-3ec0-a3c0-0e5fe6e854eb,4
9f6a046b-fee4-30e9-84a1-b7511f6738c4,4
d48d06d5-2ec4-3b31-b062-04b5f25a7437,4
fe6ae6a8-83ce-3cc5-9a7a-8ddbb8666ae6,4
cae01df1-2792-3bbf-a3e7-d5ca29879cf9,4
2d89f415-962a-3b26-bed9-41f70d76704b,4
cdf87ed9-8a8a-3815-acbf-58a701d13fba,4
c47d33ea-2eb5-3865-95dd-018604b0d49d,4
917c55d7-65ce-3381-8b85-f5b42c64c0da,4
43feecc7-00f8-3a1a-a40f-47171db31984,4
129a2568-980a-3773-9fcd-a934c13cb221,4
03431ad9-830f-3131-bb26-4b16b2442d1a,4
bf3e31dc-e0e3-34ce-80a0-03c0835172f5,4
6caf29d1-103c-3b32-85f3-cff305e2bebe,4
cc0c9e75-3159-36e5-a805-1cd3bb741f39,4
7ed29fad-616d-3b01-a4b9-eeef6e4e0ea8,4
ec4b11f4-f0de-3424-af50-098f93975172,4
93d06f83-bc52-3b6c-8a1e-967c4ee19b5e,4
eb02631a-b764-327d-b405-f4cb4207238a,4
893c71a3-4bb4-3456-8c58-bf277c70e089,4
67603427-752f-3738-ac92-ac0a9f889c45,4
530a6549-d46d-3176-a213-6a39271f1071,4
3829b208-b7c6-31a8-a329-64a80b468f2f,4
06b095f4-7fe1-3095-9729-4d0ee41c80ca,4
f8dd2022-c297-3248-aa8f-22c7d8113224,4
329a06b6-8c5d-3ceb-81a5-4cedd81e9289,4
65b460eb-6a38-3e46-8e84-564a6bebcdf0,4
864c3926-a2cb-386a-b656-27752eae9e0b,4
2e7767a7-0b35-3b77-b236-e4839d7772a5,4
d88182ca-5441-343d-bdb0-82c802f1552f,4
7cf95804-21eb-31d7-8284-dc4b207f0201,4
fd7243c5-30f2-3e33-99d5-261afa74cb92,4
7480b119-a877-3d68-bdd6-6b3aaa9bc7c7,4
d8b696d0-f6e7-3e16-bd88-bd0b2b9d02a9,4
3e524573-79e2-3a24-9546-cf7774497f90,4
c0dd245f-46c9-368f-8208-dc51e694b87e,4
fbf1bb77-916e-3d99-9bf2-6a2a762e6db5,4
f2a4e4c2-a83e-3883-b06f-b2641337b081,4
7db42af3-02b8-33fd-abd1-52bf6bdc1854,4
aeb860d4-3819-3487-ad2f-df5fbef0c2ef,4
533114a5-7b1b-3777-a2c2-0ba6671331ed,4
1be45908-d1d6-3393-b8cd-f11907e9cebc,4
850dedff-e201-3ea7-b645-07c6fdcd4ac7,4
42f724c4-5b6d-34ce-ba66-6bc037d69665,4
c0fe41b4-53e8-3979-b2b7-9014e08f0135,4
d9f40626-52c4-3554-a066-0e193d483793,4
e382b99e-880f-3885-b99a-1f88d6d9eff6,4
edb7e841-c31a-3189-ba43-7316945f53aa,4
342ed3d2-fe04-3018-88c0-455c12ade5ba,4
bc8a50d5-00f0-3ced-a4cd-7d3085612845,4
f2ec42a6-25db-3cb9-91b8-cb104a6fdeac,4
53e09bce-b5df-3287-8d6b-c43dd3f5668a,4
0f477ab7-7544-3589-b1ff-39b420ef1390,4
dd53694a-c21c-3934-8087-8257a45458bc,4
0e322497-cec6-372d-a20d-c5d6fff08032,4
d901f3be-d380-354c-93e0-cb1b21389274,4
b02fa890-987a-39a1-9e4e-057f10bcf3be,4
d6d76cb7-34fc-30e1-b18d-824f2b593b0e,4
7e5ed768-328d-331e-911b-e3a5808aaa52,4
a22e4656-c382-3487-a804-8e70d926171f,4
6311b999-2da2-3eed-a570-a7d8f54e3a86,4
a8acacd6-8543-326b-aba4-14c26f889bc1,4
5e52710a-eea9-3111-a286-89f31038023e,4
abbfbe57-bf04-32cd-844d-03e9054acb64,4
05dd8cd5-1894-3907-961f-862852865b01,4
7d4325de-a9ce-35fb-854d-f042d1b1bcd6,4
7aa97e31-cee0-3a7e-a423-346d8d723fdc,4
b57cbafd-9149-31dd-9b70-20eb90835815,4
99641c1a-48da-3b32-8981-44f91f917b27,4
57cfcbb5-22df-3ce9-9b27-df19d91b62a4,4
67352374-e579-320f-ad16-77174fdad37c,4
63bd6ff9-6882-3524-a212-eda8fbe9a8dc,4
04834b2c-9c4b-3aa2-b322-c5c142644274,4
7d1fc143-9ed7-3672-a51c-0240c6e159ae,4
56a12566-9c67-32ab-88f6-85c1e116fda2,4
1766739b-9c31-3d7b-a837-b338aff570f3,4
388a11ab-5459-3307-af3f-675f8e0391f5,4
35bf37c4-33a0-30e6-9521-12c35b6c71af,4
7350c811-8e3c-3396-b2e2-a78199662aca,4
03b4e707-25bf-30d7-80a9-547856abe871,4
a2593d3a-4594-3c28-ab7d-9440ab0ec6a7,4
7cff39ea-af35-35e0-88e2-67fc88367515,4
c53dd6c4-a125-3f55-8868-99098b3b2ec7,4
f519cfd1-45c6-3791-b4cb-6116e64b938b,4
b7fd8c0c-ac32-3536-a7bb-a255068c73e0,4
5ed470c9-5f87-3a5e-ba17-84fbc7a68d75,4
691dc110-f6fa-3fcc-afc8-f545e44c7a52,4
2f27d580-956f-30b7-8958-3c61abe26400,4
fc8bab48-a8f6-3855-be15-5b1f508128d1,4
f8a53c21-7a67-3a14-9bdd-66503e8ce21f,4
448d853b-0085-3c56-bf6b-0b16fd3a8804,4
ad595a92-ebaa-34c8-af8e-c20dc8d4989b,4
41818a5e-65f5-3c41-8fd2-20840d769e39,4
70bd3aaf-ed4b-3f81-827a-bb4982c00f0d,4
80981c64-480c-3e4f-ae6e-750b3a7b3ea8,4
a9111ea7-30d6-38fd-851b-fbd3fca9410e,4
8ff6bdb3-d1db-36b3-a603-c3f0fa3d7a15,4
42a68cf6-578d-36d4-a131-1ef35b2c286c,4
b250acdf-2124-3433-9ce6-44af286e0f44,4
b0d3b25b-acbc-34b2-ac73-e9a401df01c1,4
86a7f9c7-3ac4-3188-b953-a719d63737c1,4
d1306341-fbdf-3077-ae8d-c8d71762c4eb,4
7a2beda7-839e-323b-9329-5b55b666f0e4,4
13e2131f-7011-3a7b-a0be-942ce9edca82,4
1ffae10a-a769-31bf-af36-3d9a72bff90a,4
f2a91769-c205-3efc-99ed-43635d97ea5b,4
1e1e753a-c5d3-367e-ba6f-61d4def340a8,4
ec58d883-8259-3616-8ce4-142e915f36bb,4
913dcacc-86aa-312c-b3d8-d708831d9e06,4
93ae9185-c923-33d9-aca8-7b51ef4a4cb7,4
a68758b7-9d9f-39b0-ae7c-717b89575056,4
4cc3f56c-82ad-3031-b840-699ab424c11f,4
0cd692ae-0f6a-317d-bf6d-b90984ccb008,4
3d24f2a3-db53-3b76-a2ff-15d79cb8c3c3,4
e22a66ba-4506-3238-be65-dabc5c47edb5,4
9684cdc9-79af-36cf-8e75-1a74b10a2b85,4
4ee51b15-cf28-36b2-826c-71b6f350da95,4
820a45da-18b2-3cca-877c-3cddbc465a5f,4
b881e879-934e-3a6c-aed8-5cd90473f5bb,4
e80f2a4c-8c9e-3a9b-bbdf-c21b3b557370,4
e4f77c2e-240f-31d1-83b0-07222f680fcc,4
83229b1b-9086-3b31-8ce2-ff00380142c8,4
68bdea93-6168-3cb1-b554-de47cb22a5a0,4
47638b2a-2b0c-3f14-a884-bf0d114f6fe3,4
0857c936-05ec-356d-a2cf-ddb86d188471,4
2a19435e-7f36-3fe6-a015-331c022d5417,4
d01a9c98-c1f2-3d0f-bb16-fed528bfb9d7,4
054dc7f1-cf47-377a-a971-a634820ff806,4
33b2154e-3a6e-33e7-afa4-626de804273b,4
241cec76-4026-36e6-8f38-41f33e538ae4,4
ec6c8e40-f199-367e-97a7-58af68857db7,4
8ee6bff1-9439-3c36-b90e-d197656778f6,4
3ad1dde9-1b72-3cc5-8f5f-c96091d35222,4
bd017c3d-0f25-3357-ad78-e8f7faf352d0,4
90c773fb-4956-3610-918c-c4e91065837a,4
2d17ed4b-eaf2-38b3-a900-f2246209ee8e,4
f92287e8-1fa3-3208-918d-4e19e1940786,4
5b60a1b9-40ee-3541-8b43-515d4697008c,4
a14c7096-48d0-3757-9cdb-d58f22707522,4
f1d019c2-4bbd-3efb-bd6a-da4c88b9a04d,4
26eaeb9d-b65d-3874-bc95-905b50f7cfd0,4
c30c75ed-9a2d-3106-b510-a0b6c1c72fba,4
3fcd5d5e-9fd4-3bdd-818c-b762adba7393,4
40d9edaf-1257-30b2-b2fa-eda40a3336c8,4
07d32249-11d1-3658-b11f-da63733035d6,4
bbb9ad6b-2f0f-3e23-ad1a-4b466c82ed5a,4
3e717b2b-2b07-3236-ad92-abce3ec61574,4
6a5f5916-e551-3718-9398-b6b8762ef416,4
103e1db2-1554-30e3-b163-97699ee063de,4
cc238934-a49c-377c-ae8f-7a69f3ea1651,4
2236302b-4e24-3f33-b4f0-5d93a6abeca1,4
b411a971-720f-3d8c-917e-b3f9437b6e1e,4
677d9113-b4de-3b61-a0fc-90f10227d941,4
f906d6bc-23eb-3e86-ac0f-bce786be57db,4
8513cb8d-7d52-35c4-a23d-d03e83c4daee,4
4e0c9255-1ad2-37dc-a6c7-574bd6990e34,4
f93e4932-ea61-3fd9-ba6a-64b55da03c92,4
a1ed8c98-c1fe-3d04-9b6f-88506301307a,4
2f4524db-b45e-37e5-b8d8-b6d2dd569c3a,4
f1497559-6583-3ea2-a701-2208c618f5f2,4
cd7a496e-31f6-3970-ba9a-c22eaea5db1d,4
29931083-6477-33fc-a241-00b7dbed9195,4
983c45d5-e330-3046-a291-b8d1c1fcf28f,4
3d73007d-45c0-33d1-b80c-19e9f547079c,4
01a68700-e1da-3775-b8e7-f6379c1875d3,4
b3a019d3-70b2-3d48-9af5-0a4aeff330dc,4
d908150b-21a0-3589-b37b-35114eb46c2e,4
56c12911-972e-3692-85d9-7667823a23b1,4
737ae61e-d8c2-322d-bf32-c6c0277c82e2,4
5fada49d-8b68-3540-8c93-36c06e223991,4
b92994e0-6944-32b5-ab0b-a9009cdca770,4
1a4eb8d6-4a27-33ee-aa49-21320b3f3430,4
eea80f62-b374-361a-90c3-12ca1c1f2390,4
7aa2af2d-0f77-3810-b077-929500ef5441,4
b600f0e7-8072-3bb6-9361-d0483c623355,4
77a3f3d3-c950-3866-ba01-0e122ebf7874,4
7987e572-2660-3410-b6fe-65eac8533b68,4
65547d43-be98-309a-9268-7ef87624f89c,4
34d33263-bb4f-3d6f-a6f0-f3a81caf98cb,4
bb0238a2-7f36-3ccb-adae-76305152e9ce,4
7c353c47-a933-3a7a-b407-bc828c333ce6,4
62930af5-30c2-3cb0-a366-f365565a2b17,4
4329268d-5101-3c68-9f4d-ae3be69c9e8c,4
5dc7f132-224e-356e-a1c5-9a5591e0e15b,4
5a0bdd62-2ae5-3395-b6c8-d0ab70eadaa8,4
bd498708-2675-3b84-ad23-ce414b6510e1,4
01bbffdd-8346-3a90-b864-c8deb0c2f8ee,4
366a11cf-f708-350f-b3fa-943bf53b7fcb,4
55ee52c6-c34a-38e2-a253-e2e3323f323b,4
35ea8092-0c0c-30aa-a2e8-8417ed8e3506,4
acc2b128-049e-3165-a74c-3044bd5fca52,4
f7297d43-e45f-3be7-a54c-2238fecf6d98,4
3743c64c-b824-3879-93b9-55a33e94421d,4
edefcc61-a498-31a5-9b87-f5c8eaf253a0,4
2adda8b4-fe66-3892-b79f-14d404c18825,4
5affa274-bf55-3cff-9beb-4a05c16c990e,4
3e466506-7011-37e8-ba7c-eb07da0c519b,4
3dd4c30a-4e44-3f64-b809-b7da1af83ad6,4
9d2d9f05-9c9a-3461-9d32-4267e67a5ed1,4
2ec98209-9888-3d66-8090-0438235fe6a8,4
592c566a-a971-3525-844a-7563fd4116d8,4
4d196bbc-39cb-3f6c-928a-8c2ea4a349ad,4
47f207eb-5697-3328-b216-ab741ee570e8,4
5e814516-0229-3968-8a98-fa945dc002f0,4
86d34344-db92-3df2-95a5-a6b5decc6f59,4
e0a91996-efc9-3c96-8fcb-a02120505ddb,4
436d3796-68a9-34f1-9417-49bb1cf7ed10,4
2cb62c2e-193b-327b-b5de-c61700344037,4
4c7e29d9-861f-396c-aef5-4b4668c28b3d,4
cf6643fd-0196-3984-997c-00aed9baf38b,4
0a668da3-f6b6-3063-8b1d-5ea09a79b4ab,4
ca73ec93-4b28-32ae-996b-ef3be1cd4e34,4
538267bd-46c0-361c-8247-3c9c1a58bb0e,4
0301c90a-24a0-31f5-9dcf-99dbe1f80790,4
6fde172b-245a-3b90-951c-361a72c647d0,4
8f2ba7f5-26e3-39df-aad6-763a40e8582c,4
beb0f508-ea14-376c-94a3-e923922d66b7,4
a39d755a-ea65-30e8-b192-2dba7dcbaf63,4
49ace5ec-2f1a-3e2d-b5d1-8db17c520213,4
3788ed0c-2b16-3051-9e06-cbadf3ea83ae,4
2c2d9c98-8cb7-3955-8c9e-ac2f48b46cf8,4
0736cb86-e911-3dc6-ac92-6dd5fc6077f4,4
a8864cf2-e4b0-3047-aaa0-5be5d3f3cf3c,4
5abdf0b0-1910-356e-931b-1fd90c16d512,4
c8a7472c-a82e-378c-9662-ab986579116d,4
34996e02-80ab-39b0-9125-7c7255548a39,4
56bf7c7c-df5e-305c-bd79-c9ecf76645fd,4
41383e40-b612-3549-95e9-aef3026eb6eb,4
c4453e1d-0209-3be6-86bd-a9693d9d050a,4
11e0b297-9e47-3f95-86af-0621bc170702,4
6bd35e37-0e66-35f5-b9a9-6b9bef26e3d2,4
cfbc96a1-7f6c-32e5-a0f8-eb745f8e6670,4
c6f864dd-e278-3670-bd75-d574a9da5f0b,4
1d988387-c17b-37db-b0c7-0715e81dd707,4
893f8c3c-ccc3-387c-8490-7fbc617bf510,4
763a0c0f-2f2a-32a2-bb70-59509f8cb832,4
b1963084-bd89-32ad-9eac-a46ee099dc71,4
6e46377c-5928-3973-8902-04f6bd1b6cf3,4
5ef9814d-9804-350b-b243-f9d2fd398546,4
44ee3568-6b95-38ca-9e7b-e82d654a6797,4
87d454a0-0d03-3041-8472-1164bace444f,4
88b2bbb8-f6d8-370d-9efc-297e4f141d08,4
719e2cc6-41bc-38b2-acd3-d1ab5d55909a,4
93a4952a-7492-3f15-bcad-197bad4364f1,4
7b87fc95-f037-37a7-81e2-849077281ae5,4
16899b57-baf7-3cba-ab87-54851e524f3f,4
5ec33016-a50c-300f-9920-778483dd6a84,4
efbd3347-2180-37c4-bd0b-fb3fc21fedae,4
970d2796-c05f-3494-8ed7-99c4bfff74df,4
a9b357f6-2054-33ac-bf9d-c50e8f602837,4
6dcb0c7d-01e0-339c-a307-3970471681af,4
a39d2c62-a7c3-3556-bbc4-0d9c229127e8,4
0486210b-6498-38dd-8811-3143b95d2eef,4
881ecfc9-7137-3ddf-a642-9fc2850549d0,4
4e32044d-341a-38c6-a5da-74e3bbf5bd23,4
ac13c650-bbca-3a7c-993b-1bb909f49d3e,4
85ab0e6e-89d9-385c-9683-03642dbee33a,4
a410c0af-6dd3-3254-a4f9-bdc6f4c837f4,4
d142dee6-25e3-30d4-a663-6b1ff18e66b1,4
09b40a9e-f3f0-3ff8-b37c-7637b8c2a811,4
8a9080a4-b28a-316d-aa9b-c655c6558563,4
a174d790-f6cd-30b8-905c-7207517b3c19,4
d8bfdbf9-b60e-3179-ab1c-f23098dc7627,4
33e70f7f-7853-37f2-8cd0-d8a97defe05e,4
3d592194-1031-342f-870f-62d1ede7de57,4
d64ad8fe-4255-3ea3-9eac-ff74a70e778a,4
a829a01a-abd2-36e6-a143-773a124b0104,4
897eb6c1-4d78-3337-b268-34ee020969ab,4
2f4f0810-5909-3542-a43c-44c144be4cf5,4
56f18727-bf20-3130-9456-96e45afc8696,4
58d20438-d2cc-354a-8e3b-64c642fa595d,4
e07313c1-de72-371e-b071-42fc62ce30a6,4
2e3b153f-2724-3da4-9cfe-9554d985c0ec,4
a0e8b69a-d0f7-33dd-928a-5b7097eb2292,4
105f9c50-1669-3b45-bdad-80c33d3fd524,4
895f7579-df02-3d5d-9f26-a25151ae2f7c,4
3e2a9cf6-e24c-32c3-b035-3ae721453ce4,4
47eed8ea-9c98-39c8-b7a2-c4e0d60e09a9,4
194a118f-8df2-3d31-a251-355f48bfc7f0,4
ca7db686-b0da-3288-9201-fc12b62866e1,4
62e66be5-ca46-3b04-b1cb-8a301bc658cc,4
d96a376d-5f53-3a40-8003-6819034a4610,4
231d99ee-326f-385b-a20d-56b2e91d9afb,4
698fa977-9af2-3498-8f57-32df37c40098,4
dc282a25-5475-3885-9de7-4e19cfeade2e,4
84c6cb92-63af-382b-8a0e-948353e8007e,4
e4cb95a4-a804-3491-8e21-e09adeae4574,4
146e3e71-c1e9-3522-bb76-eb932b4dffe4,4
d6b415ec-cbd5-341f-b18e-84f70441406b,4
ed22d1d1-0a65-32ff-903d-0be21c56943b,4
20b010d9-66e9-34d7-abe0-2c38da007dba,4
01f0245c-c717-3ceb-a0e6-36486c2325bd,4
fc225c7c-a155-347f-82f3-f6672c9f36c5,4
8ba55ee5-bd23-3a39-bf64-223587b2cb83,4
df4a5779-760b-3630-9f28-de6408238df6,4
8f713699-014d-326c-801e-199e0f711bfe,4
715e2c3d-2cc2-30c4-b037-74cc047078de,4
df3bfb87-63b0-3336-8ea6-47fd1e3cb455,4
6860446b-47fe-38b1-8960-79aaeb2ec585,4
682c1115-c9aa-3e42-b36a-44fe3242f48a,4
e1f17d6a-74c2-3033-a457-f70dee718c31,4
e958015d-f8df-3cbd-9f40-1b2ddcd1c392,4
3ddacaa1-61af-3312-b8f0-07b44cf11702,4
589b961e-e41f-3458-b667-ac3ce06c68ef,4
f3305846-f6a0-3371-b312-bcd3dde1f631,4
f215ae2b-adeb-3007-8ccb-48c298d7113d,4
cacc7d45-3ca2-353b-8ecf-540758e62564,4
847b6a38-11cc-3bf0-b227-6b11d81e75cf,4
f23a4856-7a1c-32a4-b255-48d604d0f1fc,4
03847462-7952-3568-acf1-3429bb2cc1bb,4
38cf0fde-5428-3424-9e85-8fde8a64e48f,4
8aeaafb1-1642-3ba9-b01c-5a30f9d68dec,4
24ce7b9b-ae50-343a-b282-08ebf52da147,4
f5ea3f0e-c790-3b61-9366-b4562dddee19,4
bb18be7a-4f4d-3eea-af8e-3cb47ce3cc4a,4
36bde014-96f8-3191-a59d-d874adab9e6e,4
4ab46aee-5f47-3eb1-9045-0d5e01794733,4
541f033e-a329-33ef-9fe6-bcfa24756179,4
c37605a7-b550-38ec-9e31-6e30740c736f,4
967908d6-2f5e-3cd7-b4a9-c41fdd80f3bb,4
8934dc63-798d-3f79-a79c-f1428bb2a3d1,4
ebfbedab-0063-32bd-8caf-2887866a2167,4
cf44f1df-8374-341d-84d8-d3ac30943316,4
527674c6-aa32-319a-b4fa-373016b85fc0,4
57aec0b9-bfeb-3d86-8a90-375a463646e8,4
0b3abe9d-8ed2-37a9-b161-6552d27e8d5b,4
c9af4e67-23cb-39e6-84d0-f2746f850cb6,4
4d6fb852-0220-3637-9e9d-d98f03ca7fe7,4
097dade6-4a54-3c11-8e07-64be8859bb1d,4
ad4eb52f-d64c-3b44-a280-0095e03cbf12,4
fc956df4-e3bc-3d96-a35d-ffa0672ca5fd,4
2d8e56c4-ac65-3669-94a6-883eaa1309ea,4
25f0fcdc-0c6d-3379-a8c1-f3300cd2ce01,4
8e5292b1-508f-33bf-b934-3beab473dad2,4
164e6960-d228-3983-a3c1-8db9eecbf497,4
9577d569-fcb4-3eac-8feb-430967290969,4
686ae96b-f274-3d9e-84cd-5d06198c2061,4
82b5d03a-da34-3065-91b8-bba923bb3d95,4
48844544-747e-37b7-b26a-82f48a6c2754,4
11060144-c161-37ed-9eb1-e881b00b8306,4
3e1102e6-9d98-3fcb-ae2b-13f29fbb23c3,4
5cdafa54-5673-37ae-b90b-caa1919d3b9f,4
627cffa4-d202-33be-b3a3-f4e0066e1ba8,4
35030bcc-0d26-3e3e-b597-a595e9804c05,4
054a95c5-0687-3228-9f12-c655a6b998ef,4
7cdd3d45-65b7-3d32-86b8-f8afcc9896a4,4
a6279aad-6ea3-3beb-b7b5-dcb66271c7c7,4
c8f9c4d9-ad4c-3860-aa20-6114bbf85535,4
4a14c4cf-f89a-3a0f-ad3f-7665948c57ee,4
1b8c0fd8-699a-38a2-ad58-3eb71a1d058a,4
3c0a3d9b-990b-3069-9e58-6f5fb12e5e59,4
4195fc50-9846-31cf-8131-480bd78f2bb3,4
e2d5ef72-9970-3b69-ad23-98021db77f78,4
335c50b9-1b46-3a08-9ddf-12cb4f053278,4
b98a0cb3-891a-3957-a372-fc8b77e87be5,4
78aed83b-b7ba-3fb8-a206-cc29eb4d5c0e,4
f827c1f6-42ee-3a9f-9720-ddc4ecf5fcd5,4
49ec4c68-69b9-3923-b78b-190bb0924da6,4
703acdfc-49a2-3895-8064-cadb8cf5565d,4
8ed43594-0830-3da3-ae5b-44ee5cd3a0bd,4
ed84a91d-073b-3be2-af88-2c836cf104a1,4
577ede1f-9355-3013-b843-d4947fd414aa,4
19f6c6b7-e0e8-3bb1-b66f-c571b82dc58d,4
64cd7700-cfeb-3f4e-87fb-054f9636e445,4
0156d190-958b-3e21-9aad-2efe289e984f,4
ef2949c9-3511-3eff-9337-7e37840a4f88,4
286459f9-c562-360a-af5c-4244849c775f,4
1eb5dc1b-eee8-35fc-900e-2f47bec544e5,4
8128ad81-a0cb-3c17-95a2-bc06e4c3ef01,4
a3ec275c-88c3-36d7-940f-35ccebd9edcc,4
4df0130d-481b-39b1-b662-695f1a25dfb1,4
081bb546-2217-3e99-8d4a-8ff980f8b638,4
a215bd88-5904-39c1-aa00-271865267364,4
914b5167-caff-3de5-93d0-c648cbd3e0ae,4
178b75f2-7065-3e0b-87bf-9d68d56dcc3b,4
608913c1-ddcb-317f-ad47-5c3fb5705a09,4
42a7e930-2529-324e-8249-0b9e64aa832e,4
6d2e5f0f-58ba-3d54-a03b-871852b22c2f,4
c5256670-5d76-356f-b8fc-fc181ff36838,4
c7cb8acf-6bd7-3d8b-a2ff-ba4f557b1196,4
d263c35f-7aa9-3a35-b465-2e78632ca008,4
f97055bf-24e9-3e67-a3b6-4b77fc1ae8cf,4
b757fd97-37d8-3e8e-a417-ab40aa7069de,4
e0fda46c-46a5-39b8-a1fb-d3734a9e3466,4
e17c9f3c-d18a-3ae2-8482-20ab79511e82,4
b5abd442-7115-3c90-96c8-73b455abe2ce,4
9f1f25e8-45c5-36b7-a03d-6a0220ce2708,4
4c6456ad-b525-37f4-bf93-6657b0a34253,4
2e567104-fc35-37b1-a5e9-935d47d46761,4
4235623f-fe5a-3a6a-a06d-475e2a2c33d3,4
26f466bd-8aed-3d8d-b7d9-356c193c6ccc,4
fe981d10-0ef3-3a03-8900-c5ec892144c4,4
43599616-6545-3826-b45a-1c67b6bc943d,4
d87d6083-d462-375f-b47e-51d2b1e2ed29,4
a4808621-6e36-35c1-aeea-0d316cf0c1bc,4
6d919a72-039c-33b8-a1bf-5373b9d893b8,4
347133a7-f163-3dd9-988e-be5b2ed2424e,4
ce92bf8c-3444-3cd4-88ab-e64fe3f20b47,4
3f3e77da-5199-3345-afc4-b347a8cdad7b,4
96765daa-ba47-3486-9d6b-9aacbc1ef681,4
fb2ab114-b104-3d67-be88-d382b003a799,4
f71760cf-3fb7-3263-8a95-df7ad6cafcc9,4
f4ab2577-c422-3d69-b952-61f19b316557,4
da854efa-ad81-3ecb-b25d-e4a0aa3c8417,4
4e4df7ed-ac67-3c16-9d5a-04abe7ee22cb,4
4708ad28-388b-37ad-bbbe-a87f6f0545f5,4
5f2f8aab-66bc-35b5-b6a3-d4fb2fcb3633,4
0cc7785d-5852-38a8-a9bd-fea4888633f0,4
bfbeea03-b8e4-3a19-a58e-3c172ab0c5de,4
7ecefa89-715b-3026-a9c9-9aace8d466ad,4
0d3a5a4f-adc4-3528-a48b-8fcc5dacc268,4
9faa234d-4b0a-3497-97aa-0709a855fc4e,4
f635844c-8078-3fa2-82ed-8de45192b921,4
ade3f030-8dc7-34ca-8b77-09db11efd0ed,4
d2777db4-07d7-35f8-a602-3ba7295da4de,4
cc2b761d-f58b-3b26-9dfd-fbc8737f658a,4
35e2222e-cd17-3e01-96c1-967468f294e7,4
cbf1b319-068d-356d-8e15-1e2309989d62,4
e5846e0b-37e5-3cea-a161-6028f0982e4e,4
66d2ca49-a789-3623-8a07-2d045d4836b0,4
c165fff6-97d7-315b-8299-b1ae9856997f,4
e130f99a-f6f9-3322-b329-02ac809ce699,4
7973dd9a-39f4-32cb-9d00-09b4dbd89ba6,4
b3e2d504-48fc-381c-8177-3743a0c15ba6,4
6b3871ec-a862-3f46-928d-c103bcab16a9,4
e2975fe6-736f-3e39-8509-2c1b582c5e22,4
e6800c9e-b798-316d-b5d1-5831d4df34e7,4
24a5d4da-c65a-39f3-a286-81669933d859,4
53b79425-bb95-3e5f-b1d9-a0b4b9118e8e,4
00e7ff0c-d83f-3f58-b42c-60d5b571cc9b,4
3c050d3a-d846-344c-a0ad-ce24ecf42815,4
136ea2c3-e2ef-30c2-a8e6-27701f024c32,4
0657b501-bb86-39d4-b6ce-ea74665e2986,4
175f0ea2-3fdf-3b01-a0c0-8c2fb2344719,4
7c10eb14-94ef-3f3e-adc8-e215dd26c2a7,4
03b3aaa9-b68f-380f-a706-eab04e4a14ef,4
350b2265-af9a-37d8-9d81-c0a57ba3f658,4
fa7ff8f9-1919-36c4-8a87-df13d167d53d,4
eee0fbd5-5feb-3b7b-a3f6-a2b87a62e26a,4
ae473afc-a4cf-3f74-b157-87f6d524d08e,4
518e22de-831b-3134-bedb-d1f01f21ed33,4
cd0b0049-4391-3623-8b44-0e7c8f59d374,4
f75b84a1-a675-3e7f-8909-0d673d0f6ef0,4
d78242a6-9c1e-39ae-b92c-ba102c7194a6,4
664bba5b-e1a2-3801-82e4-cdfb013b9d97,4
1686f879-832e-3225-aa2a-1fae6671fe27,4
3f5ce642-26f8-3a8f-950e-e8aba88f2688,4
ca4ed77b-9396-3fcc-8287-9a53f68d8dad,4
c7534f5d-fbb5-3fac-861f-f8c1ca0fbfb0,4
6eceaf75-2cd1-3578-9a4e-5ed0df5c54dc,4
17cd6ff8-c566-35a6-bc8f-d8d888c8ea3b,4
7367fd5b-f4a4-3e18-b567-ed5cf2d8e6a1,4
79f8144a-1625-3d34-9325-c1664c18eebb,4
ebee98ec-14b9-37f9-91a3-451e80bb8546,4
da03769d-9bc9-3667-b27e-0ecce4dadd91,4
703f7d96-503b-3427-9afe-40fa51404fe0,4
3700166b-6f44-3b8c-8f41-68d382929135,4
430d1be9-943d-3847-994a-23a5bc61cdc5,4
3ea497e8-60b4-3b8d-a1be-9e5e0c42142e,4
1d91bf50-c979-344b-9455-bd5f3ec2dc57,4
6be4c444-3302-3ba5-b58b-d70928df123a,4
58ea9b79-3cd9-380b-a2ce-4fcf9b487d3d,4
dcbc90f5-190b-3408-adc3-372fa264b713,4
86aea1fb-697d-32f9-8f5f-ced289fd0ae9,4
d2f76900-3f3a-3e15-ab43-381ec5c1925c,4
d736248c-b010-39f3-8d52-81eb0dead67d,4
82f791e7-ed03-3896-81dc-3ed3272d12f1,4
4986349e-6b1b-33c1-acc4-86d087440af2,4
a6414993-8aa4-342d-9ab0-d80f42c2d9b5,4
ac0391e6-4559-3547-bdde-e1949410e842,4
27011239-7d9c-3ffa-a34a-e650e5909722,4
4fdda4c8-6dd9-355f-8089-3602bd621b52,4
aaa9273a-eff6-38ca-9f1f-d068aae25200,4
d9eb38ba-954e-328f-9e8e-8c74ac1ef0e5,4
4a1b9eea-b1b6-3423-b62b-fefa6bb80e01,4
41c9d718-3c46-36e3-9deb-bd1846f5d4b1,4
21de3b61-2526-3b2b-8a9c-0db829a243e7,4
64d4217b-632e-3afe-a33b-829d6bebc2fb,4
61ca1e1e-038f-3dd7-a492-760add7432d8,4
67d75a5d-f439-3c55-a0f1-05b9654dfdbf,4
f714caa6-0946-3c48-aa3c-6260cf75ff62,4
f5c8ea5b-583f-30b8-8916-b0104ba3d9df,4
a6952e49-cf06-3198-b7dc-d4b2fed63fcc,4
9a957b40-522b-3e81-9945-905531fa1810,4
74d3be08-c298-3a40-ab54-aa14382d4910,4
c2bcde23-23ed-3ef6-8281-a4642030bfc8,4
d45e6c96-dccc-34ed-8f72-569ac11b18a1,4
74472c99-d60b-3ca1-b3d7-c024bdf2a5db,4
574e4f37-c6a4-37c2-9383-bd411ea4e46a,4
2de6b58b-fcf6-3dc0-b537-28ae26a9d67c,4
93b75047-cc33-3159-aeee-6fe97b5a9873,4
55d19328-0d2f-3746-838c-f8943650d1e1,4
dc541d68-9d8c-32f4-973e-03074b17fe99,4
5c8f1228-54c3-3ad4-ac99-0c9b8821979f,4
0477475c-8106-340d-9568-c9a4b65a9d2f,4
3da4a76a-12a4-3d1d-af21-a4f01d75d418,4
c2cee33e-d648-3193-821f-a10925603f0a,4
926d00d2-4fe6-332c-99cb-1c946da571fd,4
c0aafec8-b28d-3b52-badd-058b548a03fe,4
8964ee73-b7d9-3084-aecb-5e7cb60e5fff,4
33575423-dc64-3f68-941d-29c9c32f5788,4
df323207-750c-3b4c-8204-c0badd68967c,4
6bc6f424-61e1-32d9-90a9-647a40757333,4
49d434a3-d76f-32f9-8868-36a4a2a14d92,4
3e5dadf3-9936-3bd7-bc4c-a45403d04e72,4
35edef90-3a9d-3622-afa7-8e00279f7521,4
0da3a2ed-6381-3eee-95dd-b0f3772b199d,4
53a9f7c5-ed7f-309e-ba05-983b18794a2c,4
910edba1-7e4b-3f50-9152-289cfd9b4148,4
4b884f26-54a7-3f8b-a2e4-e3f298320585,4
3fde36a8-9429-3d3c-b558-ffba174c6088,4
7660a102-2cc6-3278-b6fc-31d03b79ce34,4
807c139f-d3ee-3ba6-b062-44d411f4a63a,4
61e6b954-a34a-3b70-a74a-5a221c1335f5,4
6ae71d7c-2766-3dc8-ac6c-626925dd94d1,4
6bcc4096-e12f-3e28-a0d0-8585184db25d,4
7b88e72d-2433-325c-addc-1a854340b009,4
a9022498-9dbf-303b-b729-8dd9385a6eaa,4
9ca21c73-4c00-3853-a14b-ebc44c1071f2,4
43b69ecf-9769-3ec0-a919-b2947dbb7ee1,4
9698b881-6363-3e51-8b88-13a159a56ebc,4
f80bb751-1336-3860-b10d-5f3255a95bb0,4
866be225-7598-354d-9059-92f35db0d3bd,4
4355c551-ea88-385a-955b-4da417e55075,4
b7e2e5b3-9d26-3089-8449-5b4ad4ae8dbd,4
22015da5-a736-3618-8d88-83d6d77300ca,4
0bf754e8-ba67-3164-bfb3-47059ebae930,4
3b7a124c-4299-3729-9716-d7c8a9e450ae,4
554999ca-79dc-3855-884c-e260ae36f0be,4
ac6ba136-11a0-3b3e-bfda-d0d1ada6db14,4
ef5a9521-17d4-34cd-a19d-ea5fc6d0b0d0,4
d18a596a-b2f6-3dcf-b39c-426f6b1a7abc,4
34aa1bf0-f77d-36ff-bec3-01c62b9fb671,4
85757d5e-11eb-3a7e-92d9-1d13e0886000,4
cd1b7236-0aa0-3f00-875d-22e11df8ebf2,4
a7bd1951-5011-3540-acfd-a1cb53542f6f,4
27aaad66-2171-35c4-93ce-9a658f0a8d45,4
4891e3b2-cf06-3a30-9429-be8424823d5c,4
147ed930-be7b-3b8b-b7aa-926de66d1f12,4
4ab0a41a-5ad1-3615-b18b-b9714ddc74fc,4
93aa738c-6678-353e-9ea8-361f1e30e7b7,4
8691132c-e851-3e64-bdab-7836258d6617,4
5f70dfc6-16fd-3171-9602-265b46e38d00,4
8c402875-6524-3598-be8f-fb4808716533,4
063c4157-8b76-359e-a51b-6ac5ae0d6794,4
95466667-bdc6-3ad1-8ca3-26076848ac6b,4
8eb93961-9141-3d49-aaef-30f17612224d,4
6ca34433-d0f9-3c0d-bb9b-1d20e483971b,4
01bc190b-ebc2-3ff2-bd58-48868ce532bf,4
84836d2d-28e3-3466-99b7-246123b6b8e9,4
640cd454-8589-3bc2-a996-0a80628762c3,4
2f580ec0-9bd6-3b38-9d49-54aa6d1ad8d9,4
bb80fbba-aeaa-3f5c-ad15-9537c23f82e4,4
47cc7927-3abc-3b6b-9f58-601c15a1198f,4
c2f7ae67-e390-33fa-9b43-b301fe560c6e,4
84d3c1d6-7b73-3b97-88d3-7b4366cd9480,4
b343d0d3-561f-397e-9563-9cf588f8374f,4
ac3ed0f5-61dc-3f9c-b76a-28a8dc1e95dd,4
252ddea2-cb9e-3c8c-a50c-0c956b678ef9,4
a17abba4-6cd0-3c85-8a09-de74b972c2ee,4
a63d9d0c-7e79-3ad2-81b1-c678ebbe1983,4
71e3e8e4-84fc-339d-850a-8b3e3f8aafe8,4
35d13266-c680-3e7b-99da-80bfefa34670,4
e96084f6-3337-333f-a6a5-66552d680bee,4
d0474f3a-cebc-3ea7-924e-cb8514eb44e8,4
9b78248a-f654-39be-9f6e-ac9f0b63ec8c,4
112d1cd5-0f42-362f-bb19-cb3e7ac61770,4
f155eb79-abee-3ad3-a665-747dc28e800e,4
380692c1-96b9-3874-83d8-034d6c50c52d,4
cf2d4d85-05fc-387f-8a27-17a468bdbe43,4
c80e2fe3-c91c-383b-a610-dd7e3d6277f3,4
9899c6ce-2a27-3f56-acc5-c675fdb3f5a3,4
af3db32c-5844-3156-be39-33d6d3297d86,4
c188a37c-1c00-3e2d-b353-0ae87275340e,4
4abbd8ce-ac7a-3cab-80f2-6ca5a090d775,4
dd5c9885-41bd-38e7-b501-19139129dd3a,4
6567a28a-5b66-3368-bd06-4d480a2be34b,4
32aaa926-afef-397a-9f7d-66a10fc7fd4d,4
4a2ca889-7e76-3a91-b962-30de766d758b,4
42dd1f40-c6aa-3484-af62-189eb586c9d9,4
2a34e9ed-796c-3876-a865-4414cb99fff8,4
028e2892-7e53-331b-a89b-87a2a942c4c1,4
66a867e8-5f9d-3c2d-b3a5-041ebb75be80,4
5d33bf2d-7f71-3847-b6e6-d2bbdacd231d,4
1133d9c0-bab9-346d-b2cc-144d0d0a10d0,4
c6fa6654-c900-396c-8ef9-eaf126ff92e0,4
182adf18-4f6e-3830-8a84-bdea318bd759,4
345891ee-f94f-3ae1-86c7-a4cb377deee8,4
940b749a-2172-36d1-8c61-1e8888d42fe1,4
2a81e7ce-6823-387d-b78d-7f6011be1d6c,4
4c8d786f-96bb-30bc-9e6e-ac36f412e6e2,4
e4470cc9-3c1f-3e82-9a6b-fb31fa4d1474,4
a4f4f567-25ab-36ef-9cc8-2c00232f3666,4
511cfcc3-462f-3255-bf80-6cfe8b58b43b,4
ef7d957b-d126-3563-84bd-d1e56edf1d0a,4
eb1666ee-5ce3-34cd-b376-ff0485f8066d,4
6400d46d-cfb0-39d5-8754-76640b47ad1d,4
f3d686db-f67c-3bcc-9916-5ef7052e708a,4
d1d9d78c-1f73-31c5-90d1-8e1e9f8df672,4
548774cf-9ba3-31d7-9bf0-2e09504b349b,4
47597144-6b60-3b16-a1dc-e49a45928c59,4
f54aa034-a14a-38e2-a5a0-9948346491f1,4
a04409f8-e6b7-358a-ad89-308044b48760,4
e545586c-6e5f-3f3d-a223-c186613ef21d,4
424d264a-059f-3fb9-8a63-53a401340dfd,4
c2a1d7d6-23b3-3159-8005-78a1bd011304,4
688ecadf-3408-358f-807c-694c5c7d2a49,4
83e49771-c570-3292-856a-329b499c1514,4
37baa481-ee52-36e1-98db-d15019c09483,4
40d35b03-ca8c-326a-ba30-d9ad89894d41,4
631d80c5-2df9-3155-bf7b-41080a0dac5e,4
ae316084-9ffa-3141-8242-a23b318462e4,4
8e5d359b-1b29-3e52-ae99-bd2adf397779,4
884e525f-7617-3d19-b03b-47da7535e4d4,4
a23a2c64-cd7e-3c31-8562-f8e4fb2a1082,4
0a662205-9fb0-3eec-9b91-63b65d4b4665,4
eb304266-d057-3a5f-8d09-5cbf42330e6d,4
3cab5ef5-76d2-3922-9ff4-240eda98fecf,4
33a6617f-84ca-32c2-8310-5cd0b6e0a52a,4
c751bcae-fe10-384f-befd-d100fb090c4e,4
309771e5-3166-381a-b693-b27e36ce425f,4
1fb9482a-795a-3998-bc69-7b8000b54910,4
12444037-0ce0-3ac2-96ce-275e05e41d35,4
0daf0d57-c664-35a8-bc02-a21058be36cb,4
8f02337a-2724-3888-9116-f7f8c330f1ca,4
ee15d30a-e9e5-3fde-8e8e-40d2e0caf7ca,4
11f4668e-c3ae-3fae-b79e-9b735fc8a8ac,4
ae4009bf-c3fd-369b-af40-4ada98d38de3,4
77236dee-f5c3-3851-8da2-b809918e4530,4
cc64ef8a-f9b9-3ced-bcfa-e4a402f545ce,4
485311bb-b19e-3156-8ad1-333bb10e9f33,4
d19f8009-e2a2-3b5b-9790-1ad1cd31c7ff,4
434248d3-d211-3a48-8852-ca6f645c8add,4
b31628e4-6049-358e-b3c8-f2e5068d8b07,4
b15ce0cd-1c80-3fff-b483-0e50c6c7b133,4
99fb2aaa-372e-34b2-ae50-a1c6d6587c48,4
d4cea2aa-2c44-36d5-aee9-14b394eb66b5,4
cf6eb25a-d2a9-3ffd-8243-ee567f95b03a,4
0bea8d38-1cf1-36db-b646-7b9c2a0b61b8,4
783151d4-ac21-3255-ad4a-5bbff36ba1c7,4
ce28ec9e-71d7-3aa7-a54f-865fec3a7817,4
6e3115bf-71f9-3317-bfc3-c0ab73ac2c0b,4
573e16c5-96f5-368a-b811-b4641d7e8679,4
a1a12780-cbd8-32e4-b27c-e26400e686bf,4
f8a810f7-98fc-34d8-94ad-e0950354a8ff,4
bcda16a6-5f6f-36dc-9373-51684b292e3a,4
3b492986-962e-3544-bd89-e958d95002f3,4
e6b5afa3-23e8-3238-b602-a777dc33e966,4
89754cdb-686c-3000-9cea-38b66a2daa10,4
7a361696-16b3-3489-9097-c9c922ddb529,4
9bed07fd-5153-3af5-9b46-acae01cab03c,4
358b914c-e044-342b-b3a7-334b249bdf05,4
6d812e43-4f21-30a3-acc4-293b709a181b,4
cf655282-65f1-3512-b628-9f671691c9b2,4
cf74525f-61dd-3cc0-92dd-a977a472bbdf,4
800337b1-b80a-33f7-940b-1862eab1dc6f,4
3bd86d1c-d763-3cfa-b112-d8166604fa98,4
3b0ba4be-25c4-3fff-8938-4f53bd7fd925,4
63ae24fc-b865-3239-a42b-34d07a5de520,4
aa0dea5f-ca5f-33e7-89ac-ef0b533ff124,4
899f19f0-d236-39d2-b006-f023a34af4ff,4
105615f3-1b36-375e-9c0b-00f1ffac6d4e,4
0a774602-3847-3370-8b3d-6c8bda3fb545,4
26d00fef-6430-379e-b4e1-784dc883702f,4
298ef959-2a30-31a9-a3aa-b9b82a81387c,4
4441c60f-3dfc-3ec7-bf68-6ec5a6577a52,4
5f212f87-ad2b-3ebd-9f26-b1e6aed4327e,4
89d162f4-cd69-3433-8e22-391b5cbc996d,4
4eeccb8b-38a3-39a0-a86a-c033e26b6498,4
895ced8b-7ae5-398d-962d-2694680078c6,4
7edbee91-8d5d-3aaa-9d64-10e5f053c7cb,4
d73aa64d-e191-3d2a-9be7-ca65f93ced46,4
86fb73b7-7e09-32b8-89a2-ce5824ef51dc,4
7bf59888-9650-30b9-ab77-fa0d491ca182,4
fabfb933-0e70-3a1e-abe1-85674621dc04,4
3b9ab83c-48eb-3c25-ba45-d6bed1cdab57,4
f495f971-073d-3141-94ee-7e57824e6db0,4
b0c857f8-76ad-3c30-bcb0-6feb27c0280a,4
73e02c8c-71d8-3ff7-8dd3-da93c6cace54,4
6b7c95a2-53fb-38db-9121-b22e68535436,4
c6bc1b3f-4252-363f-8847-f4638fc5aa6a,4
3cb8e481-ecfe-373c-a32b-43e3ba60b2b2,4
7ff233ac-ba6c-340d-ae06-86c7a5d7a28c,4
48f8ab90-84c2-314c-b9a0-899811f45f02,4
96544a93-5084-3b49-9fe1-d7bdf4ac3a7f,4
d3615b58-ce23-3f4d-9399-63b9701bb24b,4
e35e57d9-0a3b-3265-b777-719df0f93863,4
0fbfb326-baca-3660-abb9-a1c8cb1a771f,4
75365c52-49dc-3264-8cbb-0a197ce0f28b,4
9fbd3f64-ca83-361e-b638-ab59aa6ff1ad,4
218f4d48-945c-3dc2-969b-dc7e7dd29a81,4
ed52cdb1-b188-32c9-9dd0-192b7ee737f9,4
242cea17-bb86-3bfe-9c43-7d1d3fc01ddc,4
a0ac8d2e-b808-37a2-a513-3c52ee762c3e,4
bb714526-731b-328b-9bc4-721e09e92db8,4
d85db631-c889-309d-af58-99baacc27d46,4
a520e461-4a49-30d2-be7d-cb58bc7b0a7c,4
6186151c-163a-300e-b2c2-e60a99d35f94,4
2cd842d1-0cfb-3983-9c36-940dffb45b1b,4
18a8bc38-7ff0-3abd-ba8d-51d0a5c74b00,4
5232f610-a40d-3d2d-9e1a-76708d7a13a8,4
aa790a1c-f2d1-3778-b2ac-c7be6689393a,4
e51e5bad-993b-3b65-9672-d29f49184d38,4
3e77aad4-1b5a-3f81-af84-5e9d141df475,4
6e1b78c2-dc27-35f5-bf9a-764b90b5b748,4
a450a21c-20f3-3dc6-a221-e56c2d113e98,4
05508c61-b6a8-3b55-b738-f5a6ac12664e,4
b4200d83-3c7d-3240-8209-ce4a6de10f32,4
05fc573e-f0cf-3d59-a143-177d9a5a37df,4
f8dfd4d2-354f-351a-9918-2ff77948740e,4
1f3ab982-a069-335d-a8f2-44b99ef9f610,4
5c8dbe3b-2c04-388f-9b07-0511070cfc7f,4
049342dc-f859-3ea2-804b-8ba39c1b3f42,4
1c02c771-c5cb-3c10-8d80-53acfa722b6c,4
f7ec6f1c-2ffa-39c2-98df-c174943bcc6d,4
07524a40-b13e-3a5f-a412-4446599f65dc,4
eab4117f-2048-31c5-8a58-6f2f5cffe14d,4
1e9b49db-03ce-3f40-a8ce-72eb38e5ef82,4
86317baa-ee6c-3f8e-9659-83160496baae,4
63713094-6086-3726-8d7a-cd511d41637b,4
1eea21e2-5e46-3ca3-a04e-2c47b61a6a8c,4
fb7aa475-b184-308c-94a7-418f8b1a1f83,4
48f1b891-4412-3448-88e6-0993f6dd07fd,4
98d47ede-f746-3616-ac13-1533cbe912bd,4
961e33c6-55f2-36a8-af8e-bd25df0a9645,4
9254ea83-55d9-3981-bde4-7a779fb85e3b,4
b87c4aaf-e369-3636-b654-24f6a21054e4,4
b571c8a8-6c1a-34e4-b2ac-2414a872d126,4
6d4f645b-2d98-3c0c-9a57-55025df9f1d8,4
80ee11bb-536f-3cda-b259-86f1a49e823a,4
08e358b0-9764-34a3-942e-4c79d434e630,4
44838810-450d-3a02-be0d-55a4df724796,4
61293525-b461-3e31-bbb7-842919d846b5,4
f15ef9db-b0f4-3374-b1ec-e939e2233f3c,4
6e986c79-85e0-3613-83d1-4be3ca51120b,4
e0b28059-278a-3e21-bee4-7637a31d8f7d,4
bcc508a4-766c-3bbc-9743-bc562a1524ec,4
a13c5e63-47b7-3dfc-b2f4-aafd437ec712,4
c320ecd6-1eb0-3b8e-a2a1-755f176ea224,4
b3ca2f59-0529-33b3-b38d-47f1aa46342c,4
b361eb42-0df4-3e3c-a4c0-1339930b6485,4
c736464a-0bdf-3833-b21c-8e238ccadd8c,4
cae44209-be8f-39a3-9680-5d005bb0c42d,4
469bf38a-f620-3b75-8a76-4a9276585653,4
371f41d3-2077-35cf-ade9-c1dc75679542,4
8c60e7f0-55e9-39fb-aff3-cd3f5aece123,4
d242670f-887b-3996-8f5b-cd66809d49e2,4
d0cc7ca1-2772-38f3-af23-6b7793c56586,4
01f89240-7fe1-3a5b-adf8-7f24efe1f660,4
7c16432b-36a1-34db-b2c6-dcb9b3d24e7d,4
7b74c5cd-236d-3e8f-8290-c7cd15054e05,4
5cdaee32-2733-3441-8a30-92836f0397b8,4
6d84d3cb-b297-3c98-bde4-c934ff0ff6f2,4
077ff377-1be9-3c1c-a0c7-16bf3f0dab9c,4
8a2bb77e-9cb4-3225-890d-bb0058f2ffb0,4
7ff3374e-9bd0-3fc4-88e4-32ac8ea3107d,4
9ed1b6ed-c82f-3a3d-8848-8b6abbdf0de5,4
39b7aacd-3208-3ee5-803c-31aa98df4501,4
94dab199-7832-3774-8702-7c4aaeec8e05,4
a6695e62-8852-361c-9219-acd88b6e3eac,4
005ebd93-12fb-3bdd-b2fa-31c503bc08bd,4
f8938217-c90f-3ac1-b9a2-cae4349dd5f3,4
0d735e69-21fa-3245-872d-db3bfacb3af9,4
894fe2ca-ced3-3f79-992c-1e7b93393174,4
99d44384-7dbd-3653-bc23-19239322a7fa,4
53936699-c83f-3aa6-a5d7-b477f8300e26,4
336ae27f-11ba-31ba-84df-8e41f6f715e7,4
6ee2346a-a1e8-3b89-8b13-9452d249a897,4
2efedb0f-5252-38ff-8904-38cc46b08d88,4
a3eb62df-740f-3e87-870e-f6117df91b0b,4
e11e9abd-4521-3bd1-baf1-0d2d4bbd3371,4
dfbe5d75-08ee-3d0b-8283-574374ec94e2,4
aa366bc5-b4b1-3d2b-854e-966c12581a9f,4
743b00b0-370d-3911-8314-fa16ed8ba937,4
eb002d8b-1d15-3f3f-a13d-92c5dcb559df,4
428128c0-72c6-316b-a826-e344cdf02138,4
d5fb3950-0433-3c19-a80a-89d9b0d666e1,4
e9441cb5-ca8b-320f-9cb7-b54a11450419,4
cc9eb8c1-e57f-3cf0-912f-fcd3da3408c1,4
ca2c9446-231b-3060-bdc9-0867413fbdbf,4
b47fdc73-c61a-391d-a557-7fd67c8aa20e,4
ac91d387-2bbe-3793-885d-04b954060dc1,4
f71e348c-1236-3104-b230-a91330bafd6f,4
30de98c5-9323-3978-a53d-252af6b207a2,4
c40a1c77-b6c4-391f-8fb0-038fc16d76b8,4
c564eec6-146e-320b-8997-ef0df2a3494d,4
483c76ed-f251-3644-8f30-e4d0c3a230b0,4
90477202-36e8-3799-ba34-0c750b2ca143,4
51b38da1-2d9c-327c-95ec-0fe6384c1681,4
b7d7473d-8c0c-3e8a-973e-6cbd905d67d0,4
75649a63-0aed-3502-b083-4c566cf744a2,4
092f078a-6a9c-3b34-bb29-840a235b0975,4
9a869396-8f7b-3048-aaa8-e7de64f9a9ee,4
ad4ffaba-c96a-3463-9952-f197e7039258,4
80b5fbc9-f341-3386-97f1-93f4c0e30894,4
0b0b876b-7591-308a-812e-0b082bd9c2ff,4
5f3d203c-f83c-3e75-8daa-6176e8c30617,4
2b8e20b7-cfb0-3c24-b9c7-f6f445a307ba,4
78c60946-1786-3769-a7d7-349609ff97ad,4
0bee7293-d54b-33ba-86c5-70d078cfadf7,4
d97a5d33-5b0d-3b4b-93c1-ea57cf2a66ca,4
72216265-9d2d-3e1a-87fa-eeb1052b65b7,4
a2c6e056-67e6-3899-a126-13cb37a67a0f,4
ddef8c87-a604-3a45-843c-6c012344a8a3,4
ed7c65c6-ed4f-3048-9f70-92a24680a34a,4
5ee8f8e8-4804-3b14-a668-eb028478b645,4
970186ba-f9e5-3b55-b6b8-772aeb1c2214,4
e1594101-f934-3ad0-92bd-e8c0d710c0af,4
cd21f63a-1fe0-373d-afef-d9cfd4d06670,4
b08bfda6-bd37-325b-8301-7c75041c7028,4
f95ea338-1a15-3071-a640-baf1b18e0105,4
20494faa-26ef-3f16-b128-cff269720bc3,4
190e26ed-4118-3200-b4f5-b7afe6aacd6b,4
aedae4e9-cb40-3e2e-b199-8585e2c98284,4
8bd8302a-7a24-3e47-a0a5-1379e9406681,4
30898909-7823-391e-bc78-6b62937030a5,4
6a453371-213b-38e1-ad91-a9789fd1d4af,4
99ad9649-8600-3028-9ca3-862c329125a1,4
78eb0097-bdcf-3b68-9c3d-8e1e50d2f68b,4
9b24ff89-1e7e-3259-8c52-2c3b44eb4c59,4
b3ef351f-6ca3-37c7-ba1e-eb4997b36f81,4
894294ee-17d8-30fc-a840-22a4298c1289,4
c4ef5e7a-1f8a-316f-8260-b8fe8c651dc9,4
fb22c33b-6544-3330-9fdb-27a25707b853,4
9ee1dcd6-0fa0-3ca5-99a8-323682f32024,4
4ee35c56-e423-332a-a1d4-860e5cedc373,4
0c1b020f-69bb-3d50-a30e-5b873ca1d43a,4
8de06708-cb61-3724-ad40-699489176595,4
5ebb0d37-ce0c-3eaa-9b6e-fe0f63a6ed14,4
eacd3d24-0360-3561-936f-50e75b4d0eab,4
b68f19fa-ce74-377f-a1fa-8f1032ccdd2b,4
4154e2f5-f45d-3e0e-9f9f-4cb96cea772f,4
aadf61dc-4ac5-3d53-94f7-f6d7608cea24,4
6c40161b-a6be-31c4-8c82-bc85d4fb0196,4
6be20465-c1ae-3060-9b66-aa39322238f4,4
d4f783dc-6201-3c27-bb24-a355d758c3b8,4
6b2a27ec-8240-3f9b-a91b-02ba89abb452,4
ecc6154f-4318-3a60-91a0-bc7df8899968,4
ef776920-267a-30c8-8e1f-5e04a2a790fe,4
ff881180-d84f-36c9-a724-7ff37f99c2e7,4
3ad4f65f-00f6-3e20-ac07-c77f74b8e6fb,4
05d547ca-4212-368d-880d-3c1b153d9542,4
9c9855be-55f2-381b-b8ad-0106587cc541,4
e6edfc6c-ae9c-3a0b-809e-5a04a2b70926,4
d3a8d955-5426-31eb-947c-cb11f5c1caaa,4
db2dc7e9-46c1-38a9-aab2-0d5ac914aa5b,4
de4a076f-01b5-38d9-92fb-774c21bc0471,4
242029fa-bb39-3fce-a065-af7c9d1c5500,4
14ba7251-8fb3-34ab-ac76-e2ffa65137ee,4
d3fe05b3-21fa-39c1-9350-a4f5968aa82a,4
4b10197d-e6db-306b-b654-fa6c5e384360,4
8b58847e-e692-3874-bf60-498a8da2cf9b,4
da90d239-1d9b-305a-85b1-16d53dfc2767,4
a4642588-4e8e-3165-a665-77a88347d0dd,4
b39126ab-b52c-3f60-9cb7-d458d5022fde,4
5cf9a435-915d-3930-83b2-33737ecb36b1,4
8f1db1d3-35c0-31af-817f-dc531f968342,4
dcf80d7d-2abd-345b-8957-98ffce3e32bc,4
35e11954-231f-3d98-9979-f55c2624b6a8,4
dbbe35bd-105e-3825-bf85-21d965fa5342,4
d6e8deff-1919-34ab-af51-d80dd1102de3,4
0dbb1c9f-7db9-38a8-9d81-aa2062f98e9d,4
a726951b-e440-3bd6-b4bf-9ba888946023,4
831f18f9-3843-3d0d-8bac-536e14f6c10c,4
bddbb185-318f-3939-b151-945af32f557a,4
787c2dab-f46a-38bc-aaac-38c28bf0282f,4
7a5ae754-1adb-364e-ac21-1fe1ca7d13a9,4
2009e350-596d-3ee9-a67d-0c9e1eccadbc,4
744ad382-8b65-317b-a69f-0be6b8e1dbd2,4
d127412a-dff8-3a93-8fed-4439d030de21,4
d6387026-a216-3289-a02f-4031416f44b4,4
ad4d33c8-40ea-3978-8411-fa909360da5e,4
31e59338-25a7-3390-86f1-6d8ba2d089db,4
9fe1f3ec-a973-3e1e-b7de-9f843e10efe2,4
a51fd291-bc1d-3798-961c-1a5fdc5f38a2,4
2b849a40-94d8-3e99-b59a-cce9e9e0c8c5,4
7167f8d4-b688-3a84-8f77-03b3ef6b24a6,4
5d981e25-d209-3eac-8288-619dcf1fbecf,4
5746392c-7d37-3b44-bc87-691e52f0dde0,4
0c252d56-33c0-3ae0-a1a4-dc84b44365c5,4
90f30272-c81f-35bd-a9b6-dcf504dac6b0,4
07c30daa-6afd-371e-98f8-41c916af9e0f,4
48200a07-a35c-3b93-9c49-b3bb0fafe43a,4
fcb8f1f5-d0d8-3f3f-bdd6-7ebd63fb5234,4
4a4971d3-a619-310d-9513-cdcf93b6877e,4
c9f95ca8-37ed-30f6-aa7b-5890d6cedba4,4
459beae5-b365-330f-939e-be9a974a9665,4
979a9574-c3ac-3e47-b328-25ce521a19f2,4
b86963fa-b342-38a2-8eb9-bd27351c860d,4
5800eb2d-c758-3c0f-a5e3-2e80e06d25af,4
9a796934-09af-36f8-a7f0-479e3ce75c4d,4
a3a8d061-5bc8-33f0-b9f4-d70b1980884f,4
8a963dfc-def7-3064-a1d6-3a23f5b537cf,4
5b4956fe-f309-381d-9db0-6eb5ea050765,4
f7c2e8a0-2d3e-3877-84a3-ca002e2952b2,4
2761a738-7797-3ef1-8555-49584fe3cb72,4
e5fc936d-4469-332e-969b-93798fb3092e,4
e016dda3-162a-3228-a24c-5b4cf22ccbe9,4
c8c85a1a-cbcc-3eb3-ad1a-6b36a1fec043,4
f89fce90-c6b1-3d5f-adf2-729f8d1c12e2,4
4297f071-213c-3953-b671-f1b159548713,4
c26c360f-643a-34ac-a048-2a1013609f5d,4
068860f6-7bc0-3259-9e35-c031f94e6f15,4
a2a64743-e980-3257-8975-ec25878317d3,4
62c02b96-8173-3550-9bff-b063d59661ed,4
a34ccddc-68fb-32c0-8d69-f9742bcb3fa2,4
d45485d0-6735-3900-a2a8-ee59db111f75,4
4a540ba7-7d9b-35e7-81f0-a67f296a49a5,4
18cca027-aba4-3274-a0b8-18091e852c98,4
99061ad3-3802-308c-bff8-87c6b90228b7,4
0c72192e-bb5a-30da-ae5d-66336e34a352,4
1e980dd1-3a3b-3ae6-bd2a-7de1e208269b,4
3af16a05-bf25-34eb-af8c-89e40e35dcd1,4
723ef6f1-a506-30c7-af77-e9e518f8751d,4
e5dfd7e5-cb05-3355-9be8-820b96da0d74,4
a45c02ee-bfd2-3072-af33-7d98f4294574,4
bfa5e1da-8f8a-3e77-b814-70634ec34fca,4
86f88e1b-006e-3106-93d8-b9e99a5df6e5,4
4fb28906-19f1-3a6a-a76b-fcb7ef6252fd,4
440a2685-bfb1-3104-a49e-5d0b2685f819,4
78da55fd-ac79-3679-8e8b-2bb073164565,4
a0e8a6da-9fc7-3237-8e25-5202c0850796,4
4f183e92-c4d6-3641-a750-d640b0ac3973,4
d07ef005-688a-34ef-bfc7-ac562b0d7c7a,4
1ff82360-5e47-3f08-a1c4-84e6e7cf2b7e,4
e8924048-b039-3371-9358-938c50c6b429,4
a6a362a4-efbd-39d0-8ad2-d92a7ccf9941,4
7ca6ee59-598c-3b11-9f4e-b1c49803252c,4
a5d122e8-ec38-3b2d-ae76-e48c73271311,4
176a926f-ec5c-3f2c-8617-2dec33d23b7b,4
b4352001-c1ed-36f3-b81b-d3baf3ef61d2,4
3201a8b2-7624-3496-90aa-f63aaba64adf,4
de0da36b-e688-371e-a75f-8f41f4baa8aa,4
375d6b47-156c-3c5f-ac76-1d13eef3d270,4
50f15fdc-9d67-3294-9b25-ef7ec212fa76,4
66c45107-8866-33b8-aa1b-118587026191,4
d4856242-d642-3a39-a70b-445094edebed,4
f588afb0-cb35-3a8d-a666-b15db10ad24a,4
f11f0bad-73a7-3c7f-b074-dd0f570a132d,4
92699e75-e21c-3d78-8d15-61044f877b21,4
22b6ffa8-d51d-386e-91df-fc8f87ac31ea,4
1ed444eb-a770-310a-a425-7a95bfd55e62,4
0c48ca2c-4c71-3817-bac3-341b491bdb62,4
1b196828-730d-3f45-b26b-746a245df678,4
c4cb8e48-ed9a-3dd8-a28b-9889722698a3,4
d0c91484-49f3-324c-b6cf-8c82392e8262,4
1b9fa2a8-777f-338e-b715-c7211f5484b1,4
e41b3849-2f6e-30ef-baf4-433f6e761a19,4
8e50ac02-ca02-3e9e-84b8-cab78d09111d,4
2b757246-2602-3b14-a5a4-2a9b74e6fbe4,4
3ae5febc-7c7c-3a0f-81ea-832acd862b7c,4
ed311800-9a8c-3601-948b-211c304d083c,4
c166b291-46d8-3182-b01e-dc2b2453ab5c,4
0edb139f-70a6-3757-b853-f1c7e1c11fba,4
3c90a726-1ad0-33e7-bbb1-59b8a35ab830,4
8e9196bb-068d-3857-a14d-ea1e5ab8bf27,4
677626c5-67c4-36ce-b82b-c4a308a6643c,4
281ef939-ab14-3c1b-ba98-7a2a2b11a163,4
305d76a1-ce7e-371f-9959-e5e4869ae894,4
0a1c4801-5e3a-3dc5-8a4b-033271a5d5c2,4
4328a0a7-cea1-3483-b58f-5ba0c36e366b,4
2f574ee2-c709-3aa7-ab74-9ab485945222,4
17a046b1-0038-330b-83ed-17ffaf10555a,4
32fdec24-287d-3cb7-b8e2-b2ed58123f31,4
2059d15a-932b-3660-998e-b5578c5ffac0,4
b8e43a03-ec56-33d0-8a28-db5486d8788d,4
e0ade7c3-3bb7-3e7e-8077-acec8a63897c,4
0f539e87-cc40-3890-a7d2-85f5b420f614,4
2d5489ca-47b5-388b-931b-d73caf299a04,4
540070fc-b448-3f8e-a400-64c61a3229ad,4
89229635-031e-390f-8d6a-880e958baac6,4
c8f72f0c-8763-3c39-ab17-91017b710baf,4
4975344a-7630-318f-888e-d637cfbe5fcf,4
ccc761ed-2d4c-3c10-8e88-d03a544ce5e2,4
414b2428-eff1-3748-8262-52160c3668b7,4
8c7b6258-607d-3d31-bc87-8c631972a7dc,4
5122371e-8d87-3b24-8dfd-ba54bea957ff,4
f3148578-d125-3f02-a4e4-47147c8d0f85,4
8ecaa4c5-e02e-3020-b6f7-7a6247afbe7c,4
657ed562-ad6a-37ad-aafd-67408444259e,4
aeb92d54-9906-3225-b254-5be8782ccaab,4
4cd8426b-f4c6-3dc3-8de9-f4163e5d35cc,4
6d1020e4-04f6-3b06-84d7-c0be80725799,4
cbb3ed00-542e-39d7-83e0-4507c0c73a1a,4
ea4af4ed-83be-3558-9e29-e299b300b4c9,4
ad1dbf68-51bb-327f-a1f0-44daf5433dca,4
1c0273b9-1c0b-3388-b555-114e10fd5ac1,4
e61dd18f-48dc-3ad1-ac29-2c69aa37a815,4
7a9681ab-ba57-3149-b48e-0d1784b058f9,4
c61c6011-8f22-3a4e-bbb6-9f10b459844e,4
d3a50651-0159-303d-aa16-51566288c098,4
20ec33fc-ac12-3a7a-88e5-ae04a295f931,4
5a070819-24fc-3228-9855-24ef61397ea7,4
19236c61-d1b9-3b70-b685-0fa5b9fc07ae,4
5c595554-6d0d-3b23-8815-3bcdf02e4391,4
e8f8b6a2-103f-35a9-bbb1-736b29ecebd3,4
8af222aa-8015-39e9-94a6-5db18e195110,4
7a9ac6f6-16f8-35d9-a2e3-8e9cb5f2194d,4
a72607e7-ad33-38bf-bc8b-bfc1f9b5df88,4
cb3dfde6-179d-3e90-9a8b-95c953b5e2ba,4
e960d3dd-9519-3363-8811-9dd297fe1e03,4
d38321f1-b9ee-3f88-ac3e-d6bc849df79a,4
b410c9e1-ac55-3f02-9ba7-78480b89f9b1,4
a41ad4e3-9dec-302a-bc7e-6fdcdc92504c,4
e6fcff75-6c30-3a86-8088-cf7281bf09ef,4
f69e5054-7be0-3c85-9ecc-d1525a0d80d4,4
10f0ffc6-5eab-31c9-9f92-ff6a7631332f,4
aa6bcf7e-a971-3c34-8013-c9623a5dd8ce,4
243accc0-8018-34ca-9595-3b5f66675503,4
8123adf4-bb80-390e-a702-89586aac582a,4
724add3e-62f4-3623-a04d-ab8496ed0764,4
df118f86-381d-372d-bb5f-c66abcf79f4a,4
0e76721d-7435-3510-a7d1-15f082b967b0,4
2f5774b5-2ee4-3518-b881-b5191773ba7b,4
9604f83c-3741-3cb2-95bf-c4e42e40edf6,4
db98da5c-de0c-3dea-9e10-289e672ef3e1,4
474394af-dda4-3f69-ae7b-4bf63cebd30e,4
cf98bc58-a03a-3daa-8ab5-7621052da660,4
937d39af-4da0-33f6-92dc-148dd92c1069,4
64cbaf99-05a5-377d-90eb-958b5c59ba02,4
defc1159-81d3-32d1-bd54-07f95b26a611,4
cdcfe95d-cc64-30dd-8bd6-4ad86192bd45,4
c2300b5b-32d7-3006-b379-e42c19188c4c,4
76b42494-c28d-3e58-94c5-b476d4864f26,4
89852de1-e712-3343-a0b1-48b9067abb6d,4
60c74860-a113-3bb1-9e54-fd43a003682d,4
432dd9c2-4b98-3665-82f2-dbfacf40b96d,4
7d31844e-13f7-36e5-9d48-759431c940d9,4
37c946e3-0826-3496-b600-73d7eafcb151,4
7376140e-6cc7-3be7-88a8-c498418005d5,4
d2cade1e-4195-344e-a1e7-0fc684666762,4
b7544f0b-353a-3d56-9441-1f031fd32c68,4
a985c375-e9be-3ff3-aa14-f1640b10349d,4
8a9cc2e2-eb9a-3e8b-b0c7-b4022f8018f8,4
92acc23e-0ab9-3b1a-9158-9055f6d5a351,4
b8858666-00a2-34a6-8f4e-fd94a2f2b080,4
7a3ba25c-f8bc-3ef0-8d3d-0bb6e5742fec,4
eb761111-b458-3bf3-a245-c100c61e6d7c,4
c79d6b9c-6b48-3f05-9c27-f58188473048,4
948fe9b7-ebc7-3461-a8ad-f2378b99b1f3,4
9ecb3382-7707-3b21-8472-7a2229a767ff,4
2b779106-e253-375b-991d-dc389a2242f0,4
ed20ba61-03f3-30ef-88eb-d838acabce19,4
bd3c6223-8120-385e-9a1f-e9df88202581,4
9702f1f1-bf85-37f9-9301-23793a3da34a,4
c11691de-4feb-39c4-b913-3a1277d0792e,4
2a3ee118-016c-3c0f-a454-f2f2d6aa06c7,4
36ab228d-86ca-3e12-9870-d255a71b5d53,4
dc664272-a90a-3d8c-9b2b-22d0c32ee57d,4
49f5877e-a3f0-376e-a0e3-15060ecaaad2,4
e484842b-2a5b-32ef-8be2-c5dfc16a5ab8,4
eeb4ed7b-c73c-35b2-b6fa-da3b02042f2b,4
64b07df3-aa39-3c36-bc96-957dfd0f1360,4
1154c375-412e-3651-aecf-0158c9064708,4
4c7f0379-64b9-3b51-91f0-416f98ace573,4
d5bd56da-fbf2-3334-b9a0-2530b28b09b5,4
7f05fa15-1b92-30e5-bf72-6efb0205fd27,4
9499d7fd-3640-34d4-9cef-1ec14d941c12,4
e301b5c9-be6d-30c3-ad69-f62cca26341d,4
0468d07e-2527-3034-a7e2-08ac28f481cb,4
9f3c2e17-25ba-380f-b569-7bb1036ddc8e,4
744f2788-fe73-39f6-8f2d-a2e9fbd62523,4
e56f16a8-4431-3152-ab45-7579238ad3c3,4
cbc17a74-b345-365d-8faa-86c3ea0e9718,4
5849b2b9-9832-3d5a-bb18-ce580f6b48d2,4
00ad2025-11ac-3ee7-849c-d18bb11d2ec8,4
78939ed5-ee50-3976-88e1-5e6310f4afb0,4
ac350de6-1406-326c-a0d3-fb2c9548f334,4
04c4af48-d75e-31e8-a9fa-9eebf920180c,4
e8ffe636-9406-3c3d-9b81-61c3fc3fa9ba,4
5462fcd6-f390-3bf7-b403-48a7546a3d1c,4
b75924d5-a22b-3cf2-b50e-74c99143300e,4
fbffb09c-bb8c-3f2d-8e51-65bfbdce64f2,4
d2ec8a87-a7c6-343e-ba73-3615034ea57e,4
cf454e29-bc8c-34fa-b1dd-a2d8d06e5f02,4
2986974c-7d55-3c43-8144-14c810cc73ac,4
f4d0962f-b382-3a28-99ae-d1259b4f9981,4
cbc23292-23b1-343c-af74-87d3299ff65e,4
dcaf982c-d95d-3257-9a55-f55cf7f71ce5,4
6b0060fd-059f-38b2-b3fa-05fac69379c4,4
4c2a7b76-9867-38d4-9a41-ee039c817db9,4
41f316a9-83ed-30ac-8b85-6d526029cf38,4
0f9bbd6a-7acf-303b-b5dd-cf584b1b61bb,4
20a94cf0-32fc-3a3f-a64b-e67c4542988b,4
6f7f8650-822a-3614-bd93-9927bb020384,4
b3653113-5ab4-3a2f-b9a2-0592fe056930,4
e95b5104-4e36-39f3-a240-515a83b31db4,4
b96b2244-a5bc-3d73-ab74-1c8d37ab2ef6,4
5bf5f389-6bfb-31a9-9c75-0cf9d1af5e34,4
f1399427-4716-3b43-9668-7df860458a6f,4
c4bdd991-4c45-38bf-bdf3-da04010e43d1,4
d6b43c68-bf3e-31ca-a860-589256cb6bd8,4
ade87d93-0620-3127-ae67-fe6ac9dd72c5,4
f7cd1bba-529d-3821-b29c-3d3019e202d7,4
5535823f-2605-3513-9726-244a2f607c06,4
dfa1a8d7-c8ea-376a-99e0-b20daaffdd6e,4
ae7bf9f3-02fd-3c8d-b327-757a419b8274,4
f19b0aff-e6b9-334f-ba99-d1859f73496e,4
aebd3304-e532-3ad8-8bbd-2c26962f7a10,4
4d94d928-cdfb-3cd6-a8d4-5a97524dd864,4
0fa93ff6-4a6a-39b6-b21a-e00863d444de,4
405f13d5-8c68-38f8-b8ad-f8794cf6de59,4
92d0211c-4240-3745-8a84-69e4a80c0430,4
f90e4c64-ac5b-33f7-ab40-ec3172f8a832,4
6dfe876e-e1df-3c9a-9e5c-548e2ceb0a1d,4
6f3fe8e7-8ed0-3176-a9eb-900abca25107,4
c6b367bd-68ff-35f4-8d01-f88d803c9f4e,4
c4991e8d-f96f-308d-a506-e6717162adca,4
387e212b-195e-3e40-ac78-5493ea5186a6,4
1d628d32-e7cd-3324-a781-f1aceccd77b4,4
7142f919-c7f6-3870-abef-bab2bb8c20c4,4
b3129d14-7d6c-3512-873e-f44febf9cb06,4
72897c78-f0c4-3999-8a84-557052945f91,4
8eac5409-8021-346b-9176-a11924984b7e,4
e22a5556-1731-3001-8f96-9f270999126b,4
aba70111-ab4b-3f7b-9bd8-7a52b12c9e31,4
bb6646da-e232-3e5d-abde-95a62501ae23,4
00242907-be1e-31ae-ad01-e03c648aec7b,4
422c414c-30c6-31fa-993b-781becc82209,4
25869e60-6302-374e-a15d-27930972ac96,4
2b38ec47-a182-3a7f-95f0-083c9c94ed87,4
fec08b93-13bd-32d6-a76d-8e29e61bd113,4
89d04956-f63f-3295-b514-b89ae9591a96,4
3178fcb4-3ed3-39f7-9493-38ed2ef4af36,4
da7b140e-a200-3f96-876d-9ee7ded9bac0,4
2d3c6ca7-f98a-3d30-9236-396937092844,4
0d36fcd7-5412-3e78-a316-632b45bf1fc6,4
bcb076af-32e4-3da6-9b80-d51aa1aeb4c9,4
14bd335b-c048-3c0a-be4e-b504423efba4,4
ee505337-757b-3ac6-885b-babecc710f9b,4
9a642cb7-153e-3217-aeb9-9f3b749028de,4
72c46a75-36d6-3efa-ab5a-2fb9bc1deb40,4
76d701f3-7da9-3971-9f04-e8cf1655feb3,4
30754688-54f4-35f6-a51f-61f74e8e343e,4
f6cbb17b-8aff-3fa8-bcb0-3dba3fd9eb27,4
734ee895-044b-37ff-85a1-2c7871fb2a71,4
71619f50-00eb-3ba9-bcfe-acda979a1a92,4
0f955ba2-685f-3032-88f5-24422677c50b,4
f89e89f7-0b8a-3aad-8007-e83d1800448a,4
7d87be59-d5f3-3d67-b018-47a46b402df7,4
15889359-6411-3c5f-a252-c1592425d27b,4
ee20c8f6-320c-3a6d-b299-84997756bfef,4
f27f92fc-a269-331b-b328-a223a8905cb7,4
252a3d49-c400-3654-a397-771bd57906d0,4
62d9dad2-9ace-3ae2-8374-a8d48effc74b,4
df71c801-45b5-3fc5-a0cb-e361a3b4be5c,4
8d7c46fb-dc67-315b-b8f6-0bf6df6cb745,4
36e5474c-ca2d-34a0-96ad-450e27624d68,4
b99fc4a7-de41-3647-932b-f8dd7038914f,4
64079fd9-7a48-3b65-8bad-df29c558378b,4
79338204-3b10-3828-b3ea-cdc7bb0e3335,4
e68ffb97-0901-3025-9a49-3a160459e548,4
e1715fa3-c933-35bc-acf3-217c2ad7dc26,4
f1a6aa07-cec4-394a-bf20-765240f48fdb,4
c78b697d-557e-3f4c-b015-973e67084d89,4
92dcd1b0-fdac-38ba-92c8-43235421f6e8,4
78bada68-7acd-33f9-9cc9-64e6b244965c,4
828bde24-8354-3d86-a2d7-8ba86dfd8d40,4
6f441820-ec4f-32ac-9a23-b0348821f88c,4
f5ffd5e1-dafc-3fc7-a052-f337444a5563,4
52cc0422-31a4-3aef-873b-b79f5a0408cb,4
812f881f-cfe8-3272-94be-6e91031a4487,4
3eb5b1e9-b0d9-35fc-ad7b-ed112e92f5c8,4
b275f3cd-a764-3fe0-b238-3f9979aabb40,4
552536f9-6000-3890-8903-90d1d99989b6,4
0a29e45d-57cb-34d5-b3f1-f27d44f3d0af,4
54a82725-87a5-35ce-b7d2-949a4ff6aed6,4
32c088b0-12e9-3d39-a113-0c240720afa5,4
d17c5860-10c7-3032-bae0-6dc6fe7f60e6,4
71b7f957-47b2-3d40-b378-c5ef6f70d5a4,4
55c37065-a913-37a2-916e-8a834bbe9ea4,4
564914c8-fad9-3f45-ba87-f7111a4073bb,4
ee7ccc72-fca2-3b34-939f-eb745b91d1db,4
69a97e3a-5e17-3f6b-880e-232fa6e09646,4
e48be673-499d-330e-b855-b6de9fc672d1,4
0fb5d84a-e159-3751-9649-b5c9d84d7068,4
59d5e680-28a4-38d9-ab32-a90fb1dacc66,4
f8482f59-ac4b-3649-bab6-275f8d7c41da,4
1bbdab18-2708-341f-ae76-79e6b41366db,4
3138031b-5451-3525-8359-a563adf7202f,4
8716d62c-d488-3214-a8dc-17da226ffe35,4
d4d2c039-4183-3225-abda-3362417468bc,4
bb4300e5-e70c-39fb-9a5c-c5796cb6a304,4
5910fce9-6724-327a-89eb-fadcea2e53f0,4
82ed833c-f9ec-3423-88cb-842a08bc6c9f,4
58d1ed98-a9e3-31da-a2cc-403948b5494a,4
7e1d2d2a-e1b1-3e8e-b31e-f495a8fe6740,4
93a83c65-d903-357e-9b8d-250eeaad7051,4
97eb94a4-1ec3-38b9-9dfd-f416fdfabe48,4
6f871685-b227-3d07-8d76-de5862e1ae1f,4
3d9d0ce1-2c4b-3adb-82b8-9fd4501290e3,4
af3da0c0-5e04-3ae1-a7ea-e9656bb3e5e6,4
41a0e152-5692-3768-b6f6-5b1caf7578ce,4
3b19980e-a4aa-39b1-8ec5-1e550279a2d0,4
6d40b141-c8ad-31d3-93a3-a2ee51dcc57a,4
1a396aed-1617-37b7-838c-c5dcb9403cf1,4
70c6a18c-15ce-3295-b8b9-eb5841ead7da,4
706a6308-28fc-3311-9072-43eaefd74d8f,4
4f71112e-7099-30bb-b60b-9b1b80366cde,4
093b11f2-17a3-3586-8d2c-0d278ae79464,4
a116cb76-2772-37b8-b6e4-d7ef745e75c7,4
b8f8403e-c0f9-339c-af2a-726858471731,4
3c230442-54b7-3d84-8c3b-ec3de3dc2bbb,4
339907cb-5b32-3448-b78d-0a1343d1263b,4
4dffc751-d26c-3f2a-aca4-fc87acba6173,4
9f471cf3-fc10-32c2-a5e8-a37e1ceaf65a,4
855c43f5-53b9-39c2-a5ab-3d9ebc7aac94,4
5dc49221-fd0a-38c2-bd46-e608bee35a24,4
a6ef65bb-1df8-3701-8bf2-e37102456653,4
bbb527bf-7ef2-3992-8e32-bc8e33be9369,4
0f6a7d3b-edef-3406-9db9-e7ed787ffff4,4
18bd1c97-1f2b-3bc3-a6ca-2ad5111de0b0,4
32f408dd-21d1-3550-a91f-fec585529d5e,4
091244d3-2885-3550-adc7-19dbdda9677a,4
10a62deb-9b89-360c-a6b4-fe606356d54d,4
4e01172f-dfbb-34ba-bc99-583426283cd6,4
85fb2e49-f02e-376b-830c-2a07c1b18f21,4
37a6d600-782f-3f5a-9977-82ed50d6c232,4
fa4e27dc-9f00-32d8-ab50-082005cf4d9f,4
7c275195-0fb7-31f0-896b-d0f90577003b,4
34e799b9-4115-3536-8a24-6a98082501d0,4
c453ceb4-bd7a-3cef-8862-1376e67bf69b,4
364af41a-9c84-3866-8ccb-0260968a5078,4
5bb81c79-6446-3d5c-954f-2a457a73e013,4
c141b8a3-5b5e-3ea7-aa52-49d465c0be0a,4
95610472-5ba0-31ee-84c8-a7c22dd1cad7,4
427ea409-f234-305c-a024-989e7607d07c,4
7bce5038-85f8-3489-84fe-8e9bfbe915e4,4
aea40162-7606-3fe7-a02a-796013076de7,4
029a2116-56e2-34d6-a83c-a06d6fa4992d,4
23e01660-cae4-3c07-82eb-28290b691bc9,4
79597a3c-c7d1-3938-aa63-244dbcf12428,4
c0519dee-bac2-3fce-82ab-958f6bf84f2e,4
6e0d305e-4b33-3cff-9c4f-2b7f3b5f5771,4
72766be4-a725-3713-9f5d-edfdbc7f7c02,4
47b0d680-3843-3ecb-bcb3-4621b2395643,4
6ef91cf0-4d6d-32da-b2af-a9bed2de99a3,4
a1d244a1-a2e9-36c7-b4e1-84de0de31db5,4
88c8f9fc-4a5d-3e18-ad17-b28e2de28cd3,4
eeb8338d-8899-3442-96d6-1a996e5cf8a5,4
b897fa2a-678e-3ebb-80ec-f3abc0ed0103,4
45ea8df1-183e-32a4-bad1-ff492b447126,4
93cb084d-ec36-3a52-bd74-b03e358e21cf,4
17b3c851-e3a8-3c68-8679-5d4159806b9c,4
05e84f2d-8143-389c-8b80-90b298dfad08,4
064f4e8d-4a94-3c9c-8c08-3db027a9f297,4
0fcaa8ff-6935-377b-a27e-f773b8fa6dd1,4
31901012-96e2-37bd-aa04-eba6b7bd52c5,4
1ec0618d-a935-3ef3-a5e9-79618c64c348,4
360edf52-8238-36aa-89aa-59179d274134,4
a65750f7-f491-354b-82fc-deb43c025fd9,4
e69896a7-52d9-3593-a4ee-f18d4a7e7c85,4
dfa5f714-c1ac-38ba-8a79-c736dc075cda,4
5bf22c66-2f62-3c48-88e1-05f03ea33c32,4
ecabb7cc-9b93-36f4-80cc-03846c570fa9,4
393a4664-0a8d-356f-bc40-2275d5560d51,4
2065fd3e-93bb-3792-935b-450fa8639b03,4
749798fb-ecc2-34f2-9f39-6911ff2ddd55,4
ebda4c2d-91d4-3f14-a6de-4a632de9607b,4
6a4d1cdc-a5ec-35b5-b266-6e86fb375ced,4
8e421ae1-e244-37fa-8e80-2276e60974c6,4
20719bc6-017c-3aa4-8d80-5b089c130943,4
29f52d71-f26c-33ff-acb9-65eec10823ce,4
cbeb84c4-25c1-3c15-9b10-48c217c06201,4
45a3903c-85c0-3ac5-99fb-431d6ab838a3,4
d9049f5a-e29a-3d55-b5da-1304672467a0,4
9f9a0c88-20db-3582-97ba-53e2c1637dd9,4
89cf1a2f-4444-3388-8340-ff5ad7931b12,4
6724a9e7-3393-3e51-b308-fd7306170cfb,4
b4e4e68a-b4f2-34b2-8458-1fce3e24b585,4
76ad085c-8bdc-3b98-b18f-0e58f9a7c876,4
be8a2b79-8020-32ce-97a7-e9b829973e47,4
2e221f25-efb7-34c8-a1a9-a2d9e2d06779,4
23016f23-5f43-396e-9060-566afff448b9,4
a2cce42c-5360-31ba-b0e4-7abcb503d760,4
54b0ef2f-95ee-398f-8c6e-e6a232b473de,4
907befb2-f68a-3c47-aa8e-38c71f7c2d20,4
afcb086e-bc46-31ff-a04c-7fab83540ff6,4
3e6f8b9f-e928-3cc5-b4f0-e7f5201ca93a,4
f63602ff-f7ff-37b4-a28f-21a9ea134086,4
5d10b9f6-c3ec-3b98-b4ef-c96e3ee10962,4
d501a851-c058-3ab4-8d62-b4f931670ead,4
89215d20-afb5-3bfd-9dec-b323c60bd840,4
90ff3940-0e00-33fb-af1e-a9e0c05cc740,4
84adc6c7-0e0e-3fb8-a421-0dc02d9dee78,4
fee44b77-91f3-3a4d-98b1-b6f94264638d,4
55fd8f6c-93be-33bd-b6d5-92f322d5bb96,4
0e46785c-affd-3d66-a02b-ebf9f7ed033d,4
2a84ef40-f71c-3b13-b1f5-049705be3ead,4
34dce0f9-74a4-38d9-b3a0-94857231c026,4
5929edf9-759a-3394-a333-42f4b94a794d,4
878eab06-6705-3d1e-9789-0febaa003995,4
a0b53776-e120-32b3-afe9-cd597a144d79,4
a8d6bca6-6c16-3d4e-b9ff-b6133b65d7cf,4
86bc050c-3bf2-311e-a1ba-2e709a5d435f,4
55d12522-066a-3b49-9b17-5d2c44cb8ac4,4
f848b541-3ff6-3052-b795-c1b9b58dfa8c,4
671099bd-24ba-3039-ba80-b4748fcaa460,4
ce82a6d2-ff64-3af0-91b7-b79f0f8201f9,4
9b77f18f-4826-3778-9450-acd805d7cf13,4
5b26e767-7f76-3fa3-9783-768d116db17b,4
64596b16-f2ab-3a71-aa02-7750e6ee9397,4
bf5ff6a6-389c-3129-98ef-08539c11f115,4
99abd142-6113-34b9-824e-86138e198dcc,4
d09d3ea3-65da-3921-a759-9f32ad192bae,4
e6408066-b31e-3cd8-b788-afd375315e30,4
865f3c61-6c99-317c-b384-5f29e50efe1e,4
94ef12c5-7085-32d3-b97d-3ea22aac67ed,4
9f2133ce-bf13-3ddf-b805-dd7a1f9bfaab,4
6c42ae4f-65ed-37a5-be7b-087c36b8b7df,4
0c001daa-a6f7-3a20-ad46-d247450ee913,4
fe55a2d1-5813-30a0-a480-215a2fc3648c,4
32fef720-bf65-31f4-9f56-c0c9af99fa15,4
ef4154ac-a54b-3510-a40d-2fb0cc12c3d6,4
00b602eb-4015-3269-b5e7-46b3a7ff0c9e,4
dfc094ec-467e-36f9-bc6a-604afdec899b,4
179b33e1-5e73-3afe-89ad-aa4a7923ddf6,4
a8ee3b57-8796-32c1-8c54-130d11804559,4
6b4521df-d5ff-3141-bbe9-0b9dfc1f2de7,4
df57f438-b4d4-353c-8311-8edce6cc951d,4
c4015f45-745a-363d-9a48-e73b8dfd9a6f,4
88c5dbfc-226f-316f-a7a0-1c202d37f6a0,4
a14be066-cc7b-388f-bcdf-600ce501b25e,4
a23fe1b8-679a-3af0-adc5-ec93515d681e,4
caa48618-39af-3e9b-b766-5d3e950797ee,4
dd13900e-189e-3af7-804b-98a552f20508,4
b389c992-695c-31a8-b16a-d20ae4bdcdda,4
490535c3-fedd-3888-91a6-000b331f43a3,4
29daaaa9-779d-36b6-a196-91a2af3eaabd,4
909c8365-607e-3735-934e-51dab841cdd9,4
9f4333d9-0c88-3532-a6b7-fea97f9dd5bd,4
e407b5c8-762e-364e-8a76-8d03e270a580,4
3a26267c-df6e-3c9e-b119-4d81845c2b25,4
43bd9274-f38a-3f85-bfeb-5562fc94d26f,4
0cb5c94f-1c42-3165-9688-91c8acd43bb3,4
7fde0686-72fb-329f-909d-238c5912f229,4
6d817e5d-485b-307f-b254-5b4ea40955ec,4
938d32e7-d6a4-3ec4-8d74-682a7cef9fb2,4
dc88d64e-7994-3673-91de-6f9edd051f02,4
97117d8f-19fe-3885-bd63-50345ac1a67d,4
a38c68d1-dbaf-3a2b-a7c8-29949393b78b,4
e127a5b0-1cd7-3c7c-99b7-5b62fab21fa5,4
33ed8e04-a1e4-32cf-aee5-41cbd9241bcd,4
2e5774f6-cc7a-3055-96cb-565f2e778041,4
c757fb25-326b-36b6-a657-42f49d20fce7,4
f5736128-0721-32a8-9b7d-5ec672868356,4
ed959131-7b6a-341e-83cb-4713c402a370,4
a84eb01b-2e20-3fea-8563-dd9df76ac1aa,4
3a3a43a3-767b-3606-924c-97b14adf3364,4
7b0b28e7-d7dc-3d6e-a701-633c5ca02e48,4
9f6f9176-cdfc-3d32-a02c-456a616d06b4,4
3ef02f8b-2890-3cf5-b98f-f4f6170464d6,4
8218c41c-4b6e-3d74-b37f-d268e6bab333,4
8cc101a5-90eb-385d-a36a-989035da5dbb,4
5f4cd851-9652-3786-9657-6f7e873ab7d8,4
db36d752-fff7-36b8-a9a5-94cbca5af970,4
1aae1eeb-7b00-3a87-8947-00e2a70e9df7,4
39f1ba53-8878-3465-b24e-10f9c9419da0,4
53ad626f-e35b-3b6b-80ca-6bf78a4afa1e,4
0d64cf3d-4eab-3879-b4f1-bc56d97be2bb,4
44240b89-2b5a-3569-8ee5-71f0c26ac95d,4
2ecdb354-b966-31c1-9683-7a70e85c37ce,4
ec3192ae-7c54-39a2-9fd4-3f6d3c072c05,4
87cd007c-f24a-338b-b6f7-a40e87d8ddb0,4
ff20c0d9-292a-338a-8626-534d7951d0fa,4
c03b4b38-010f-3aa5-8294-8cdfd7c005a8,4
520cd1e3-2ad5-3afe-bf8a-03484c518d63,4
22666b9b-3493-3030-b171-92f0ceb93e84,4
b7685898-623e-3bd9-b7d2-d3575b6fa775,4
18cf465b-8eeb-3dfa-bac7-c4283957aa95,4
d3193d71-1424-369b-ace4-38ba19b42bf6,4
161d7d23-197d-3b11-a05d-e2aa8cdaf715,4
38056374-f61e-3897-bfa5-437db050e49c,4
259d5b76-4a44-3b2e-b40d-78ca468dca1a,4
1194413a-83e8-368e-8b79-8caada2d25cb,4
729c36f9-1455-3e0a-b72e-5dc629f66ffe,4
bfa180ae-417d-36c0-be91-25d05592da07,4
80b202dc-92cf-3af1-a1c1-c5fe6d047025,4
ed92e303-e36b-3249-8725-90d57861105c,4
82219e9f-3782-3a37-b32d-aa5af4f43ac5,4
26ec467d-ce81-347a-a9c0-9362b3056198,4
ef8b2817-fa3f-34ed-a646-18b9121562c7,4
f5089a6c-8aab-3427-b850-748269e3b209,4
203b5f9a-1bd6-3624-bec0-9564d61d0d3b,4
920ba086-b0ad-3df5-bb78-73ae434b9576,4
67dc8a96-7e0a-3100-bd5f-cd8d1ab704fe,4
fd1e05b4-b1c7-3158-babc-f9ddc42f2b66,4
bde48309-a9aa-326b-9cc6-1b6ee87331be,4
f6f00baf-576f-3872-88d5-063b91d88482,4
b884c527-e776-307c-bb66-6b9cc4cb8afc,4
5e601613-20a9-3d83-8bde-6b740e39e768,4
561dec69-87b2-3e6c-bce5-9b38bd99f530,4
f2e4225e-c6dd-3a5b-86f1-7d9c76a6c26e,4
ce5e2bf0-384e-3f3c-a29e-9983798548b2,4
49d3e5ed-a313-3c85-b5eb-02f86bee163c,4
4c4b704a-b98c-33e2-b7f9-c110b14de57f,4
cbe1e1fb-08d3-355b-ba0e-389921a98a92,4
5bfc74c0-4b6a-3c70-a183-02582f7e4379,4
5a7cef85-c8ac-301b-bc3d-5395f09200e7,4
359695d6-82c1-3f81-8131-882a9f1f65cf,4
9bdc9b24-7c9a-38fb-bd4d-f9fbf900d2b3,4
575aa9c6-5ede-3fbf-bad6-7e6d77b5178c,4
48120867-b80a-379b-bf4c-367db2cbd534,4
50b881f1-88c5-3e37-8207-0ce6a55a11bd,4
2a3fcbc8-445a-3eda-a706-de7094066bc0,4
a1dcf43c-77b3-3b23-be76-e70938fd8803,4
eec3c8cd-e3ab-30de-9f35-ed3a934a70e2,4
0a47d564-71af-3476-85ea-9642694c25eb,4
b1d341c0-d2aa-31d3-ae88-dbfc4de4bbcd,4
cbdcb501-5691-319a-8396-8bb2fa82c9b3,4
2cbd7e27-8bf9-3528-b1c1-408a6b97ed3a,4
331e8ef7-6bf5-33aa-91ac-2e74a937fa53,4
34bd0350-1687-3da1-a647-70d82de7e01c,4
fa1dd7de-395b-3fa2-886e-2e574eb731b1,4
32e2e556-0d3f-33c4-b0c2-8065f9b7b0a2,4
5d2e3b18-11b0-3794-afd1-87f7491958bd,4
25b39f2b-4be0-35a0-a390-3ca30fe5af09,4
faef2558-13c2-3bf2-bbe5-b09036a72dc0,4
ec7cf62d-7600-39ed-a7fd-2344a7efd71c,4
71ef6a72-4228-3789-a723-4ed884b706b1,4
dd59188d-6f9c-3fa1-bd93-6df707c5db2e,4
3c20999f-b589-3976-b354-60481a4ce963,4
17608d58-61ac-3735-9263-4a3006c03f8a,4
e5a32088-7f91-3693-bf53-ed96a7efb582,4
18af8d37-1a5c-3ad8-8502-55e22827fa40,4
1eae39d9-f889-307c-bfc4-260f349de0ae,4
fa7721ee-cb14-3136-b6dc-b087f7a3c52b,4
7dcf01d4-80ce-3e32-8b7c-3c20ce7f5a42,4
5c72d3a9-cd4a-39f2-ad8b-79acf615f372,4
57cec8ea-cfcc-3827-8e25-c8de7d887b92,4
97758325-a9a2-3004-8956-30172b2b01ae,4
717aa3a6-7ac7-3830-a9d0-186ea21e9026,4
1955667f-55da-36d6-bd35-4192f8ffca09,4
f47055ba-2eed-3c34-9747-34b81b14729b,4
4294f43e-1c83-3dd2-9877-fe655ba7c5a4,4
e9c71550-181f-35c4-a515-5a2a90912fd9,4
b408edc5-a0d3-3972-9676-12c7f9b74259,4
7badd6e2-2d29-30fd-acc4-baede671afaa,4
61925de4-d752-308e-b6ae-7f46bd5487a9,4
0ed03b83-0546-3e23-a472-5a03a72661be,4
930ebc6a-7d5e-3690-93f8-c5101ac281e5,4
9808a0b4-6ac1-3030-b945-2b656e322752,4
4f3db09b-7e98-3b7f-b3fb-d7508c436597,4
ed69a959-2263-3a36-9441-ed4107fdd476,4
7a4b9069-12ce-3a4d-8c73-07584ff931c0,4
16790d1e-60b0-3c77-8620-bff9458bc208,4
76c99469-b746-392c-ba4a-3cadc6e96fb2,4
e8c4b8ca-d3c8-3aa2-9497-c0acf91e6252,4
f6f882c3-57a2-3ad4-a7e1-8d4b5cb411f0,4
c7833e19-0054-339c-94cc-082e797a9b95,4
482cb4c1-63a2-3cb6-80db-937ada893b0a,4
19e70408-3973-323a-a78b-8cfb77e2f313,4
20342623-05db-34ed-95f0-caba9d01d3d8,4
c89299b7-0179-3a09-a1c8-b556445e956b,4
dcff1c05-485a-37d7-993b-969b667fffd8,4
a6e5c63e-456a-3971-97a4-e3cef2fbb7bb,4
96cb59a0-db98-35fa-a06e-c94fe5853dfa,4
0a30e219-ec2e-3e84-ace2-3de52201742b,4
4a29dbc7-72fa-3b14-9581-1e2f2cd16b8e,4
db733656-004c-3ea6-b54e-ee47988bcbba,4
1992d2b6-97d6-3ba1-9d18-ded569d3c652,4
73285826-8edd-3f1c-a585-c3688be7b588,4
8e329c33-6c95-3a99-b141-0024f5eb114e,4
acfa74c3-4348-3717-b477-32ebac539787,4
01e99576-a93a-3e20-ab60-7dc109f1f237,4
51711bd3-94db-34ec-a57c-ee8ebcf9ca0b,4
2c1b8fd8-b5ee-3675-8cba-b3b0ad1ef145,4
31f8e445-5c32-3326-a042-5bc9ad03954e,4
32bbbc2b-0587-342a-89b9-8e8924e23648,4
9fe6ffcb-861c-37f1-b2a4-3c34f4d2e80d,4
cc2f249b-ce0b-3947-9c42-0866fc9b30f8,4
35fa7353-91ab-3fdc-beb0-283cc0982fdd,4
c0e405be-de2d-3d8e-bbc3-2e87f26d7ee3,4
510717c8-53eb-3e5a-b84c-512ec9b9851e,4
803c7dc8-db7b-3f39-b980-7ceca3b4259b,4
922add3a-6ea8-3a6e-aace-7db1701fc3c8,4
2e505e98-1482-3e23-904e-d27fb40681b9,4
c8b6e820-858a-3986-96d0-314bcc9e10ee,4
14fc6b66-1b14-3d33-a62a-94198e120240,4
26c7ceef-0c6c-3617-9ba9-a38c695d7e1b,4
aa6ba310-6b7b-3ddf-a849-20b5d552c741,4
ed908376-1426-3725-9fff-bbcde68a240f,4
a0e153a6-2b10-3e50-af4a-570b402bbad2,4
40d179af-56e7-3780-b160-216a06934a04,4
70c1b818-9bef-33a0-abe3-ec0da97753c1,4
b9d34aee-102a-30ab-a12f-3b873f60ce73,4
127c3470-7569-34ee-809b-c4870689b383,4
a3e13a27-dac0-30f8-99ad-54f50d2c38a5,4
ead5ac8e-b631-38c4-b0c3-8c9492ef16ab,4
d0814014-8b9f-3a14-88ff-14342c78654d,4
61bbaf82-59ed-3595-9052-c33473fffa5a,4
ddf83127-a802-3fde-99c3-8d5ce9111dbe,4
aa674b90-c6f4-350c-99d2-d52d730dc9cb,4
7357bb8c-93b2-3855-a795-5c45a7117cdf,4
8502eb43-e84f-3ab5-93b8-5fe4b7ddf182,4
9e8f33c5-89e0-3e04-a8b8-96e310266765,4
0841598a-ae6a-30c6-9c5d-6c6aac140b65,4
e2a968a8-bd64-3ec9-9911-35693fc967d7,4
773a5393-22af-3661-9aa4-17277a40a04e,4
e808578c-0031-392f-a81f-24f32669012e,4
4674061a-a80f-3466-a475-da870278fc72,4
fd56d2f0-7f5b-3c91-8f29-e68053506353,4
cb333a51-3887-3525-b7fb-15eb524c9500,4
1c9a76ae-ae7a-371c-86a9-5d730da0e296,4
c51d7b36-3dad-3285-861a-7d4ca4024a15,4
8c2b7563-c2a2-31c3-943b-c39a76ffa16d,4
2f400873-1dea-361a-9893-49dc1b33012c,4
4925a684-9e9c-3f96-90e3-763ea71b3540,4
f2e5e1f2-b450-3353-8364-d1c8f095940e,4
cc1b0251-1de7-3474-89a9-715842608254,4
92abbd27-1d30-3f14-b066-ecb7fd848ea3,4
b0543c96-69dd-38ed-bc31-a9ad1e1cda0c,4
e9c9b397-f48f-38f2-ba91-e05ff312f9b3,4
f4be6859-66e4-33de-ac3e-f7d5fc5f044b,4
624ae656-11b8-358d-ad49-6e617a14b0b5,4
558d6eb0-8f5a-36ac-8a6d-e946a8ccc14a,4
4306175e-313c-3c00-a9fa-d82c8a7b2a48,4
77e78c45-f25e-3e12-a8c0-a2d1e3fc7e66,4
b49786a9-5ebf-3716-af76-24288376f292,4
9cf59844-9032-39da-b3ab-5f0d06044416,4
cd667c8f-c371-38e9-ac5f-1d4c07d57c78,4
a11be079-3a8b-3b6e-b8c3-f65be758abfe,4
c6bee148-cb81-38ff-9e39-41961d6e418b,4
17da0553-619d-3417-90a9-f78587550144,4
cca7beff-2ed7-37e2-93d8-287a5da60179,4
a310fdca-830d-3fb6-b8f5-633004193756,4
561b9007-a46c-3072-8ee7-8ba47cd10dab,4
b2338c71-cb51-33b2-a8a7-40f5533a6231,4
4104b88b-ff5d-3e88-8167-dfe05fb0f492,4
4160a511-8231-3071-b81d-98b87b173dea,4
4374fa9b-83eb-3013-9fad-152e6c49d912,4
98ca685a-a475-32a6-97e5-68975e47db9f,4
14b20f8c-6971-3918-b4d2-c14772751df0,4
5867371c-3506-3f74-87a4-09a7fc9b024d,4
a1617bab-ef31-311c-8568-c1debf0fb603,4
8ce001de-12e3-3c7e-b151-9f51507edc76,4
9919f0af-d1bf-3141-adaa-88baec9f186f,4
f3003a07-c996-3117-ae1f-a4f24b16f41e,4
8b7d06f4-bcdc-3c97-8270-fcf218a8a891,4
0cd0f31a-0ea5-3bd9-b6ca-faac1efa7610,4
ef14eb40-0681-366e-8242-d98131558fca,4
d2bc65a6-20f1-3272-ac0d-c2be990cf27a,4
ccd9fb14-e446-3ee5-9936-64fb1689a14e,4
2a69de97-2bf4-3111-b47e-c42388457c29,4
b58aee4f-9a2f-36d1-8a13-25a2a21374a0,4
ebe72343-7c49-314f-8f5a-5d1c34d51acc,4
263f593d-5458-3d78-8628-14a88ab565af,4
697c4861-121c-30cf-880e-3feff09c2444,4
adae8ed0-1fc7-311e-a9f4-92dc46a051d1,4
41110206-d776-3ecf-9314-f4b9f823e7e6,4
15e04806-21e6-3773-b116-c710e200fb78,4
af7bfd03-29ac-3406-9c93-f5fe348a5ae7,4
82140220-7024-3f0e-b898-c7ce81b7593b,4
097b51bd-7180-371e-9554-fe0da02b57a9,4
a997042a-3a90-3804-b0fc-220ed53b8778,4
38f15d00-a6e7-3560-aaee-aeac6fca7965,4
48dce1d1-6a0f-32bb-b72a-f69ed5ce18b0,4
8b4e42d9-058d-3661-b5f9-b9545bc28594,4
6a572b29-200d-31c0-8edf-d3c909e4b3b0,4
8172c559-19f4-3a53-928c-123df2e7bc9d,4
9f705361-c889-3fbd-bed4-4d1a32e23962,4
1a39aa6e-fa39-30b9-9f5b-11ebffdf2a74,4
06a5d487-1b16-3394-a9bb-f2d064cd14ac,4
2637c78e-24df-3190-91ee-1bf9f3c3f8ea,4
836a23a8-a726-3b5e-b06a-964f7299647d,4
ae3bc9a0-13c7-3383-b7bd-b5b5f14a0358,4
1d17c361-b151-33be-a5f2-c77b3b84add5,4
4d5f1d9c-f5fc-3fa8-8fef-b29976375430,4
39cce51d-942c-31ed-bc80-66e66469bcaa,4
baebf320-11a1-36bf-bf25-8b9ad04def59,4
a99dd1b6-f216-3f7d-bdc0-4272afd780c7,4
710ce9ff-aea2-3afb-b752-e17c3ac1f5d1,4
d5fab152-7033-3d7e-8d5f-955746b6f0d2,4
9da5b395-97e2-31ab-af99-9535834768e1,4
51469e48-14fd-3987-9214-67fd7bc03aa5,4
085c6cca-9a17-3d4f-bfe4-72780bf222a6,4
9205ead5-4210-325a-8408-367c638f41dc,4
01e0cedc-935c-35cf-9194-6f3402a4fd91,4
d8c330ec-dfad-3bed-bb64-41d10fc2ed42,4
e3b822e2-224e-3cbd-871b-5ae486a09b52,4
f5ffc2e7-7e08-349d-9c47-e196967d1ca8,4
5951c8fb-efcb-32ac-a9dc-e19858df9172,4
3fceffc4-b303-3b3c-bf31-fab01f852c19,4
a7003e09-348b-35a8-9c44-7711b1afe7da,4
10167f76-74c9-33ac-8eb4-1e5c9468b355,4
63916b66-7f78-32e1-98df-d9d4bd3894c4,4
839b50f7-9adb-3e89-a7d3-b1c8f2fcffef,4
406f8bd0-3cca-30bc-a710-df6b9d9a7973,4
525bbd49-083c-3231-91c9-c8a270cd8eaf,4
a806cae0-b40b-32ae-9caf-572622658004,4
49097872-e0cf-3147-942c-d765cd9bd828,4
c958bf2b-0234-310e-8cfb-8de2f3117d8d,4
eba1b995-e903-3b10-a54a-3c9d654d1e84,4
16ea4c36-cb16-328b-9136-f7a54ee0348d,4
3a938841-1645-372e-97a0-df71f0507524,4
8c4e3ee5-f6a8-30c0-a216-8a2332d71962,4
a5573bcd-6722-36b8-8165-415fbd806246,4
2ee12a19-a832-31f5-b900-caad36df09d2,4
0e2e5298-e778-3c97-867d-ace9ddb978a1,4
2ffe8efc-a12d-3b13-be81-42ef1c5622ea,4
cdcfa29a-6405-38a3-8ee3-2aabd0fb4fa3,4
cb939045-f964-34b9-aecf-018b7b71d220,4
981b7352-2636-3a3c-9f46-d16359b6c773,4
5ae3c2a9-5cb7-350a-ae99-ee8a5fe1d28e,4
87642469-ca75-3dce-bd70-0abe875569cc,4
d47f07f7-d256-3bea-a84e-ba18a4fbb9a9,4
6d185414-e8ba-3e65-b7c3-c740a4e1b48d,4
395cabe0-2175-3ca5-884c-72ff952c218b,4
d5b437fc-8077-3b71-a3a5-0f8964bda923,4
6a636d4b-718f-39f3-8144-64e26fb006cb,4
c2e6425b-4ae0-3670-800e-a23c9e85d79a,4
27ec404f-9af8-38d2-869b-ba9e150d3ef6,4
111d3b3a-aaaa-3371-862b-46a4cc5235a4,4
84af0418-c6db-3256-bd8d-77d402bbb8b8,4
fe7f3adf-0f77-35fe-afc9-29158c11fbbe,4
fe21fcde-8262-3324-abd4-a3e84c0d25da,4
2f2436ce-efa1-3a35-bdd1-7bf55dec1118,4
c9e7c0c0-3ac5-3410-8e19-02a2f2eaf520,4
e73860b9-4503-3d45-81b9-a92fcbe0f6e9,4
6b8dc8d2-9331-3b04-b759-762db6453d62,4
23d1a28b-9f80-3e29-a14b-76d29a3eba8f,4
e68c7600-9439-3c35-ab7b-2896c752d5c1,4
4c6c65f5-cb50-3133-907f-569e394c7d7c,4
7a365cd3-56d0-359b-a5ae-63221b83cf0a,4
5191ce18-4f4c-312a-8efb-127bec9449a9,4
9be2f788-47b8-30ec-8c72-715293271143,4
47640f3e-d1d0-37dd-832f-25d9a09b2077,4
7956c046-289c-3fcd-b768-6bcdc04248bb,4
ba3e715b-b92d-34d6-8c41-7eb4248b0449,4
ea31fb4e-d346-3594-8086-c76d56db5995,4
e95492ff-a316-351d-861e-8d1c677c9e1b,4
0d16b8c0-210c-33f9-8656-78dcf27fc798,4
1914578e-8fe3-3833-9a38-ce27930641af,4
effc5157-d57a-341d-8db2-7f691ec99b18,4
48024a4a-debe-30b2-9d37-6060572686c2,4
e43d8bf8-6b81-39c0-a494-db7aec5bd0e7,4
48e4027a-9310-382c-9aa2-8062339eba2a,4
d8a12f03-fe55-34b2-9d95-f0208b357fc7,4
ef1a8d59-42f8-352a-af46-024ade901d4e,4
0cf0aa23-27c3-3325-8e4d-2fa003979e33,4
a7a26801-dbc7-34c7-9ff7-a85eea030fec,4
e6b625a9-631e-3c9b-854f-f24e1125d643,4
bb4474db-2481-3188-b342-1a0669e09afd,4
9760987a-fd1f-3720-8809-38b222d358e5,4
f91fcce4-8833-3ae0-b6d3-af2f46ae1ca7,4
ae5c8191-59ae-3f42-b523-63b2fb1fbb56,4
92957a65-26f4-3b7d-932b-7cc516322b75,4
99f7887e-e111-3e52-9816-80695f97997e,4
83ceab86-82c7-302d-9159-078227c5be07,4
b177bd86-b2a7-33c2-b38c-50abe7feae59,4
6d67a387-7188-3d9e-9f82-2d9262d5f7ba,4
f187aebb-4608-3abf-8b65-857955a6f555,4
811494ff-90d9-3d33-af97-a413f538f9bb,4
03175e26-f537-3fbb-8579-94f5f8e111a6,4
895f611f-79a7-332a-92ff-8ab8994146ac,4
ed40505b-517e-3905-9f24-a88d82584895,4
3a33aad4-2e86-3e97-b83a-323d970f76f3,4
7a7d7bfc-572d-368f-8fef-7cdee975de4f,4
caa57df5-ed20-388c-a0cb-09e8bd0eb075,4
aee0b22c-55fe-3f92-adb7-7a9e92cd1786,4
5f332481-9f13-3cc4-9f09-cb113d0cf36b,4
c7fb577d-6d62-356e-a07c-ce46d4dc2467,4
5e4b75c2-dc07-3fa7-b2eb-c66cb34829f1,4
07eb408f-322f-3b81-a745-0b6afd473dd5,4
0c6ecde7-bd02-3155-ae2d-db0e2b191133,4
73521eed-b041-3049-891f-e3cc4cafe208,4
fc131b6f-1ebd-3eff-938e-11d53d579d7f,4
aa814dbe-88b0-3b83-8c19-7177526e9c6a,4
520c2d26-788a-3ad5-b849-32553b5287a3,4
3bafb067-191a-3326-add0-a0589d17f11b,4
070af260-2d4b-3d75-bec0-53d31937b48a,4
c8b34ff1-8a9a-3b1e-84ee-ca398f212011,4
5811dbd8-96a0-365b-9fdd-b2496c5059bd,4
b36f15f1-cf1b-3074-8cec-a04214198263,4
7bf99fff-6eb1-3002-8a08-b8098dc45387,4
f9b9b358-14b0-3034-b7cd-e8f5be587a4d,4
613d4d46-c7a4-3909-8c40-59ed1cc0d125,4
5622db9a-d958-3e68-8455-fdc60d06f6cc,4
1615dbeb-2b86-3f4e-823c-ac06e035c1d2,4
8fe94a5a-efbe-3305-b408-a28d1cbdd767,4
4a2d14c1-eb6a-3998-b331-5fc9cca6ec7d,4
94705e26-ce20-366c-9b50-3c1a79400b2d,4
08d95288-8a46-3b7b-a5bb-d44555a5ba4c,4
ad3eb646-28aa-3a97-831c-11ad4d83d63a,4
c361c711-9179-308e-ad4d-3e846e1bc679,4
827e3465-2fbf-328f-ab84-27fc00cc2855,4
3f769956-4f4f-37c6-8348-05033e485831,4
8a10bb69-1bb9-3a21-84a4-a7d96ddf920d,4
6cb58100-d2a9-3c9a-83ef-2fc157ec26b5,4
cb563ba9-4746-3782-be66-9a888643a40e,4
24f8d0a1-63f1-3edc-926d-ff9abb1c90de,4
34e95d18-43f0-329a-a23d-a82c690349d0,4
c45e5dd0-b8fb-3b1b-8185-5a8d5210fb0f,4
4672c9d7-18cd-3e8a-98bd-696690b7485e,4
3f0b7f70-edec-313a-a368-ad3ea2611b8e,4
9d9544f3-fee1-38c8-817f-4982a9f3520e,4
18f1a8af-c19f-30a8-898e-2e5fcc799a29,4
4873edbb-7a37-30ff-a0c5-ac76f54b19c9,4
9d9ac132-d5ae-3faa-9744-c670c066c052,4
f12b7cb6-ad7e-39d6-b45a-63461ab9522b,4
c536a0a7-3008-3823-b9ae-22a18966cb2b,4
714a518a-2db1-34e9-a048-625d7ecb1972,4
d48f415d-2e74-3ef6-94f7-8d0c916ac658,4
53c743f6-f0da-3076-bafc-0753954bcac5,4
eba13443-2ec0-3ded-a7f6-c949601f62ee,4
80d887b9-cee0-3d53-b4e2-2a45689b0d05,4
37f765d3-e238-3f08-b63e-2d9681c9f894,4
f75852eb-07f9-30b9-97e2-141da6aaf1d3,4
76bf5fa5-a535-310f-9856-b07e557e00f3,4
f33adca0-d786-300d-98a3-66db427f875e,4
c0985ffe-0482-3320-ae5f-f1062988c482,4
4d411cbc-b871-3ddc-8f2f-fd41308b0f41,4
6383d93f-c17e-3a37-abd6-89a5a32f3384,4
a8806b67-ffd6-329c-8cfc-fd27913325dc,4
205bfb48-ce67-3dac-b69b-0a9ebf4915c5,4
2a3738c0-ece2-36b8-9840-5efb26f1e312,4
11644370-f74d-3046-b7b1-87bb421ec842,4
89d495eb-fa8f-3285-9284-5179b06d27db,4
a9577425-80e6-370b-8a1e-72625a78f44a,4
908f6f92-7d03-3c87-a8f9-be72642a3b49,4
a20bc4fe-d568-3a88-9aed-332d038387d4,4
dff20fe5-d09d-3371-92e5-c3e781080985,4
94f7e430-fcbc-352d-a42a-982d726c8bab,4
5c1c359f-eccc-38c9-8990-c0c977dbbb8b,4
6878cb05-61d5-3ed6-ae30-521e441c490e,4
fc2fe1d7-c447-3f88-8500-ec3e4603a276,4
080c89da-9c07-3035-ad9b-90e53727abd8,4
dbaa8162-1c27-3e93-a0ac-059d267bad99,4
c927fb63-8141-3c7e-a09c-87abce9e549a,4
47550ecd-abfd-3fac-9180-8332e2b959a7,4
84225276-1247-3335-a2b2-73606e2aaa93,4
c54071fa-62c0-3225-b385-13c0c7d65d50,4
06895864-aec3-323d-b35b-fd64d4661f1b,4
63a07df6-288e-33fc-b539-b9e4c5e061c6,4
faae0d84-b56f-378d-b985-2192d7f78789,4
46a90309-2f31-3c03-87c1-45f498c4a60a,4
9bff0ade-b691-3219-a19f-a21c2f21585e,4
630dea0c-e07e-380f-9a8b-77558ae91dac,4
e345fd90-ea58-33ff-bda9-7c81bb16f7b9,4
bae08be3-ffd2-3fef-850e-25ff56766086,4
d93f2cae-4a23-36d3-bd87-75269545d66f,4
2fcc14cc-d52d-3222-8284-d2bdb3c561e6,4
d356ce69-3caf-3e28-b469-c0e90d97720b,4
07474a19-076b-3f55-ad48-948f536463d0,4
4f98f8e8-362a-3a16-a0a1-dfaa4f36972f,4
21b4ce0f-1646-3b76-935d-09df541a8666,4
a3c4a6a8-f13b-3636-a912-99739e65e2e5,4
b0e79343-311e-3dc6-a934-bbd7b0870b7c,4
87f3f96e-1feb-3500-b114-b7025c1b3a27,4
864551f4-0601-3041-a9de-6215ff3b141a,4
66ed7291-ef77-371e-a6c8-ec293a28b2dd,4
9aa3b737-0f89-381e-b316-198063e95742,4
aaa9c720-efbe-336d-a443-9c21390bbedc,4
44b6227b-3d3d-3246-99c0-2bb9659f6771,4
11cff155-2321-36b2-9b02-e1f57773f780,4
f8dd41a9-90bc-3520-92b3-ecfcd766119c,4
4284554a-2be8-342c-897e-5afb780b4dd3,4
432b7ab4-9296-3980-a91a-f3d6dc42c915,4
2730c25e-1d33-3500-8381-40696ff3d91e,4
7bed668c-86c9-3afa-840a-3d7791a21ffd,4
df5bf318-57f9-34c6-9c5c-c378b176ba91,4
f2fdb8bc-dacb-3611-a81e-b0fd08d62775,4
64a19511-8e7a-3621-b580-73bdf5edaac5,4
6bbc3720-2603-3258-9598-643eea4f755c,4
1a656d2c-bbb3-3c95-beab-91fb122bf1ff,4
3c098a7e-8156-3b30-b717-bfbb25f0edac,4
ad000887-d58e-395d-ac40-1fb40161636e,4
744889f8-ad26-30fb-9ba8-6a0ef527fc83,4
67fb73c6-66e4-3e0c-85e7-5f8933a0c15f,4
dc37cd75-46ea-356f-ae12-611d4ff947b1,4
88362d41-c49a-314b-adda-3972418b9a5b,4
b0cebba7-80e3-3b0b-ad78-26577688d344,4
b7642c05-68ae-30c4-a9ae-fdae05052306,4
3b752883-8278-36fd-bfc0-98f85dd0f408,4
2095ca9d-35be-3e9b-a73f-4952babf5f5b,4
1af01774-9512-3863-8897-7983d4fb446a,4
a2ad828a-00d2-3b2e-affc-c6bb6d9c4164,4
f045ea3a-be29-3ef4-baf0-e0f3627bfe2c,4
b1ad1c24-ff1b-399d-b89f-380333e86964,4
9a35bd58-63b6-3c3f-84c2-9b4e3be51a94,4
a518ed0c-99ff-3b54-b7a7-82527a0b7ad4,4
892f4d2d-f699-3aa9-8ef5-91793b5cb772,4
fddf7cfc-e980-3881-8c81-26c8c18b0f34,4
cb26563c-9685-361b-8005-b64f9dc7a32c,4
a4dd6463-937e-32ab-bc1f-51ce19d95c4b,4
84aa1e19-cd2c-39bd-bd1b-7b5fa4ecae0c,4
46e471fd-41e1-33e5-8cd3-438f710bcba2,4
4ccb7288-a20c-3ddc-9ab6-35475d0ad616,4
c1098ed9-8595-37bf-b08f-9c057649123f,4
09575ea5-cded-3cfc-8b2f-f950dda1929c,4
0afe2d33-8904-3e76-87cc-2039eaa2e2a9,4
e40fb712-c93a-34ac-9d4e-8bbaf3650c09,4
3302e1d9-6549-3857-aaf9-a3631902b749,4
00c88966-4385-332e-98c7-eaae2f3cdd3c,4
b4017efc-a280-3787-bd38-b0357f119650,4
8392810b-ce35-33ce-a287-fa4599308711,4
5004f212-a232-33b4-aa93-592211d5110a,4
3f1690c8-5ca3-3328-96d3-28a1388442c1,4
457e1c0e-8f84-36dd-9a98-a3819c8c686d,4
c17bc7ef-0cc1-3df7-b7f9-c1c8260e875e,4
3d0438fc-c6b7-3856-8e45-da0898895f6a,4
10bb781b-122f-315c-9a23-849a79025016,4
59bfff74-98ba-3416-817c-b4f11e81b714,4
5fa0a14c-86d8-3303-8202-ac552b0934c4,4
346bd8e7-b09a-31b6-8940-9b0ae9bd1d5d,4
f19bb8d9-6e67-304b-8163-87ebeb49f69c,4
df2a748d-4b42-305e-956c-50d097aa3db5,4
0d35be0f-28f0-3c0e-9a36-7b779b8936ab,4
7c78ea98-9e00-31e1-b42e-0991ef48ba42,4
096e95a5-c0dd-317b-a4af-b08830f26670,4
35148904-1ffd-3b06-9dcb-045db40ab992,4
c4be604c-5a8b-30b8-ae51-78830a0a5172,4
f9e22ba9-7de4-3940-9ecd-0af24b74863d,4
510eec52-38d0-3a05-b9f3-2821d506f179,4
b8f290f7-ada2-30bf-98a3-58bfbbbef980,4
7992d7c5-37c1-3cf3-bb1d-8137a52601e4,4
2344e145-cb79-3f4b-9da1-bc8330755a93,4
8778ee36-cda4-32d9-89e2-703eb325d82c,4
6bf7df55-ca76-3041-b542-aabe7cb3a989,4
0c7092e6-6ea6-3ba9-85ab-11f2a741cc5f,4
97433072-6de1-3d95-a900-c36c2efe7ad1,4
f8eafd77-a0ea-30c6-b40d-4208f701f906,4
9372ac6d-a248-3e5d-8743-5615875cfd56,4
e09ffee1-9466-37b4-9d4f-da5592f6d0d5,4
bec8db7e-f5df-3df2-97ab-b2c33faee69e,4
cd733d75-d250-32ab-9f17-3972a0201228,4
a12714dd-07d5-3dbd-9aed-205b29362462,4
969419f1-3e98-3b4b-bb7b-e815864cc1dc,4
018fc284-b264-34de-999f-c4d55c3786e9,4
4fff7d42-2d61-3b6f-a6be-c12913b34da7,4
1a3b9604-e419-3de2-95af-0b27cf8c1ca8,4
acbe1435-a27d-364f-8c4f-97887872351c,4
177bf80d-1dec-32c5-a64b-19e328c4aa64,4
80c1ce02-4b53-3e51-90ef-faae3e9c49de,4
9b387eeb-5e92-3311-99f6-ab7cc23fc018,4
3c5c668c-790b-3aea-8566-1a29e7394fac,4
663ec68e-8ab1-3750-b05a-aa7deeb220ff,4
69da1481-f961-395b-aac5-6894096469f7,4
ab88fcf9-426a-39e5-a490-3df28dc3e496,4
ccc4ac08-076d-3669-9bc7-156a819b4296,4
907de627-6f2e-342a-a261-71d38b1627ca,4
39c96100-fb19-3b45-bac1-9650b5910a75,4
4b5526af-6580-3ffc-8d5b-fb1c7e95b75d,4
6fe965c1-9121-3840-ae14-5e14736b2b58,4
c2a3c5b8-5d31-31b4-bbe9-76bbbccb6372,4
7ab0ef1d-8839-3851-9b53-cbcfc5eda758,4
ae20f7f2-30d7-3a30-bc6e-0dbc736abd2c,4
b769530d-aaf0-320a-a218-521b5adaafa1,4
f152f3de-5f7e-37a6-acfd-79720f40a697,4
a90fdbbd-a2b1-357c-86b5-de349bc355fc,4
20a7d86a-5c04-351e-8c53-46101e352c6b,4
5583179c-dfb3-3136-8ee2-577c7dd6d7a8,4
ccf9161e-7488-3bc6-a919-979653829d0e,4
cd4d760d-7527-3b26-8385-8bb49e6ea37c,4
a78b3b23-48c5-39d2-98fc-084efd23e39c,4
6feccd96-f7cf-3212-a445-fcd0ebc9ee29,4
7e89090e-8ac3-3d8d-b176-9cfa85e3657a,4
f866598f-499a-3b73-b39c-a7c833a2c141,4
2af07e90-372e-32c9-ba21-c27109db344a,4
0d6c03a8-1fac-36cb-9732-0735e1eff3c1,4
9a6122c5-0b2e-3b3f-827b-c38631701550,4
7cbc98c1-b302-3912-8137-939512578646,4
531d02b8-8f37-3bc8-a310-345a6b4a3245,4
fc29d26f-0d7e-3d45-a904-840843e053d7,4
44eec680-a622-3761-bd05-acd4dab353d1,4
9d1b1e70-2410-36e3-8e35-34003a722124,4
53812b72-82e6-3f5e-bf86-eba7f8baf8e4,4
b5fc140b-d53a-3b8d-9b0c-fcf3df4b5a42,4
fc2ea0aa-1a9d-3045-aeb5-93b88952e9ab,4
09cb3bb8-4b1b-3f89-b66b-ccc2c2ab6b8d,4
58dde88a-4d2f-3c6e-89a7-0d5ee616b547,4
54fdbe84-65ab-3dd1-b647-e5418dd921a9,4
b75861ee-4b60-30ee-80cb-2fe3c0cf9b3a,4
1f47ef80-7fbe-34e8-9928-adccabc97b9a,4
86828bdd-6073-3387-84a3-f7db60de0cef,4
23713113-e7ac-3dcd-8321-c1c3f9f320a3,4
78713e54-135a-3b23-92f2-2be40bd02a08,4
c54d32be-dbf4-301c-83fa-9b3c96a95f27,4
f7b1b8f8-32cc-38fd-b8d1-e5aa3a9d925c,4
67d4d868-280d-381e-964d-41f6d6762d27,4
73bafc66-4486-3ca7-a715-e0c682768c7b,4
fbea220e-0da6-345e-a042-f147412ae32e,4
95a2a814-b6b6-3d3e-ba19-6bddd631162e,4
cb48d8f3-c426-38f6-bd83-e00e01d36011,4
33ed0b86-3d77-3f08-9b66-5b7a457a6b85,4
7f4bbe02-033b-30c8-bdba-b49932d4db70,4
08069199-62c4-364d-b8e8-c704d84d3d9e,4
a98a3d9e-e536-361e-9d46-518e1f7c4444,4
c4e3cd85-1415-34fb-875f-c6033821683b,4
6dc5eb5f-984e-32f0-99fe-35e90169cd71,4
b48197fb-56be-36ae-9b46-79c11db76b40,4
b101ec07-d279-3851-8cbe-161479c32dfd,4
8e282f07-ed36-3595-8133-5d8395607e05,4
5f6edde6-6211-38e7-b490-7026ac22e4f1,4
1540723b-ef17-3efb-89b6-faf5dd329897,4
fcb4e6bb-3f5b-3da6-9278-10459f9b675a,4
92509fa9-9e89-3791-9d57-e28ba7200ca5,4
00cc4d7f-351c-32a9-a70a-fee5a8f4c3f4,4
56928018-f34e-3f5e-a65a-dc8c1edd4777,4
41c3987c-1638-36cf-ade9-d4fd76d6cf12,4
7b91e10e-06c9-38dc-aedc-2930e0229526,4
29c23b73-ac7f-3321-b4e9-e9d836ad517c,4
9b08f5d1-3aef-3412-9f21-3468af114d8a,4
24869180-ea8c-355b-9ad1-33ffa27240c5,4
d0e3914b-8bd7-3446-8460-f3c65d453dbf,4
e0f57d16-d944-3bf2-8ca7-b80c77a404d1,4
771e5765-68e5-3d15-8071-1080b2d20016,4
d06550b9-64e1-3ee0-bcb9-2a6d7dc66b30,4
b8d2d506-df96-3010-926e-d24b0684f603,4
6d551825-8720-3ee0-9766-a40915f0c599,4
b94d0937-96ac-3c9a-b393-85740ae66007,4
15db60f9-c715-3b28-a8f8-8ed3ec86ce44,4
66527aeb-d35c-382c-bb8f-853fc0b13559,4
c87c13d0-f8ed-3d90-800c-e2a84916c670,4
f7dcf7b6-8f6b-3b26-a51e-c80623ba1477,4
80ea81d4-dd67-3bd6-8bfa-51fd5c05ffd9,4
dd3833ce-f4bd-3b05-ab2f-f6a526943e70,4
8d676616-e356-35a5-b699-9e64d9c6fe1d,4
20b4929a-442e-3142-b8b0-292c33f826f9,4
2808778c-6efe-3b03-869e-61b56dddf23f,4
ae7786fe-ee61-30ab-b31a-fc6eeb9ddbe3,4
63348050-5645-3d1b-bc05-d053d52ae421,4
43a8067e-d1b3-39da-82de-700913280e52,4
b528d179-87fe-3244-9069-cf31a7ea3c43,4
d64e1d13-e433-3394-b28c-7c2db036c1d1,4
03aee960-eb23-34b8-a6dd-dc6cc7078b23,4
ef432d19-3228-372e-8dbf-1f984058a871,4
5fd56b72-0e1d-3ce7-b38e-49eaaafa161a,4
3e9512b3-a23d-3e9c-afbc-23c1befaa12d,4
044c32a7-b32b-3107-ab0e-624b20c4fc04,4
349b2f62-8ca5-38cd-ae0d-e8e7b913f09a,4
137d98a2-6abd-3e99-9283-c8f2383673fa,4
33fab619-e102-33f2-8e10-8fc5ecb1821f,4
5c41524e-a0af-3cd2-8503-1af2a1f8fd10,4
80fc57f2-b9f6-3fd9-8686-c42c7e1198cf,4
b0f78aea-3fe5-39be-8e0f-ee641b73ed21,4
0a25e874-384e-39a0-ba9e-c608403fbed5,4
db8281b4-7482-334a-aad6-a42b5da2bfa9,4
4c6a940a-ec9f-3519-964c-67679053bcb3,4
228084fe-620c-3521-ada4-8a588ab57a63,4
e4a13202-9ba1-31ef-8b57-c4cd2a20b54d,4
ab6d97ac-2776-36c1-9f73-41084536f67b,4
2aafcb9b-f2d6-3866-b284-64cc5abb2427,4
caa4e464-a57b-3704-9360-7142c61cc488,4
d19ecc79-95dc-34cc-b58d-93964b990651,4
844ad3c1-81e8-34fb-9272-7d40769d0c55,4
ac40c6a4-8274-322f-9a8e-ea8c14d230b1,4
7a777110-d6bc-38b0-986e-3b0916111608,4
1576553a-72f9-3d82-9d59-a824200ed84e,4
0e85b362-e114-3004-bccf-6ea155a84473,4
5d0a056e-5a70-3e02-988c-a4d173a4a830,4
9bb1a84a-e980-3114-993d-a844faa3c3c2,4
f60b65dc-0780-39f2-a142-e0cbd601e16d,4
f8d76ad3-ac7b-3862-97f9-2f55b86e3991,4
87a005cf-386e-3b05-a1e7-cead35ce9b1d,4
ddf44800-75e8-3fd5-833c-9e21b1c92bb9,4
a600d44d-4b08-36e6-9e9e-b3adba942f4d,4
66f24aa3-803d-38aa-8f9e-880a1ddf1fef,4
4b0329a8-b397-3972-be84-cc6c10cab29d,4
c1c12238-0098-32c1-8890-5ca4959828c8,4
12e17642-c5ed-339c-943d-909a3362e44e,4
396b77ca-997a-3f4e-b1a9-ffe16dd48c06,4
37493a41-23b6-3776-ac07-e91abcb910ed,4
730233bd-5bd5-3123-97fa-097f49ca872a,4
ad4f8038-354c-344e-91c5-fc8a1158d8e3,4
3343cbef-c082-3cd1-9c5c-be002249d9c5,4
de2e57e7-837c-347c-af64-05c53ba698c8,4
bef1640b-e5f0-3116-997b-8a2876af63de,4
6c52a0b9-4a51-3b79-beab-cfb21593865e,4
1e05039e-b697-33fb-959e-a4a4dc810cd6,4
10f015a7-91fc-331a-899c-9def1585d14e,4
fc79b598-b5a5-3204-9608-a09e477a9c9d,4
bccfb1fa-d6b4-37fa-b184-f99a049fbd97,4
b1b13188-e578-3925-8e14-bddc04794376,4
c2800e03-f481-328a-87af-970b3c2415b4,4
067ecaee-5665-3480-a24f-34ffe53e95ff,4
73a11898-7080-3b0c-92dc-de9cb86385f5,4
9386b025-7053-3912-9c4c-f530c0bc0476,4
ee4c89c9-529e-3d3e-88fb-d5c54211e944,4
fe1da8d7-c5be-3e07-a837-5b4a1c99c7e7,4
82995994-3dcc-3e96-aae1-6e09516fd39c,4
bc438ae7-200e-3926-afd2-fb04c6ef0527,4
b0c2b617-beba-3e46-93aa-e1a0fd9cece2,4
640acecd-915a-3da1-b4d6-b977f4ecdeeb,4
0c8b9331-0212-39bf-b7d0-778e99ecd586,4
113132fc-2b2c-3398-af40-59f1e08e209f,4
36fb52b3-70db-380f-a79d-33f218d02434,4
8dc37913-a67e-39fd-bf34-9d914df2625c,4
15998053-4358-38a2-8ebf-9dc15a33589a,4
8f56f8cc-a3c1-32c2-ac01-88e01d220b22,4
c3fc50ce-edbc-3d44-95ab-09dabbe99f6b,4
e0a69c16-d479-3777-b29a-af57de4f370d,4
214c3830-6f58-3577-92a1-39427d9896f8,4
954d25b6-3f21-3205-9408-22d1b4893e9d,4
eab60d4f-e519-32ea-96d0-9f55969f0bbc,4
dda73287-b9d0-3deb-a25b-c614478d97ef,4
6c5aaf8d-af66-35bc-ad92-ed356d16e603,4
050e9b0a-16fb-327f-8085-cad5b35025b1,4
a61d2a37-ea51-39fa-a79d-f518d1b1e6de,4
21d25d7d-4df3-3325-9757-c4cffc4e5977,4
5af82c30-8948-3c4c-a688-a6768cb4c96d,4
c8d10599-acc9-3595-a61c-a074e9513f7d,4
89c75537-0844-39f5-bec4-4da9c26410e3,4
102a9929-27a4-37ca-b18e-63e22cf2fc32,4
0b193fcc-1c93-3d66-ae23-725a0a7e75f1,4
caf4ec1a-78b9-3b87-b935-06c08186970a,4
fe67909b-91c8-3a6d-a03c-da63d8b5ba02,4
cc1230b0-66af-348d-94e2-074a66790e3f,4
f739b966-9cae-3829-a970-d3912d73ab80,4
601f880d-b344-340e-92a6-d3e213f5dd92,4
17e88206-22b0-34b7-b8df-3f03f2ffbda0,4
702cbf75-ebb4-3e77-bd7e-a53c32458f51,4
82a8b5db-0ea3-37bd-93c4-71a035bf13c7,4
72ab290d-cb2d-3d46-bcd8-cdf5c6c83985,4
5e868cb1-b4a5-389f-8632-9a2ce1295fe7,4
d196f5d0-482d-3605-9d27-80c0b5d0d044,4
0cfd0faa-a650-3f57-b2e6-9cfb0a71719a,4
e3af3507-396a-347b-a782-697b900d7b24,4
5d3c32a3-3896-36bd-98cc-dffbb11f7168,4
14b367b7-34e0-3319-a33a-9b5f60b5c7d4,4
f3416e38-dfd3-3461-b6fb-dc0563ce96ed,4
5a9ff57f-3dd6-382f-9593-4d32e3010616,4
1e52f3ec-0557-353a-9e66-265491a08bf8,4
7c19bc37-8aee-3d84-8ae6-d93c193d77fa,4
b935c5d5-5cef-3e39-a57d-685e686a237a,4
b2937c4a-5ac3-3656-bc61-f09f2dd62df4,4
6d55c250-1b62-35a6-8e18-1f0ed53cd953,4
368300c0-016c-3408-900c-8b3e4f4da13b,4
fc991df4-3687-3467-a7bf-e84775e9b516,4
210775d6-47ac-3992-a528-12dca8dac37e,4
ef31a349-a949-3fb3-a7f1-2714a8548f51,4
1dd18552-3635-33fa-986e-e8d11cd6c984,4
0880549b-1667-3e79-b4b3-64270ed3e7bb,4
d6ab5e7e-ffe5-31b6-b5a1-2b174684ad85,4
6c66cf64-b139-32d7-bb20-e4ce37d5faf0,4
4bb9b239-ca04-381f-a50d-f3518a51bb89,4
501db2a1-0cfe-3d67-ba06-791d5d0c923d,4
02fb8687-98eb-36ee-9ca7-825c26e9b489,4
f41fce4d-03c8-372d-a610-05b01f7e706d,4
82198e81-d462-3620-b28a-da77d24cf44b,4
33c5a1f2-30b4-342a-9fa7-75dd5f9bf2e9,4
461a332e-4764-3efd-8e90-f33a049b9616,4
3ec6c460-91f1-3d3d-b58c-fa01fc2ae44d,4
0e67f8b2-0324-393c-82c6-a4e2e6664ed4,4
80092f9e-a5c1-3a61-823a-70c0af186285,4
c9a5137e-f017-3cb5-802a-02228fe288af,4
eda44c3d-fc9b-3b9b-9e35-8a9d88a7b93c,4
ae7d9879-ed20-3537-874e-d44af2c2fef9,4
73fbef45-71e3-3a32-b1f8-6903c32a3523,4
d35895d2-0e4f-3828-8608-e66f80b14dae,4
e85c530e-0264-3469-ae55-7ba688ff6977,4
83c09e00-6100-38c4-907b-c0a989f2385c,4
83e024fc-fd06-3ab0-a043-a0b9d1876e67,4
6f9a9788-8382-3a07-b58a-908ee8872dab,4
973ccbbc-1b0c-3a03-bf45-7040ed9c9338,4
bcdd577c-0343-3a66-97a6-dd969683aabb,4
471f16bd-5ea9-3ce1-a274-fbd44e2f14bb,4
7a4518d6-2e7a-362c-8c70-f50bfd1e2d77,4
6186d4d3-556e-3631-9ea0-73058f6e9f76,4
a85898d6-118a-396e-ac32-9d13113c36a8,4
713448bc-874d-3b38-a4a2-61c72b36e5bd,4
2e37503c-96a1-3d30-8223-94693b0f9591,4
5dd461ba-44e4-399d-900d-c0b8929415a3,4
a3de6df9-4cc6-34fa-99d3-0b38bca0e38d,4
b34a5e03-3e18-3405-bb23-5c9aadb5a8e3,4
b6a1161e-b19b-3045-a38e-d59965ef144f,4
324d3546-1c50-3996-bd41-c3fde3ea6215,4
dcbe7cce-acb2-3ba9-b1e4-ec8a044ef4bc,4
335c267e-ed65-3066-9706-c07f4fcdb515,4
86cffeb1-dbd1-35f6-a12f-9c68318663c3,4
c42da2ba-82a6-3d2b-80c2-a9748ee08ada,4
b4128f3f-c965-31a9-9688-b5c448170167,4
7cf98b53-cf4e-3135-8710-00361c1531f8,4
8b0ddf2e-5194-36ff-93be-6f73d7734e91,4
f78471f0-e797-341b-ae2c-19f8d4075f06,4
ea62651b-7c18-3d92-ad86-efa9e1efeadb,4
fb0a9923-bc7d-38fe-b94e-c892cecfd27d,4
b0cb74ce-5e61-30a6-b133-08d857c1950a,4
9cea88bf-2a3a-3d69-8c9f-96fe3f5658bf,4
c5b44680-e13d-37bb-b18e-8ea291fb40fe,4
e13a6d04-1ded-333c-bd28-fc03396619e4,4
ebd9c7e2-d16b-3768-a46a-168dae771d56,4
2149fb73-1649-30e8-80e6-34ba9fa39d57,4
7c0afc6c-facb-39e3-842e-01ca2d3a6570,4
1c240b3c-57a2-3e50-a550-962ca9e23993,4
01ed6547-b999-30df-938d-6e1a00818a77,4
11b81ed5-162c-3f60-9786-488e67054d68,4
1cdff914-0180-3ed8-9477-8a0df8d255d7,4
0bd5a5fb-87e7-3b06-add2-3a0a395c3e12,4
d1ade787-57f6-3f3c-a943-3746fad10a4a,4
e5683c94-a233-3baa-a923-3009b4e24479,4
26712b97-f4b0-3bec-b53f-e2f9ae20e347,4
21b00dac-90bf-33ed-9fb1-70290e69f34a,4
60557bc8-4c6a-3308-b47a-6bba3b2d4f4c,4
f4644f44-4ea4-31f3-a05a-9463c15533e9,4
e4e417c0-bfea-3c34-ba2b-c8f81325923d,4
2fcd817c-e0da-3fc9-83b4-86ab6611f3d6,4
ee2561f3-672d-36b5-b1de-d5d293973d31,4
b4fe0ce0-9108-322f-ad9e-2ab9e2dc5b32,4
5abf4e68-7ad8-3e31-89dc-5ffeb7671a32,4
4dd8d28a-3bc8-39ad-8552-704c7bfc1f7e,4
4ac227d3-2956-3f8b-9192-cae23d8e2f44,4
73b49785-1296-3349-a65c-bc719d40d215,4
ff0df4f4-7f68-39c5-b753-11d7877eab98,4
e7454ddb-6cf2-3177-b6c3-647c827b003a,4
b882c639-f430-3547-95fb-9266ad54e8b1,4
6c8b210f-fd9f-3e87-89e4-a7ca8b25c236,4
88fa7c58-e33f-3f42-989f-d652a13c3e58,4
f6e64b6a-441d-3e62-b8ad-78ed253079d0,4
d98d56e5-0c97-3f57-928a-2a6e51a594ec,4
6b442f24-eff4-3ab4-8add-0f688855e53a,4
66f2e99b-7862-3565-acc2-286c4d79d250,4
e37c4ec4-ebac-3f13-84b5-7d40a67f8c0b,4
48046876-2dea-3c71-8078-af0ebe4fef9f,4
edf31f43-6985-3183-92ab-23b3c14ffa4a,4
d877f0d0-2b98-3714-8685-39bdabd11917,4
465794c4-83eb-3e32-a635-055fbf981af8,4
36084ac0-b88c-36f3-bec3-f8e9591971b3,4
14ab2acf-5ea4-3f83-bf10-306c0e8341e9,4
81c33fcc-8f6f-3792-a734-a91792eaa7a4,4
a1503574-a14e-38ee-8dd5-bc3dec8bbed6,4
16cfe057-4927-34d6-9ec6-e09d265ff8bb,4
463aa7b4-1fe2-34b1-b968-fb2e99249ad8,4
5f7391d6-d53e-3a2d-b2d5-2f83761f2dcb,4
ab4c644c-8081-320e-aab6-c9ef9a9adabf,4
a919827e-cfc1-3749-94fe-58a176c47d99,4
ffd109af-3ca0-33db-bcb9-6a1b57c80713,4
89331494-3ec8-3494-be67-0d570c087518,4
b4d552fe-ef9a-3e09-9d50-f8753ce0a69e,4
002f18a0-f183-3fb3-855a-066bd1a95bed,4
8c014738-d7e0-3f5d-9f6b-fe7d3c8f4d95,4
35a919cf-c68d-31fd-ac83-d3ada5769398,4
02b23157-9154-37d3-b292-4d0385cf9579,4
1ef8b3ef-53e6-3881-bff5-06da0d9e5706,4
3bc2bea5-de96-3b6a-a45b-0cdf6a397d3a,4
e2bb4fb8-bfca-3fe4-ae7d-0ba0d1bf9120,4
18ad5dcf-d6c2-3387-b5f7-e95358481094,4
a14c0bd1-e427-3e63-952d-85d54d086769,4
edb6d5d1-a0a2-3435-a0ba-059c3fdf53e6,4
c56caf42-f53f-3cd8-8d89-9ce597fc40b2,4
e09e016f-123d-3b70-ba63-dc7e25198a76,4
827669e3-817d-32dc-9d53-24db147dd741,4
7c97097b-ee73-3109-ada3-eb12c3736334,4
94a04607-f66d-3247-9f13-cec02968f484,4
a6a7b5d8-f2f7-340e-9035-b3d055e06491,4
425a47a3-8ec7-3bf8-b7f5-a12241c93b30,4
ddbd5605-a3d9-3d68-a40a-cfdc4c9985b0,4
88461c8b-2267-3772-9580-efefcfc558ae,4
e2879499-54ef-3f08-9568-6d05a7d435d9,4
0a9f9c98-44bc-38b4-9a1c-9096186f3e53,4
8818efe6-23d3-30ae-be12-1e6d98f29be5,4
979c90b1-ee0d-3b22-b1de-d802f01d5c56,4
c71b1e06-9772-3aae-b467-53f60cc1b035,4
dd10a9a0-2001-345b-879b-c9eaede922e2,4
dff03d20-2c96-3f7b-94b0-d175c45cba90,4
c86587a7-3104-3aa6-8015-e302b577a739,4
0601cd36-bbbe-3b13-891b-1627d33bf6e9,4
802d311a-5404-33b6-bf30-75875e18059c,4
9d94b611-e814-32f3-b1fd-b4fb1ddddd16,4
daeebc30-f610-36a6-9aae-18b55b1cb725,4
59912cab-5a45-32cf-b58a-dbdbb574b4ed,4
e6441418-6741-3182-b8e7-b307ea3531c3,4
0f256935-136c-3ce0-b70b-280715228129,4
800ef225-3f9a-383a-8225-ba76290d6b53,4
97f031ab-4eea-38c0-a8c0-6722f2f2a92c,4
ef71f236-6cf5-3200-a77e-c865cca09357,4
9945cead-e966-3f90-a69f-ee7e3cfa071d,4
53cdb16e-f440-3112-8f73-f8886ee95ed2,4
4a809b8f-4494-37f6-a2ee-665bbd20b8b2,4
d7ef46f7-de35-37db-a24c-99f92b8c864a,4
983e2c0a-b7c2-3c30-b981-f67d1738c97d,4
0d44e378-d317-3c36-a8ca-74438ac396f7,4
abe429f0-a87d-37da-8235-d8573fe25d81,4
8b096713-5332-3ce1-abca-2c9e0ba70401,4
d6103b24-0188-3028-b5f6-d92d70cc9517,4
e23b8791-3dbf-3852-9ab2-3105e713b091,4
d0eb4146-01f2-31b1-831d-1b162f206d28,4
f74f69b1-8656-3675-8679-466cb6b91f1d,4
cfcd4de5-f1a7-39c8-9899-863b87f3cabc,4
2e8c93db-a39c-3113-a374-4d73b178040d,4
26f5fbf8-57fa-32cd-b5fd-2c4e7b51c114,4
593c54b9-52d1-3b8c-888e-46192ea6fb1a,4
d23fc837-a502-3b3b-9e4c-4bae3fbd6231,4
57946897-e847-3134-b6ec-a7325106660d,4
0f0a13a6-c021-33f6-91bd-238887eb898b,4
b4653b71-34aa-31af-bf31-3f658e21d0ed,4
f4de8f52-8546-300b-b671-bd75fafb7714,4
c45eb302-2472-3729-92c9-b0e00536bd26,4
a44ee917-7804-3408-8b3d-042ddbe43964,4
0882fb45-7b22-36b5-8e02-f5d9953e7146,4
f70261c6-52a9-3837-8b02-25d610bb8422,4
ecee98d3-4e3b-3dba-8c68-52a075745964,4
786a7de2-8f8b-32de-aa59-921dd229c962,4
a3e940f3-6586-3e42-a8a6-850e012c15d9,4
572b9b70-41ea-3d05-ac4f-74cff2f1f7a9,4
a69de275-6b48-35c6-ab15-1e9e1327fd5c,4
1ae12e7f-8baa-32cf-8371-e052515b119b,4
5ba68153-da79-34e2-813e-f5dd26328eaf,4
56501ef3-da23-344a-8754-506c23e3ba9b,4
cd7700bd-cfc9-3212-8f7a-1a63f682b37d,4
4bc5d47d-1548-3d3d-a55f-83b064d6b125,4
a44ecc5f-fa5c-37cc-aea8-ef9fcc43504c,4
568b63da-25e4-3552-bd38-6f901d1cd2a0,4
a0410e51-c610-3e8c-84d6-859a7781dd2a,4
2c995813-1b37-3775-9188-0334f23eef43,4
61e3126a-ec5f-3adf-8616-23c4370de725,4
255234af-69f4-3471-9f6e-bd13bf86d6d5,4
bf94e948-f5d0-3025-b39b-a1744774ac41,4
242b7276-8ac4-3b17-8229-0ea01a14b7ea,4
a6b14a9e-cdc3-35ae-8922-0b2057511d0a,4
3e749c38-0fdb-395d-8b6c-cc60a8f26ce9,4
c28afd19-c8bb-3627-82a6-7f9314233b62,4
5f059b94-a2ea-3ea9-9c1d-0720d75e5ee7,4
1e2bc029-80c1-341d-bc77-efe01a9d7ba2,4
2d6b79a7-b60c-3604-a0be-b41ca099bbab,4
3ce61e1d-e704-33b9-a235-ffe8e7ac0591,4
c9857c32-6b1a-3aa2-a719-f00e36671c41,4
91517d2b-e3e7-3ee9-bdc0-384b424cad99,4
757888ba-55a0-3c01-952c-a507ef11d65c,4
87002b42-07ba-3946-83cb-f732824e0528,4
5878e63f-8d0c-3f0d-88ba-fc45e9f24286,4
76c344aa-de3d-3bd7-9aad-b12dfa6e9c7a,4
fd77feb1-4bd0-3deb-97d9-3ac2c43d2fe1,4
2a0dbd69-f22e-3d34-a74e-b49fec72de9c,4
b71a5570-99dc-39bb-9d6e-733bdacc1baf,4
7899541f-fc6f-3e30-9f36-769bf94699ae,4
d105ac65-6a25-38af-b9fb-ccaa0a071516,4
9adf898d-c1cd-32c4-bf76-398aaba60f71,4
61bd637d-8df3-339f-b9f7-f223c1f8d1d5,4
b23237f9-f5f3-38a1-a0cb-0b8e35c1ead8,4
e691e9ea-6bc2-3fe6-8061-e94eb4fda6c9,4
a3f0b54b-2ab3-3e92-abbe-b6123b72ff30,4
4087a04a-2dad-3ded-ac9f-59e2393766b8,4
86ea555b-cbc1-3fdd-a652-e351cbd5c892,4
8551cf80-b0c6-3919-92c4-adc1e45121d8,4
d175f2ec-338f-3e7d-9952-ee0a19451548,4
2efca785-c71e-3b9d-984b-8ace1fe9fc85,4
000781c1-8349-3914-95a7-306838c8a224,4
e38420a0-0f38-316c-9d69-ebb520edbe37,4
4d1118cb-abcd-3660-988c-51f3bfbf7637,4
9e566c9f-c503-37cd-90c5-9862dc1694df,4
ff4d0e3c-c512-3c2c-aa22-8ae82c8ba943,4
a6d715a4-f300-3b84-a18d-c692f1b57eec,4
593965ed-1b54-3adb-9217-f5704f545cb8,4
cbc3b6d2-8bff-3ff7-9d63-59130c012474,4
c3ea47a3-ba02-3620-8bf8-9368e535fbf1,4
6bd0aba8-3e49-306d-bdc6-208b31ce7856,4
b4208cec-5253-38aa-8e56-021a6e6d6e3e,4
4daab41c-190b-37c1-97db-0dbffbe94155,4
ef880fda-b2d3-383a-8c54-7a46e49cf9b1,4
e7d51713-bad5-32df-b89b-b8623cb036f0,4
6fa683f3-4cc2-3e32-a8cd-a3e8bf6cbd72,4
9ec181ef-1903-309b-8d83-abc6d28cc805,4
1b45ccfa-8919-3a7d-8a46-1c8be2350b6a,4
4e3c1911-4050-38a2-bbe9-52645f9dac91,4
795be2d6-deaf-375b-87c2-29557f4d21e4,4
009b3113-c600-389c-96fa-e0c8e5babff7,4
cbad9ab8-d06a-3ed3-b717-e38f633ca1ed,4
1b172ae2-e30a-3981-89af-5113f38167e9,4
34c4f65f-63a4-38b5-8aa4-0048dd8f21f4,4
f9d8fff8-9685-3226-a688-b3668e4d1b39,4
b415a6cd-1366-3a1b-9d6f-0136a655f4f1,4
7e0d1188-37b7-3cc9-afc0-b8ff69c66f43,4
325bc69f-b2d4-33e4-9c89-e64958044a82,4
f6c73689-3518-3f25-8aca-2fe757ac0dad,4
d1dccf31-b986-3ac7-9a03-fadc3ebff30f,4
6fa6254e-4025-32c8-a853-d6e6ef9af40c,4
975a01de-a0a2-332d-80fa-6a47d3edacc9,4
f63e42bf-e8c0-3e69-97f2-4db78c69f153,4
16212cb7-d85c-3a5b-ad44-1f7eece55964,4
75166aa3-b2a6-36ba-a9f7-d299ffd7ba31,4
ae2402b1-c0a2-37c3-9af4-4af1ac79f1f9,4
5af15d72-99be-39f3-be99-f9cab9b3d137,4
484b0407-2e47-3724-8392-92698b6b7a75,4
8a28d121-b08a-36e2-9573-35f231ce31ad,4
dbc4a83b-1d13-38a0-8962-98787833517c,4
bf5d65fa-ea51-3f92-8241-42bc2a9734f7,4
0e02c599-6297-3669-aa31-4121110467ee,4
2b87f0a9-e85c-3748-b5e9-7d8be48c78bc,4
ae7e23f5-9276-3765-bc48-ac0ec6d64e11,4
8285b557-6dc3-3156-9256-87c047752791,4
0dbedcaa-6408-3b06-b7b2-0a4b9fa07c94,4
ac8ec716-06e6-35ad-b1bc-f0c6c4ced3b9,4
92df8d36-e53d-3d26-ba8f-ab5069d2fa1f,4
9b0a7b7a-7dea-3d39-9b07-37772cc207f3,4
2f97cd78-71ff-3b0f-8f65-c8672ce763ab,4
90a1ad31-467c-3d28-a686-3486c7e41c8a,4
6dc8842d-3735-33a9-9d69-be1cb75a01b7,4
b5eaed30-34c5-3c5e-b6c9-043bfeee64b6,4
be5ca1aa-d66c-3d81-a28a-cb20ec5093cf,4
8619e5c2-f3c6-365c-86ae-e231008e3ae1,4
c1bbb455-5db8-3b8a-b2d0-9265eed298bc,4
5c4952d5-350b-38d2-9765-19d037cb35a6,4
fc140340-eac5-3b79-81fd-2d9f2c8c598e,4
8e1f9581-a6ae-3860-9a7d-f1980e278eca,4
b4bcdb30-77ec-39cc-bd32-3fbd69773dd4,4
7b7337b2-339f-3d51-8287-47eedc363b13,4
4794d091-8139-3287-b0d2-fd8d339a07d0,4
623bf0b4-d404-3e3f-a4d8-3ae5e6dc601f,4
85e479cd-d0da-3a09-b5f4-9fd56a64ef4f,4
eac30fee-f0b3-36bd-8668-c1509b2dba54,4
0f46f1cb-a0d2-3581-8678-fad1e59cb999,4
9b036558-8178-32bd-8c09-4c45ad43ff12,4
91b600c0-ea12-36ef-811e-5a4f55e17e1f,4
7a1b73e0-55bd-3772-9d4c-27a90516a57a,4
6cf978bb-7a1f-305f-9f1b-45a89d2c82de,4
e5a51a17-f9e7-399f-9959-a9af7d2527c0,4
b068d5b2-cc83-36aa-995e-9d98ebadf33c,4
a5fd6f5f-c81f-320c-ab09-66faf27fd656,4
5fe810f7-727b-39a6-a138-6c1ba73cd94e,4
5e9888ac-847b-3a76-8eb4-28dd06ecbfd4,4
7f65b66e-d65f-39de-9c7b-02504f7780d4,4
8b7ee946-7bb4-33d9-8c23-6c69c73f9630,4
9fa6f1c2-4045-37c1-9440-e979b698ef3d,4
b05a088c-8d31-3e95-b03e-35f42cdae095,4
7e0eb7b1-4c6b-3099-9733-6082e7ba62e1,4
7f47efda-896f-303e-970b-e02a2afbaac1,4
e1e53ae3-a6ff-3612-9d0c-3f37b1785353,4
7f9dfbe0-9e50-3e2c-b03e-5903441feb10,4
d1d1ad9b-948e-39c4-9d7a-facee0cd402f,4
f7da89ec-8e30-323f-b5f6-04ae791cb5ba,4
522f8f49-5e22-3b87-a61e-c5385ccb15b5,4
5e2ae2f1-266c-315d-9348-d168ebd4ae0a,4
245def7c-a5e0-3130-a712-20231065cc24,4
b9d3cf93-402b-3f5a-bbd3-6bac7bcb258f,4
fa301cee-94dc-3f25-80b7-f834ed43c204,4
446d2c7e-da02-363b-ac81-817915a9f416,4
03c59aff-4862-3c1a-adaf-0b6a294365d0,4
d9cb5565-7f5d-3f11-b134-b9473de26e66,4
660bea01-e214-3fe8-9f3a-062a8ebd855d,4
6313f8a7-d567-32c0-bda0-4073d44e6af9,4
80741db1-6ec4-386e-a992-ce3f7f25412e,4
f35cd766-979e-3f03-a09d-a55df33c4c04,4
be4f3a8d-7f3b-3203-9711-3f7ee4324339,4
7951c3ad-8260-39b8-bc8e-859b7aede8c1,4
075044a3-67a0-3487-9b1d-b953934e15b4,4
eb32f0c8-28cf-3016-b14c-28130da69bf4,4
c5202938-1116-3bd1-ae76-85f2b06a53fe,4
c0a5df90-db06-3c1d-9bc1-1de53d7e1aed,4
e8e653ac-8968-3dbb-a7cf-f1b4f5371169,4
3fbf7ec0-ed72-368f-a855-508c8b45bbb6,4
246c81a2-3034-33d3-a706-ef8431d765f4,4
038c7cfa-1e82-3451-aa3f-9c48ba3e495b,4
4976ac29-9092-3cd6-a0d3-c6d256a5969c,4
a76ab6ad-81f7-3a1e-b20e-d307cec847a4,4
405f7782-ccc1-38b7-973f-cb1a93771901,4
6514d7e1-04e7-32d5-b19f-6c96d75fc0ae,4
49b06ca9-5430-345e-8286-2ac3d7670940,4
9d203009-d1c3-3f63-8243-d2ac35e1adf3,4
691524f8-1b2a-3457-b0bd-ee2ce1c9c6de,4
2fb2ac46-21fc-3f37-9d84-88e2229475a8,4
a2a07c2f-75b8-39f7-9c9b-bd2f5bf125b1,4
074b8ecd-369d-3326-b9cf-85b0ccd2e86a,4
2d47b74d-e4f2-3439-ba24-553d0bd9e81a,4
419360f2-c0df-3daa-a3b0-fb62e45840ba,4
f5bb4d4b-1024-3eb6-a86e-83c7d90988b9,4
5d394edd-1a17-35aa-81c5-c390d880d19b,4
d4257c2c-fa91-3a71-ae70-4606a6a9de0b,4
f9f9fb42-8713-35cc-9d02-a4c353b58f32,4
cc80eb46-a6a9-38fe-bc3d-839b535a4919,4
a23bf9a2-a549-3ae0-be35-8ccbb68acb8d,4
ef46840b-c714-3a24-bc03-d4fe7be35c5a,4
f10310ec-fd9f-3f91-8462-67cea26f4a93,4
52a8ebbb-6880-3b34-9db0-65c2ef796bc4,4
86dc5bfc-0852-31a7-a6fd-85a311c895a0,4
15910bf1-9456-3410-9656-d00f08108a36,4
f3be69f4-7d03-3c7d-b939-648fc2efb166,4
225ea032-e182-3d17-a522-0ae71feb0f0d,4
0d090e68-f44d-3d05-bd72-17e4322293c9,4
55d57d51-8adb-39cd-a3df-eb9af5c472be,4
2677e047-2c01-3c2c-9719-ae452cc057f4,4
c7d6050a-d903-3590-b084-6a011dc28d96,4
4eebeb99-92f4-3148-8721-0896e9bd2d98,4
83d2f509-a1c5-3f05-a24f-d9ba8b54798c,4
fc573119-b10f-3c59-b31b-d9f03e228003,4
4bc83f3c-2bea-36fb-aa52-92df54f5875b,4
d0a7b9b6-cfa8-3521-9d26-3340a2cff7e1,4
46372abb-3b42-3362-b45f-6686614101a7,4
7e2df4d9-059d-3df0-9bd7-d7f455e56787,4
6c3b6655-1cd4-3ee5-863d-35d180ad939b,4
151939ac-6227-33e2-b49a-142b81b1f59b,4
6a54929a-b799-3891-8cc5-a7087a7661be,4
0196c996-f42f-3eeb-ba61-d5d91f9c44b2,4
e311d657-4920-3121-ac68-b148e4cd1777,4
e9b83224-5f5b-355f-8827-fa8b85f069c6,4
a1b80e84-6a07-3274-9dc4-983d114c057e,4
6d699fa6-8e34-31e8-bcc3-fa90c10d6dd4,4
795d2c66-3ac1-3b40-a3bc-38c0f7fb0342,4
bf695d67-ebc3-37fb-8b05-a5294b3c561c,4
36b87efa-4729-369a-8c4d-630e41282913,4
30e7e52e-cad8-30c5-ad49-2c1e6d62c943,4
d72c42cc-b09d-3fca-951c-2bd83b407116,4
f111c997-3b67-35e8-8172-e7c502171259,4
7c2a5d8b-bd38-34d2-b598-e778fce76df7,4
408782eb-8182-3bdc-80e9-b0a55077dd42,4
bb550ee3-21d6-3f12-a916-6e0e4726a42a,4
e8f6abc1-2ed1-3be9-a3e1-280b98e99bf3,4
5ef5377b-44a1-3ff1-a5ba-e19af4dc33ba,4
9a9ae598-d5a2-3190-a58c-06484b616442,4
6845e943-604e-3fca-94c2-5bc723743fd3,4
76d541be-bc5a-3461-b317-188d543cccdb,4
d3c55d24-cf65-38b6-905f-6e54e5d7283d,4
4d902837-d65f-3e6f-8ea6-32486449f7f6,4
2bfcc0f4-05a4-3673-a90f-3827cd763ed3,4
273c7906-ff27-3bbf-b30b-83446a7264cc,4
3b6a30d5-8ac4-3458-a27a-0562050f3c4a,4
481a670f-ff4e-3c5d-a1d7-189335060983,4
72d7e88a-9d13-386b-b04a-3a5ca9d29ecd,4
828b5ae9-3b3f-355f-a0c3-ba9944dc55f5,4
69c0037b-4c0b-3e1e-9747-38fcdb483fb3,4
1ea46d0d-ca7b-3df2-9b4f-74c419e9a4fe,4
ea64a688-c2c6-3b0b-ab3c-a64190017117,4
e244bb47-7281-3918-8ddd-e3e86a22e89d,4
4c345643-1437-3ba5-abcd-db428190f3da,4
9e523ba9-fd01-3690-96e1-c2c877df9d97,4
faec3f0b-0b32-3830-9b29-8a7f3c71c761,4
874a05aa-4e81-323f-a771-f0525f27aaa6,4
fb76e1ae-3b95-317a-b2d1-2c195b606e74,4
dbf981b1-13ba-3b62-9498-22f88a7fa6e9,4
d28a31a6-3e03-35e8-954a-79d1f135833c,4
0335bed0-284c-345a-90a8-e04ca0e5d39d,4
a3344518-72a9-3571-a74d-13990ad8007b,4
fb0d9df5-5242-3d45-b79f-02184691874c,4
d2bad8aa-380f-3f7d-a23c-f757ad109863,4
9c6c476c-befe-38f6-82ae-700c04193d38,4
5f9ebef1-f1f9-38c5-9177-6da77d56672b,4
31e64a08-f8e2-3127-b92c-f59dc9098816,4
c11c4445-3353-3b9a-bb20-e32b1dc36cdd,4
f966f8b9-13f7-37df-a82b-1ed272a5ae6b,4
61d7e530-7438-33d5-8625-1d17b8ca07f5,4
5fbda347-ce0e-3e97-876f-78a2f69d61ea,4
0b819aa7-192c-397c-b609-ff3362455aa0,4
b8d1c3f3-a891-3c7e-9468-86fd9c31e51a,4
ca4eb7b5-2f18-322d-9147-694e19005fe5,4
f8a75aec-af99-37a0-a69d-7ee7d9134d34,4
f6ed9398-b2e4-3d08-83d1-dc6805cc889f,4
f82c34ab-afc0-33ee-adac-43f6f9599edf,4
77d6ae64-4ec1-3f13-a62b-312fa3e1c76b,4
bef3160c-3b2c-3695-a90c-c9c23bb05529,4
39675ca4-05b4-3263-8a7a-36c3381083b6,4
d5c8d34a-e62e-3018-895a-4c43df72e228,4
158e7580-14ce-3f9f-88a2-412f5eb9d762,4
948a52f0-0f31-30d1-a547-9fb7af5a3d18,4
df08ad25-47ff-3689-b6dc-a1ccc2443d36,4
37afd4f4-3d07-30bd-bf9c-f9c2cba48f97,4
7c496304-8a0a-3cc0-bb34-db1303dacd18,4
cdf382b0-8d64-3f1f-90d5-b3b66ac4c9c8,4
d67382f0-eb19-364c-aa8e-a83e2631b50a,4
553598f9-de39-3763-837f-f5f1337e84e1,4
d5e12db4-e0df-3777-8faf-8f1f38d6f053,4
7d75aaf8-856e-305f-9d4a-21848c91c984,4
b6b39e2a-06ab-354e-8eb3-7138355e6301,4
e46c06c6-5b84-37fb-ab62-7d790a62f751,4
be2cdb9e-908e-31ec-b237-ec8d5fece392,4
06bb59e7-55be-3af8-a875-7c95c132fb6c,4
2ea34013-40eb-3c23-8059-9fa26e6f06aa,4
5925ccc0-1e2e-3bc7-b086-85a7ea685d36,4
d01cd3b0-9b98-3775-830d-de6ff906cb9a,4
413e4464-3746-3861-b566-86800b5ab4cd,4
451c07a6-d614-3293-a7f6-cd8b8540ba0d,4
4bfcf67e-1c29-3ec1-b27b-7797f6e4c738,4
dd5f07ea-f9e1-3c2c-92cb-b86f157eb81b,4
d422d4c0-4db0-3bc1-a88f-2c1aab712fd6,4
7a2b1421-2c1c-3425-aa2b-292c2db39251,4
7a6a980b-43dd-3be3-9fc4-1f99003dccdb,4
17ae02aa-62a8-3789-addd-39c3dae4938b,4
0bec8927-dace-3bc6-9acf-f0c349d667af,4
ba8f6f12-3dbc-36a2-a797-fc236e20c12e,4
f1300b29-952b-390d-9104-cf3317376989,4
7401067e-e47c-399c-ac1a-ee65e1fb7322,4
53f971ba-9d88-30ab-9284-e20ad4c4fb5b,4
d11ffe67-748a-32fc-b87a-c02d2e16d857,4
820d0214-7283-335b-9ca0-6dce3843433e,4
206d455d-fc1a-323c-964e-2f422cad3cd8,4
cadf9880-06a5-3683-a5a9-f4f22b596781,4
7fcfc39e-f5a4-34b1-8199-68d60070216a,4
755045bb-cc4d-3714-a34c-88a26751a6db,4
dccca5e8-1e14-3c19-b9b5-17bbe9820886,4
fd748a09-0121-3759-9455-6ef63423abf1,4
939d7cac-e451-3adf-9c10-d6e679c00ef4,4
dbff77c5-7cfb-3aad-b84d-f426c55b88e7,4
0eb8f0d8-3a82-3597-b7c4-028a5b496097,4
a7f76d74-5b67-3db1-a07b-eb2ea10783ee,4
d1b29b41-0891-3f61-9533-224099efbbbb,4
7ec64984-186e-3420-9241-1af019040db2,4
5edb2ae2-7aab-3223-b684-585721ef5585,4
b0110f6f-895c-3cc9-9616-fa30dee6b620,4
c67fb16b-abcc-3b7a-b2e8-ede8f260592a,4
21c0f2f9-a545-384b-b749-e6427d9781bf,4
348304f9-283a-36c5-84ec-368391f86c42,4
5a72e53e-2d05-36ad-afc5-6f1552a4214e,4
0c1c8fe8-3f94-3f9e-af73-70a0cbdcc25b,4
1c80fbee-cde3-33b5-b2a1-651bccb2881c,4
ea13c4bb-0dcd-39a0-bfa8-8c7236b10be9,4
0ddee7c7-202e-3325-896a-2c4b0fc9bf6a,4
ced8d237-8f8c-35d5-957d-9e20328841f3,4
f418fa6a-5982-32bc-9d25-cae3499f13b7,4
d6fbfb49-0428-3ea9-ad3e-d0d3809ac62b,4
613804db-73da-3fed-8545-4a5527254946,4
2a41f5e0-5cae-320f-8bef-49f12f1a9c87,4
b7e358ca-ed22-3825-8338-8d5f08f71446,4
bd6fa4a7-ba3a-391c-b499-d46924437635,4
878fd170-e800-378b-8e6a-eef237eea6b3,4
7bc12869-2a9e-34eb-b7d4-2d7695ff6f0a,4
60edbcb6-77af-32c3-bc44-67df4961f454,4
f9760748-f2be-39a7-a88d-3725b167b65b,4
301c1f2e-fe97-3682-b49f-7d1b10681306,4
62afbc02-7924-3678-8397-8086f9d2febd,4
16161a52-c41b-3fa4-b43c-c24879404ea8,4
fc4e4bca-4eac-31fd-b5ec-208518331250,4
807187a8-7509-3aed-91d5-3285845bb341,4
81dd7468-a166-37fc-a048-599059bbee05,4
d15737e4-6cba-3618-9aaa-55cf3006e6de,4
e1249c57-7d22-3472-acc1-fe5cb68e0571,4
9e1ede09-ff6d-386c-8184-d8d4d6d6386c,4
03111974-7789-372e-afdd-9467d42d9ebb,4
7062cbb5-412d-3670-8eca-023784148fcb,4
2a8daed5-fc01-3b29-be88-71015c43435e,4
803a4228-25df-3a91-9539-968a6ec3f607,4
21d328e3-20de-3b28-9308-c3dab817d59b,4
31490c8c-b5a9-396d-819b-0a3d1cf9d952,4
e9d6366c-4d94-3caf-a614-b5206c8d95cb,4
82575491-9723-3eaa-a8c4-4889575f887c,4
7911f0ab-c855-3d41-8c60-9b937800a438,4
93ba46f1-7bef-39bd-8ab9-a2f3ae7d3c92,4
76a089e8-2fb1-3c63-8d7c-ce5e4f44c577,4
413b2b4b-cb0f-36ae-8ef7-511390f0d923,4
96ca4cc5-ea32-3292-9482-1b47d050d25d,4
18c0a209-395e-32f6-ad00-47438c98329d,4
f6f5b199-60e1-3917-8293-87f8cd888b94,4
9dcdcc14-6ee8-31aa-82bd-6bfdb1a43f73,4
f374206e-f3a5-380f-8b12-699a709dd66f,4
f705d1db-4c12-319e-8c66-3271c5d3a762,4
fcb15cb3-47e4-33b3-9eec-c6210f8dd2fb,4
630db3fe-c0b6-30e7-8369-e15615edd197,4
e4f77b5c-c344-31e8-a522-9800255898ad,4
81b90ef4-46ce-3ce0-96dd-f6cfd45cc13a,4
1a407f40-e25a-3eeb-b5bd-f7ba491fc3f5,4
b5e3b0a2-6494-3848-ac7f-047f37c2f280,4
7bb045ce-a56d-38de-b8d6-283cabdd698c,4
3fe33829-c1db-329f-a5cb-e7adfc704634,4
50828531-b03d-3ae4-82f3-9b728d0a0f02,4
8a3a7e25-fa7a-3a17-a52a-321f0ecc212e,4
227f4423-f136-3e20-b319-15167f286fd1,4
d881ca8c-614e-376e-8eaf-6556093788f5,4
f67b4407-7e28-38a6-9f72-f698e1d23cc8,4
762b4afe-7d11-3ce7-b14f-794c143fd7a0,4
19ed7e76-c6d7-3e58-a553-a4707741bce8,4
fc64820f-9104-3e8f-8448-9914c03dcd64,4
99f74651-20f4-3728-8f20-90ca39e09a24,4
f9c0d2d6-52be-3358-95ab-7a513154c1f0,4
55ae4afd-c80a-3e87-8356-31e99c866f8c,4
0f22362d-ac63-3e59-ac12-f2f3e0cb7195,4
ef34c199-5157-3e7a-ba88-e5a1dce88ad6,4
84c3e7a5-699a-3f84-a411-7603d85282db,4
9d914a77-e9c8-39ae-ab08-8d90b1f06cff,4
8d0ccc9e-3360-3ad0-9acd-ece125c3b8cf,4
615e9ff8-3853-38eb-a94a-cd85d53c2895,4
41a15525-0f85-3471-8854-985db3074696,4
4b07494a-a5dc-39dc-a571-9ecda8717580,4
bbdca032-90d5-3e8e-9bc1-c3ed999dbb19,4
dd715169-1186-3b86-9808-43639875a312,4
c91e76b5-6f04-3974-b05e-8831d02ee80f,4
eb121a23-8859-3eae-8899-5188ade6878f,4
e6891b18-e82a-35c8-8d7b-e52666c9a351,4
72409b71-4215-3d5f-b6f0-deb987858915,4
d2a6ca55-e376-3af6-9d99-eaa863db4422,4
175698a1-d3f6-3c79-bccf-0ca804607258,4
7de9f215-e75e-30b4-b69f-129fd4f74466,4
0433f071-7d85-31d5-9fe1-d57958babf85,4
68c1b98e-6882-3fea-94ea-3a93b799514c,4
cbb510c0-42d1-35db-9a5e-b2ed0e692f18,4
624db8e0-29aa-3145-987a-027e99004209,4
0c68b2bf-8959-35a9-8bd6-5cefdf4a211f,4
39622d0b-664b-3527-bc53-35cb40df7f75,4
030a68de-0b51-3280-a0ae-9f9bfc21bbcd,4
790fd99f-383a-32d0-8606-78e934aba5b2,4
de68318d-d32e-3589-a71d-e7356754758b,4
1c2a56c3-0320-3b9e-a7f1-60fe886b2cde,4
d28c0222-259e-3217-be37-034f36f55cd0,4
6463f0e5-333b-3181-90c7-16a257f4b08d,4
5bb3dbc9-1557-34ab-8c85-3758c00afc17,4
4da9caf7-06e6-3d96-881b-affa62a381d3,4
695106b7-9add-36e3-a44f-8eaf82764df1,4
c0f0f9fe-78cf-3e83-8932-937f1d604851,4
dedb592f-b351-3378-b738-0e71ff3edc33,4
32d32e51-25a3-32a5-bc45-de31cb5764f3,4
e41bd471-76d5-3b5e-a6e5-c475d589d8c6,4
600c981e-1fcc-3726-84bc-7749d1048f06,4
a06d02a0-aa16-326b-a344-419b32b8e8a8,4
c1d66f6e-8d30-34da-9052-469cf640cfd1,4
36a2ec4e-68d0-3b98-93b5-136f7cc170a2,4
19b834c4-71dc-39b1-9bd9-35e46d372cf5,4
99d2b89d-e673-3a00-9628-e9e0c9aa1939,4
413ff414-cbe0-319b-9b86-b60abd3cbc7d,4
607f6590-b1d8-37fe-a853-8252464d7a24,4
2fdd65f9-e929-32d7-b9b8-244681513621,4
357e15c0-0fb4-3803-b510-857b2380655c,4
66e2e743-a5b0-3c99-910f-8492c8a80067,4
27f6f05c-345e-389f-9019-241cd6efa96f,4
f4dda06d-08ce-37d2-8d27-730b9ab0bfdf,4
087ebe1f-1cfb-3668-9471-0ec85403f43c,4
315b1469-a657-37e3-8500-189d6fa79257,4
d877bcbe-1030-38b2-b966-27975e2b1e2b,4
9f092388-fac1-3a10-939d-5c37bdf646c6,4
fed9965f-6e02-390b-82d6-0451453fdeef,4
8dbcb5a3-9f95-38a6-a60f-50d13e185faa,4
a4fe2dc5-c6c2-369c-94e7-3074cbdd1833,4
f17036b1-fd29-3d61-b366-5dbc1da63b5e,4
a4bc7611-3bf2-3654-acbd-6452072a3ea2,4
0d40ad20-ca63-3f67-a5ff-a2c1dccc2a84,4
6cef2f71-c846-3451-a283-f1ed89ff028a,4
d85d578e-b3b9-3b1e-99c8-ec7fbfde7b79,4
1ad44a60-eaa7-3d8d-88da-d2c05d273e34,4
86f5f4e8-4b17-3c71-a045-8dff2ef81ea5,4
95dd5291-d600-3e50-974c-bcd9fb39448f,4
53de278e-fc07-365e-b282-b342107d9d86,4
799a8b60-c9c6-3a44-84d1-12f4828bba04,4
60cca7c9-703a-3dd8-b1aa-7b0393bf8548,4
58dcbbe5-4e0b-33e9-8a73-442dee29849c,4
63a3acb9-fca7-3568-b810-1267b47f013e,4
0b0fb84c-ceea-3987-b8db-bd78c9d99da1,4
e4cccf22-cb9f-3018-ac86-5ce69e74dc5b,4
7ea0518f-396f-3b32-8e56-3fa7e0e54697,4
134803a9-472c-33e8-9fcf-f6bd119850b7,4
13ec6878-ec52-3ce3-b2d9-333edfa6f4d5,4
05936af8-8f75-36af-b582-cd35e50a8475,4
b4d91ea5-5680-3ed3-be8a-48a92fed3a50,4
4b7cd4a2-f370-3c02-9142-023b4f775574,4
a1e26475-2d94-3107-87d6-98aacab59b62,4
a6b1a59d-0c7d-3e26-89fb-f41b29d6746b,4
7ef82e78-2678-3287-a03e-381053f1c56f,4
c8152ae8-13bf-3d71-9aab-760341d72e39,4
328d9904-6ab5-35ef-9dd2-5debab894eb9,4
9a3bacfe-6d48-3e5c-8f89-329094805269,4
81d04c12-9c86-3e84-b89e-429c3d6dec2c,4
49a51148-1073-35e0-9391-961663067070,4
f4ea8304-1b39-3f94-97c3-7cf1f2aeec52,4
f3e72243-5de9-3595-8b26-1907442e8889,4
b785314a-4916-3aed-ab10-93a4a4e5e197,4
31cbc762-5794-329c-986c-14b72e38ba3a,4
84fc4774-91cb-39bc-8f2b-a6ae502fc9e6,4
107d4117-129d-3f0f-8e58-72f8cb19e15c,4
4e0f5408-b469-304d-92d2-de96a21a8802,4
86db7d37-06d4-3060-ad83-148e05c1ee82,4
6c21c140-bd68-3c3c-abcb-0a1d44d0decc,4
351b9fd8-e6af-340d-a832-0e828625e790,4
52d29d6a-9059-3639-b1c7-54a76ef752d5,4
9af9df3f-8e93-3439-bbc0-bd960cc0f7b5,4
a4d5f611-ff1f-379f-8864-67f4d8e69628,4
9c5c62ef-a628-35ff-9e7d-cc9d4d23eb2d,4
aaaf5000-a6b3-390a-a603-b60142003b37,4
c52ad86b-f12b-3640-b7e3-247c59fc5947,4
73c5e0af-5b75-36f5-b7e6-bc2145aa68d1,4
e5e17438-90d6-3274-83c6-2e95898101dc,4
e6df7b8f-c23d-392b-b6f8-7f6a541f4856,4
2d22e5c1-1593-391d-9cc4-d208f15b40f5,4
bcba3b61-c9b5-3203-b880-19ea53ee809e,4
3fd93892-a454-30b5-8e21-a2b80cf63a92,4
86ad2778-a8c8-3f79-915f-bd010597ac0a,4
8cb7c737-e488-3408-b21e-764717347a69,4
8b0e60b6-930b-3300-acd8-7d8b0c817d34,4
b01b166f-b268-3d9f-9061-869ea19ebecc,4
84a55ddd-baae-35e5-8003-5b50485ba85f,4
541c8313-edfe-313b-ac88-9d2c42fef992,4
d97b0500-f13b-30f2-a359-17b6351af56e,4
d29e47f3-cbb6-3705-911f-91332df56f65,4
e36adcbe-4866-3c39-b111-56e13bbdfb19,4
78ef9219-68cf-3c98-a262-e6144dbdf65f,4
90442872-9bc4-3ca4-9ff4-9cbed5a1b2dc,4
9d6c1db3-ba6e-3402-b6dc-b4464ca505fa,4
221266d9-eabc-3ce0-8451-4fb334a8438f,4
d37ab517-e9f2-3046-85be-72d3d09de84b,4
edf29931-76c1-302b-a714-03416c595fcd,4
7ba2dfeb-8d1d-3c68-a404-96f87d527a39,4
34a1b459-035d-37c5-89c8-f628fc45e922,4
30fbc80b-628d-3a08-a54a-91072ea2b192,4
a2fb3e64-4c97-3db5-b616-4af52f0d0497,4
54944be6-9cac-3b03-83b1-e89bd777ec1a,4
0d036fc1-b4ab-3f02-965a-c19cece532b6,4
bbe3c304-e8c3-3322-b716-33d5c5eec9b8,4
7c862271-ec46-3bb1-9a37-be94502623b9,4
ca3f4500-cc34-3822-9886-41df075fe71f,4
b913a909-097f-3400-9225-6904c3f97dea,4
8b75515c-b4a2-3b53-a2dc-38a34e5af691,4
8a26e153-e19f-352b-9c45-714f9ca9925d,4
0e92ae02-6a70-3f2a-81ff-45503e67d131,4
351fefa5-d779-3e86-884d-efad30b5a338,4
a631b269-8160-3d32-9bbd-2089d595e3e5,4
a55aeb36-7dc3-32f5-9515-60069e491bad,4
91a12a6e-2c55-385f-86a9-8fa8c98d9c2a,4
a86c154b-0994-3c8f-a0a1-665c387939e9,4
53f6a18f-6168-3cab-89f9-3eb84ef56f68,4
6efece79-4acf-3743-a1cc-1f7a5b193178,4
c1f9f0a0-7e8c-33c4-84f6-cabc174a82e1,4
b0f9a744-de5e-334b-967a-7393967036c1,4
0a68ce21-a0f7-34cd-b045-1a00f570bcd4,4
d6d1e311-e111-3597-bf77-dcd4adf68644,4
2f23c364-c2e9-3d14-bad6-7c8018ec5bee,4
7ebe12c1-416c-3d07-b59f-21d58745cdfe,4
6fe7992f-ad25-32e6-b9a9-9806f1926074,4
75f4ae8e-0399-3af7-97b4-efbc1d1fbcbe,4
7cf86ee3-a3be-3341-bcf3-aae4e0f7b219,4
fd629848-21ac-31b3-b215-52b0024c6594,4
b4a6b5e4-9de5-39e9-acf6-f835070ace5d,4
d76fc018-069d-3520-ac86-2bb524cb7bb3,4
d71b1785-c5cf-3c27-a1a7-d68db25af134,4
6497f62b-a69c-37f6-9212-55a7b7a693b9,4
d8da5f18-e1d0-32bd-9438-66d3467d4a7f,4
f5d221e9-2042-3f92-afb1-d71e7e52a8c1,4
f7159e39-821a-39f0-9b07-46e1b76753ae,4
48f7938c-366e-3a39-9f6a-3fdb420e571b,4
e0ca2bd8-cabd-3f5a-b4b6-09edf6680bac,4
19d121a1-d579-3d9d-9727-b6609288fcba,4
cc06017a-311e-35d9-aa9a-5e3dc610fa11,4
1799e4e8-1346-31d2-a74f-0bae3cbc7991,4
c5c58fef-e64c-3e12-b274-0d69fe5ae2d8,4
27b00309-9bc8-35c3-a4ad-5698524f01da,4
2b809c4d-c469-323c-805f-2978fe6c84ba,4
a70e56ed-624b-3a22-ab90-6687fa28a0e9,4
2ca5b0dc-ec25-3502-8a3a-a2bacd916fee,4
605c513a-e976-3f91-9931-2a164caddfc4,4
11c56436-75bf-3407-a382-62a81faa55a8,4
cd5006b2-e9f9-3368-bf35-8a6d81c78e48,4
8ec33dcd-9801-34fd-8f3d-14773d8b8b26,4
af7fec16-fb30-3cba-881e-b19d20885b4a,4
d0e03358-cbdd-3da2-8f44-348582f613d3,4
b99add64-f02b-326b-ae3b-1486d7e8dd2a,4
6cdffdc1-57d7-3eb3-99d7-9227312e2eba,4
3f63d339-9c9e-376c-b59d-d67eea7a0258,4
705e4eb5-ebe9-3685-a15a-d09c577d4bb1,4
0d42c4bf-a1d5-3b96-bc6a-d26896e32c75,4
36d429ab-36fa-3337-bb4f-d65270d0d924,4
b09b426b-214f-3075-9bbb-e9efcc95326e,4
77bcc880-d246-3919-8d97-7e8bcee6a1e9,4
f3cd52b1-a2b1-3aba-b7e3-9661c9a24fbe,4
3b146897-2b8c-3f39-8801-5113c01ea5fa,4
ddf4caec-4a26-3463-b534-8a6c4ff0b654,4
062f4e2b-2d05-3d74-9525-828009a4f6e3,4
353f3c9c-6411-3664-b2c4-8f81cc333069,4
47e0cbdb-c348-390c-bcf3-411ead89d998,4
026fa6f3-fbc6-34df-9e24-b591b7879d4a,4
a4250426-6e88-380f-8ea5-11aed72864d9,4
2c4306a0-0a8f-384e-99ed-8833adb22217,4
2633ab12-c8d0-3e68-b5bf-7461a0d42b8a,4
e5afff4d-e627-3280-a0d4-f66babdea09a,4
9099470b-f0ea-3abb-838e-c854e16f387c,4
3976ade8-0fd9-3e51-a613-05306ca77bfd,4
14071a34-45bc-35a6-bca5-2193ce168f6b,4
c6b18d33-3566-3f7b-9d3c-6448c7d7fdef,4
d825f511-df89-3e77-80d6-d591dceb159d,4
fd1f40d9-4a59-3778-9433-b55304a2633b,4
4212dbba-4fb7-3cea-a8b5-09d9746c1631,4
275e9fe6-8edb-34ae-89c0-97aaa8eac54f,4
3be5767a-66b6-320d-86ec-e51b0aa83574,4
1d2363bf-8f6d-3187-8174-dd83126e1f43,4
a63da4c4-9875-37fa-a888-c8fb8840918b,4
3c5b10cc-f59a-3ce7-a124-d3869ed09b81,4
62ed100a-f11a-3b8c-9a79-40f4c99fb828,4
dc103c7a-2f92-3e57-847a-1b225e88e2b1,4
702f81d1-8142-32b5-bfdb-46b7b91ec7b3,4
2158800e-ffbf-3846-b72a-c5870786fee5,4
5cd730bd-bf15-3a62-96d9-df79962703ac,4
bd8e0088-6ba4-3dff-94fb-a7dff0ce14bf,4
d9eebe84-eb26-3647-adbc-cbe30438b0c6,4
94dadd2e-b2cd-3a89-a102-518f6d79e29d,4
cf910f71-b0cf-3c22-afe3-6b782b2784ca,4
2eedc02d-81e8-3e13-92bf-673faa0aaa6b,4
964d98d7-c6cf-3e4c-9124-9c9956653d63,4
a81c17e1-f213-3d28-8daf-32addd7968de,4
f3a3b991-c01c-34d6-be6c-719a4bbd7497,4
7d611b02-2923-320d-a64e-e520eb133ad7,4
4a9a5355-516d-3a39-95f2-c7f58031f460,4
6dba8651-f286-3615-b422-450c3e1c0af0,4
45717160-9922-36bd-b0a2-84c1d2f85497,4
0b77e351-fdd6-332b-a79b-849538bed4d6,4
422a1b3d-1786-3660-8485-1c6bfd8443db,4
f97243f5-9f6b-359d-96ff-05304b73290a,4
792e6064-bec9-32c3-9ce4-904fcf665446,4
3f18443b-74b5-3711-8b37-8a4a150f4416,4
d2a594fb-0027-365b-9e98-89ff9a222eae,4
9a26ec32-68bc-39e0-9e08-dc1ae6aaf224,4
a3a34f29-252a-35ce-be5c-73b0bf8df746,4
d33c60b4-c712-3e20-b059-64970f38d379,4
0c96e3fa-29ce-39e5-b251-7544355165b8,4
be5c2def-0d93-36e2-beb2-f555da6b9f4c,4
5afb4ff2-6229-3d5e-b83c-ce3a29574a96,4
398365c9-7898-3fa7-94ae-618435490d43,4
b85bd0cb-6150-30c1-a376-44cab135aba8,4
013b38fa-0949-3a0b-9e02-421469193edc,4
6e2148b6-e095-3616-85f0-0c78b7c71c88,4
307e1d72-66e0-3f1a-ad3c-a5e5fc162181,4
82701568-343e-37d9-83cb-7d10d4f6813a,4
f5f0344b-4401-376e-b76f-a927b250847f,4
07e55dcf-ba31-38a0-9cb4-4baf93788156,4
f577dbda-015f-32aa-a4c9-e4a31e3b21dc,4
84034191-2b1f-353c-ad24-a3b223211049,4
28a9791d-d167-3183-b5da-550292a50e83,4
f7fef43c-d1d7-3595-8864-ce5d8c4f3d6e,4
8b028001-ad8a-3a80-9103-06566ac87158,4
3281a660-d36e-3858-b0ee-2a628e3762c7,4
613bcb7f-a58c-33fa-8800-9d5a2feba7bc,4
5de98089-6aa3-36bd-aa6f-21ef6298f29f,4
c7606843-a317-3855-83b0-67e105247971,4
44effa42-1dba-3d88-b8b2-d0a5ef3f8514,4
ed9f8e53-1d54-326f-9640-cda7eb45c06a,4
54edc342-e39e-3b9e-b6f6-8fd1809dada5,4
56f4437a-76e8-3934-a421-127eeca1075e,4
b9bc8232-1b7b-3075-933c-faef1b665205,4
be0e1993-c057-3837-992f-68946ebbeb4b,4
1af69609-0635-3eb9-a6c0-3deddddc9507,4
d4b9ae61-2a4b-3096-bd2c-135c657264fe,4
03aede65-d666-3a59-8a5c-2c53763cd6d2,4
0f688b19-8075-3588-8c1e-c2ba2e670408,4
ed7da84f-5682-366f-8807-00944bca7a34,4
f8ca0d6e-19f8-397c-8826-9ce3279554dd,4
0a4dd1d1-af00-3221-85f8-2a8bd6f4a5da,4
4a8f6558-d2af-35ff-b3bf-4c3620da9d45,4
2cb62ecb-7fe3-3ca7-a6f4-b1c8f01ee801,4
d4b59755-7a44-3db7-8611-a922ef4be570,4
a21eeeb7-8949-3c0a-8b8a-d89032b27e34,4
2c15d249-efc1-30c7-876b-adecd840906c,4
8165e59f-9d10-3bb0-a4f1-c8f4b541445b,4
7787df71-f148-3f87-bc75-ce7c67d52275,4
668e10f9-5578-34cc-9aac-ebc6783aa23c,4
0807c048-7e73-34d0-a51b-f8cc83c11a62,4
d030f8d4-bb41-3a7e-8966-35c8032f2372,4
215b102e-6f99-3239-984d-b508490a0bb7,4
54ef9f42-e834-3577-b311-58233547c901,4
8bed3e86-bb61-3b97-afee-f09e0b7ece4e,4
813f0cf9-024a-3b20-b569-9f22ec58ccb6,4
2a4a2d58-5ae0-3ce5-bdb8-85a31a279dd8,4
eec9e678-4558-34a6-8899-ecd98d7db638,4
5b76027c-52d2-305f-84c1-325143fe592f,4
da9965e0-42f4-3dfd-9888-359500de060b,4
9768d6e0-ae67-3969-addb-825fd46b53cf,4
51545a8d-edc4-3b48-82bc-cfaad68f4e14,4
3a25afe8-e901-35be-9493-68860f0c5a87,4
9e6ce161-27e1-37a6-8d43-8bde3f86b227,4
c5db9ac5-1f83-3f51-9221-a199dd89b07a,4
30dd27d5-e51c-3129-b294-3272c86e11f9,4
4f9d3430-8982-394d-8966-2136ea9255eb,4
0a3d2201-5e59-3676-99fa-0e0781b0f803,4
690d727d-74a8-330c-bca3-c9288dda0c4b,4
78157b77-25a4-3f70-b33f-d3b5eb6e11e3,4
401590cf-d0de-3cd7-875c-c1e40382e14c,4
db7fd424-0d95-3ee9-9ec4-f5b8352a08e6,4
e4ea5aeb-25ac-3986-bf55-6f8a310ce1f2,4
01f19622-d251-3e83-ba0b-5de669d46418,4
dde1bfb3-4147-3e5e-8ba3-6433122d79f2,4
b2d4f08e-b55d-398a-a1a3-beaee45622c5,4
cd1f32d8-8f81-363a-a732-a66f0e7f9984,4
e1e0dd85-4250-3081-ae6c-c23d189f04a2,4
1cdfaf4a-2f01-39ec-bfcc-9eede8986a9a,4
62160d69-5750-3413-be88-9ae95694903d,4
931674f6-0bd4-3ccd-8231-d32c47bdcab6,4
85fe2127-5ca8-3724-b144-374ca87686af,4
5190ae71-aef5-3fc0-812c-7d6c45c7e395,4
81c31395-6f5f-37b2-b50b-63719f911456,4
fbbb9478-7fdc-312e-b041-942218eedd1c,4
5f3b9b5e-d630-3f5b-9776-1552492392ca,4
74a8aa90-e5f4-35fa-9261-46cfe304f91e,4
5ca4d643-4cf1-3920-ba03-b1f1e85fa14f,4
75c18e31-0e5d-38c5-8a0b-193b520c8edd,4
f7200416-7f35-3f11-b6f5-9ae70fb7a9fe,4
9e52ae7b-ebd0-39d9-963f-85a80137e488,4
ec48d0c3-9e61-3eec-8088-9c50b1696bf3,4
954c8138-1414-3fc0-a5fc-73097fe9aadb,4
9192f6be-c16d-34f1-a73b-c7c1f8896561,4
d897bac9-fb25-3832-95ca-94d0e5efddef,4
c09f7e44-b904-34d8-9654-30954d5ac851,4
c2503f4c-c41a-341e-8939-13900ba184f0,4
0e0c53e9-9b0d-3fcf-9c25-bdf491d484b1,4
c6f0dfaa-a38e-3dfa-924a-0d30cf03e45d,4
9f8350af-17f9-3b32-9c5a-714cbf063c4e,4
9148a2fa-d472-32fb-8c88-60eced6e0bfc,4
b35b66fe-a548-3dec-8073-6189d84b0fe9,4
65fed2c9-5ba7-3627-bde5-a6db3ee50c5f,4
d52e8507-5ba9-3fa6-bc9b-0615baeea86c,4
f9d4519a-125c-3285-811f-9b6a817dc400,4
cddb1319-aee4-3037-b32a-68a47cdf9448,4
6f5f14ce-1ab8-38f3-8a20-126b057b1931,4
1217d472-5174-31bb-a915-743b7fc9104f,4
374892b3-362b-3fe4-8408-eff3062fc8ff,4
e5852a71-4820-33ac-b1df-9e68a68e3478,4
d416cead-6367-3af6-92b8-60dd0167c9f1,4
dbd2607b-7ba6-3757-b689-41b817ddff55,4
37d1a9b7-f7b8-395f-b569-cc99c5afc7a8,4
c4fdfd8e-c44f-386a-87bd-92f521bef10d,4
62f89c80-5834-3ffc-89de-24b5aee5dc57,4
7ce877e1-1cc7-3fe4-a27a-3f3840676608,4
cb461627-e6ca-3350-b7f0-08af490a3aa0,4
014e2dbf-1f69-306c-b910-650fe6eebcec,4
69d019f8-f36f-39a3-816e-95fd6c95d4c2,4
93b0b781-7b2d-3c4a-a227-cb884cb9bf27,4
804df88f-3d3e-3d7a-9417-c79681f25c65,4
c7d56966-0659-397e-9f79-83ea31fcb4c7,4
96d0579f-f369-3eaf-8cd7-5972398c58e5,4
7a10dbd1-eb00-3197-a02c-fdd9dd13c657,4
0c34322c-a7db-3bc9-b1cf-34ad46f9626d,4
9df7ff7d-bc38-3ac4-b454-2826a05c8c89,4
95a6b94f-2037-3efb-8156-4d3e9ae30215,4
a1f104b1-32ac-3760-8b5f-df99ea0ba68b,4
9e70dd69-1dfe-3359-9a6d-9a222ec8d853,4
07a2e1e8-5e25-3293-8f90-c426bf5e3da9,4
04606805-7c99-3dfd-bb5d-7ea31e87da2d,4
ab75cfa6-8cac-3e14-b858-a67c726a04ab,4
f018ee46-dd6a-379a-832c-4f688e1e4a24,4
4e91cd46-278d-3168-b53d-97cab38ca56c,4
52eeba6e-39f6-377c-b114-d21857447ac5,4
e391b4ff-d4ec-3384-b193-8bf88e06682a,4
ff3e7909-5e13-3ee8-96f9-7a2a4bc8efe3,4
a2c5587f-9521-3527-9d8c-bda975bd37d4,4
4121e360-2aea-3a23-a349-e252da209d55,4
4150b9ea-2d1a-3fc1-b68f-945d7094261a,4
e25f938a-8a38-347b-9c18-fba20cfb6c16,4
0c3ebe24-eb11-3347-81a0-b3c06128b51d,4
cd853451-1baf-3e48-8970-e10ae8f43ab3,4
c0e40f57-cf35-3418-97cc-c83e49e2db70,4
10a0fba6-a782-3587-917e-5268b2d32b40,4
cbfb7d5e-91a9-3c70-9084-8a86fa455186,4
8e16922c-fd7c-3e94-a76f-51420016edba,4
e1ffb9f0-6f8c-340b-93a7-3095ea6841bc,4
d0f8023b-1a1b-3690-a248-12b8501e2e89,4
83861bd9-fb24-391b-bb91-b30523a37973,4
21c1a7c7-5ced-3b3c-8c69-11412ae993e8,4
033c7598-da21-39e3-9254-e03b8adfca82,4
e7def8f4-c120-3ad9-9efe-4fcb7a3a9412,4
ee06771c-869a-3c8e-9b16-791d90926c73,4
8ca88b34-8d8a-38f2-af2c-7a8bee4f4000,4
b07ca368-7778-33e5-85c8-74d7385f5001,4
5e622702-1eb5-3437-8d16-bcf649debd0d,4
0829cd9d-2a75-343b-b501-83955e5beefa,4
67318c76-5baf-33dd-bdf5-405f23636891,4
92cea382-9ffc-3084-981e-5f33bee1820b,4
1f948dcd-2614-30f8-b0de-43ed2ec75966,4
42979382-8d52-39fd-9ec6-c333441d4001,4
4f314669-1237-3659-b544-11c656d707c9,4
44e0442d-97d0-37c5-b079-eda345375998,4
2f6dcf72-44dc-3e80-b2ca-768bf9aab13f,4
2b35aed2-d25b-36e3-88c3-cdae31199895,4
07523689-c967-30cd-93fc-74ab243b9d72,4
f90d7653-b69f-34fd-a790-e867f87c8358,4
5530bfd3-5ffc-3528-9932-aa0357ebf6fc,4
62c05833-a946-3eaf-811e-e4b5c1175efb,4
986a9efa-108d-3add-b7a3-ab6ee5d273e5,4
d1bf90bb-4650-3592-9f6c-ca93a210e113,4
360afdcb-a5e9-3065-9520-dabe6efdd25c,4
a82d9d07-a2f3-35fd-969c-8a86377af4f9,4
db55c7ea-d5e5-37b8-9cd1-fc997d7794d8,4
056e6e9d-42c9-3c44-8761-75190690bc54,4
205ae3d8-4bf4-3453-a94b-3b9c95f330c9,4
0c207d8c-435e-3fdc-8d71-2322f8fcbbd8,4
1c47eca3-b8fb-300a-b753-e9196f423f82,4
22f99be4-616b-3cfb-abda-091f346e025e,4
fd213b24-c646-3191-8d39-a4d6964a6d62,4
61b644f6-0a66-3787-adb9-3c48543d3fee,4
7de1557f-7439-3010-ba96-011044988a0f,4
8019b9be-bb11-38ba-99b2-f9bf334a05d9,4
93092c5b-67cb-3cd3-81f2-2cc53b7a6ca3,4
b0c6929b-b852-3278-9cb2-102979f87794,4
70881275-4d21-3886-9a21-3e85b3659f0a,4
4c35a893-236a-3978-af86-3c39088c3139,4
40cd39ff-dffd-3329-b250-1a8e4f46d3b8,4
82da02ad-75d1-3627-baeb-540b945dde84,4
18026db3-069d-349b-9751-0342e19b1bce,4
bc6e947d-1b44-3ba2-80d0-4faf3bd2bcab,4
54005042-7ff4-3f62-8ff5-71080a5b70e0,4
ca089b52-7b29-3eb7-9dc9-aacba21d5254,4
7b6ddcd4-8787-36ec-94b1-e9ab1017ffcc,4
2c4afc9c-0e18-33b1-a152-97d4b2027550,4
ca8063e6-c2c1-3d09-bc37-5fcb7e4ac2fc,4
2e6294c3-0cba-37cf-aa2d-91730ba5b14a,4
5f70867f-0ce3-31b5-a23e-ef9e601ea15b,4
eabf4d44-8848-3448-99c3-e25738ef694f,4
8c1a1a8b-93e4-3166-9246-1d9c48ed23c7,4
809c1f07-0641-3a44-b343-755e603251cd,4
a9402826-9a07-3bdb-bcd3-06adb1e7ce47,4
1fe40612-39f9-3a86-8e98-28c46d8007e3,4
6ba42d2d-bf76-3c92-8557-6c91eb4c4e47,4
5519bf0b-a285-38ad-83a7-4cf0a8b95c52,4
8dd86ea3-25ce-3152-bc82-1307b59b40bd,4
74cf2783-e37a-3c41-9696-93b38459c477,4
bffe7493-89ec-3183-9f28-6965481396c6,4
3e84fada-6ae5-366f-97be-7c3275d85a0f,4
69389a18-c52c-3c9d-8f7f-bcba14362500,4
b6b76a24-1446-3861-a392-4e3de5fc3359,4
7e505cf0-3c2f-3c01-8993-256453e7d456,4
711cdd66-6db6-3f22-ac54-ee078195b80b,4
539097c6-7c28-3a41-90ec-d65f6b0e4f0d,4
396efaa2-9536-37cf-b3b2-e8b3420a03d5,4
388498c9-835a-3497-b712-4d6609d7752e,4
64faa842-91c7-3393-a702-241623765483,4
d0d1def7-8d27-3c98-b22c-f0f95dee7b6a,4
cc46552b-a05b-3da0-a11a-d742f9225e69,4
da850c59-4208-38bb-bad8-2a18793b926d,4
2db19dc3-0877-30c4-9973-4edebc8d28c6,4
dbf15051-c04f-3fd8-bbee-15f3bfbb0cdc,4
5970ddaa-948d-3014-a41e-113fe6abc421,4
1850ea43-fe09-34a4-9523-369f270d92cb,4
179459c0-77bc-3f4e-bdf4-b1eaaabdeeb8,4
65ce7dee-2c4d-351e-ba0a-ccba1a07df08,4
8503bfed-120f-3119-bb3f-eecbd00d3fe0,4
4d9e3dd5-4e25-3c30-8040-734412de4b0b,4
156a82d3-5cb1-3199-abea-bb1850bd53e7,4
bf2f7ab0-cdbd-3f2a-897d-abe86f254007,4
b200cd2c-f17b-3959-aa15-8a3809bfb7a0,4
ef74d395-c916-3c4e-a615-c7105e3990ce,4
79ee14d7-3d79-3592-b939-24850eec0952,4
d76ac926-375c-3494-b945-f7101b32717e,4
2daee3ee-7dd8-3f30-b3b2-a08f66d24537,4
cbc93c39-cfb9-3b80-a4e5-0ed1abfc8286,4
7eaeb9f1-cb16-34b2-bafd-0b9004cd1068,4
72c68acf-d087-380f-bf45-791780bdde3c,4
e3b7e6cf-a316-3d57-8580-93483b7646a4,4
291f8582-0813-383d-9842-601f343fe81f,4
3a74820a-20aa-3e1d-ad4d-c54e58f25e1b,4
444ecf24-3814-31d0-9c87-b0eaff2d6bf3,4
d37bf798-fc42-3cc6-acb9-0833aa0fdc32,4
89db5955-178c-3f94-b175-f94dcf908e31,4
da68919a-fa9c-3fe4-bcff-15cdda56dd75,4
d58ea469-1525-367c-8fb6-d4c1e17cfe30,4
0d1fe3f8-b5ec-3e55-9c56-4dd8220c451b,4
2ec1b329-f8db-36e7-9b31-a9239de5161b,4
2e806f7c-5b94-30bc-ad94-4e7f7de1efa3,4
63b8702c-838f-39e0-873e-aca2f83f36bd,4
fe7c6f95-c71d-3f67-852f-49673d4601d2,4
5c2ff987-3b0f-357c-8250-7b8dc1dc6237,4
6123508c-482d-3a68-97ac-84f0d7d1ea7c,4
b47f74cd-fb77-3711-8e3f-7e28455cf2ff,4
7b8cfe6e-7f79-3d0e-9a50-f507ae28d891,4
e841b4eb-9650-35fe-8b8f-05ce516e2674,4
a0c40d5e-0aba-32c9-98eb-7c6180a54bcf,4
50c40cfb-d534-3d45-a92a-d50e0636ead8,4
166f5698-fe23-3c2e-af94-805c43e75881,4
d3563260-4a7e-3cad-8cff-5087efa32057,4
2882c2bd-ecb4-34c9-a91b-d3b944ef19f0,4
c5fc4649-d580-3087-aa7a-f3fa492fab90,4
3d2c97c8-8ea1-3ca6-995f-33619130a574,4
5a275e3a-7980-3f93-aaa8-6bf6ac18de4e,4
6adad1cf-4a0a-39b5-9fed-24017234a785,4
32a699e9-3f08-3b93-b72a-a52398ed3944,4
614cda3e-37bb-3323-8bbe-af7b75a8aead,4
7e586a4f-40af-3596-87e8-9fb5616e2f11,4
a402cbc7-bfcc-3861-8aae-e9ad7f62e420,4
6a4c5bc4-d254-3e8e-930e-23ea47f1dab2,4
34128d89-b692-359c-b4cf-13d8ee6f37fa,4
8c249209-d05b-3c6f-a79e-34b696adb3d0,4
2149e8af-2c0e-3062-97d6-853cda685cbd,4
c753ffd5-2525-333f-ac4e-e091f4954ad0,4
10d40071-6558-3fb7-94bb-dab88965ee7b,4
7d4e7364-1b8d-362c-b354-e85c22d64f93,4
00d45041-1b66-3c15-adb8-4c58ccd4f7a2,4
8896ee5a-c01a-32c1-ac7c-33400e6a6a54,4
f3976421-82d4-356a-8a16-f2e8bd5ba850,4
65f221e4-ec7f-35cb-9920-5061df8cec8b,4
26b365be-5420-319f-a48e-b0ee8138956d,4
f32c4399-683b-39f3-a6ac-9d16a764f2d2,4
9d5dbc17-6471-301a-b8f9-9f72e75cf51e,4
1f3c3c05-fe48-33bc-ae78-cd83368b38a3,4
c0f331ee-f385-38ce-9127-7a623ffc7491,4
ca73bd24-62c8-3040-ab61-f545aacba4e1,4
efb6194b-f2ca-3868-9e21-ca32fd162bcc,4
bb7e461a-2c6a-39c3-a0a2-22fa94f3611f,4
e53b68bf-3db5-3c1b-aadf-69d1ea2d74d8,4
50bd0294-8c19-3633-9d2a-30f1c8b1d89e,4
c15203a4-93a6-3a2b-9d1e-c244b5f65788,4
8df83a6f-f392-39ca-bbbc-731528a3b705,4
bf5075a2-95a0-3df1-8b1a-8409c80178f8,4
3c982cb9-befa-3101-848d-93eca8d26046,4
47ebe64a-c5de-3ab8-bbb3-ee4b5f165f1d,4
45d6aaa4-b9c2-3583-908b-a1237999fe23,4
a9b67b9d-6e03-3242-8c5e-7e4fcd4ccd40,4
8f3f721e-a992-348c-a59a-92aab8ef1851,4
866dc141-462f-3f17-9059-e060046a327f,4
107f01c3-87fd-3541-9b6a-c9eb47e7bc30,4
0dad2ce7-44fb-3637-9f43-aaa2a623227f,4
cb43a14d-2cc3-3a01-bb4b-69067038f97b,4
ef0a738e-523c-3ea9-b67f-0c5d2fc711e8,4
3aa9d6bd-bb0f-3c46-9581-a970baec84fe,4
a5d5515d-7bad-3df8-b18f-7b3e71312d14,4
cc2bca6f-6d7d-39e4-90c4-bb002cc7a06a,4
89bd1155-8f52-3f7c-ab0f-28ba4ae32ae1,4
17e35eb2-6abc-377e-bc40-6bd558ff74b4,4
8d637a28-7218-3d11-9eab-00133483d981,4
3aa693c8-888d-3aab-82cb-fc9391f0ac6d,4
b1065037-d0ea-3e98-b641-31cab714f81e,4
ae939d6f-6154-3b10-a8f8-210effa6f797,4
e2fb3683-36b9-32e1-8fe9-fe5a05b96848,4
b3895700-1449-38c8-b4ca-5484e3c708f0,4
20bc80da-7bc0-3357-860a-2bd9e4e88010,4
74a459f0-3820-3469-9080-217eba60caf6,4
c89997ac-1d82-3b64-b52f-575e219570eb,4
59c8f323-9e72-3495-9d01-ccff82c4554a,4
5d188399-66f0-3458-8609-14572fd35313,4
07e9deb1-64f3-304f-9b8e-855ae45597ae,4
65d606ed-14dd-3494-b064-7c5fa8845d22,4
195bbc26-94d5-3911-8cb7-87cd4b25b9af,4
59fd34e3-341c-3a27-bd14-0a7fccffdb15,4
75db5c95-a2df-3e4c-99a5-a0bc26683b33,4
aa2478c7-a2ea-3223-9f82-c99a4b4f4b8e,4
ed817ddb-31ff-36fd-93fb-e57e3b6fc9b3,4
38e5a676-c4c1-3e2e-9cbe-3b1a8acd881e,4
cdf026df-30b7-345b-bc32-881998037c4a,4
77f45492-5be3-31fc-a78d-1b3abd1d36e4,4
9cec6e94-b0c5-3a7a-9580-5a0b7584cd3e,4
aa1a2624-dd11-3b91-911a-b9382d187b06,4
d4fbb351-c653-3940-a7e3-c3d33c48c99a,4
ca05e1f8-15df-38f0-8fa5-036940489d16,4
348839c6-8447-3d28-a9e7-846ce8bf4973,4
7f1e8011-9209-39bf-a196-7a8bc567f096,4
2e8148f7-da0e-3eaa-a68b-e7446a1f6baa,4
4d51945e-4ea4-390f-9734-a093a02038dc,4
e64ef284-abf2-33f9-9567-bd0c4413a3c9,4
be322776-efd3-3a2f-8de7-fe199024ad14,4
ece98d43-70a4-3105-ad67-15aea5fc24f2,4
49386548-a200-39bb-b78a-7e734dd6ff87,4
ff8e2f3d-58be-39b5-92ad-b36c6240129d,4
7dbfda48-da88-32b3-be97-941c3e8d4bad,4
cca3dd5f-1616-3a6e-b54c-c2899e3afa21,4
7597bbaa-1ee2-3902-834c-dd8b861f858b,4
92f032e4-4659-3ece-9a30-ab7ce8ceb061,4
61656380-06ad-337e-8333-4357c8a5591c,4
0e9c6c28-09ae-3185-9745-3ea5189e25c3,4
bc8fc5fd-b83e-3f42-a7ed-762dcf92c52b,4
cc32f805-9543-3ff9-9161-49719154c332,4
cea93fa4-c1ad-3a4e-a4d6-8fb6a9f86908,4
344c9492-2b88-3b3e-bcb3-dabff830394b,4
3a3a8bb6-77df-32ec-8054-cc8ac7974cbc,4
cf62b837-5bf9-3296-b8b0-0548861fb955,4
b9390603-974b-3095-acd4-1af954105b91,4
e46e8037-bde6-3a42-b83d-2347a62c39d3,4
e2a3aec5-4096-39bf-9121-d98bd4320ec0,4
754dca34-9969-3656-8a28-fee8c8febc9e,4
c1aab420-6d77-38f2-89dd-5277396f6ac8,4
04df70ee-77e3-3379-a498-bb9bf71798e3,4
4e37551c-3142-382f-ad8a-06768a40790b,4
3af8ef32-79c0-3a7d-ad0f-afe91cb863d3,4
88a26206-dd72-34cc-ac8e-952b65402211,4
bcac88bb-aee3-3cdb-8864-5363ac996b3f,4
240794e3-55ff-3e2e-8f41-2d7cc2dff5e4,4
ad75832e-c887-33b0-95b3-f7a8e4672103,4
9ea8c06b-9922-3283-bbae-75b2bbdd70f1,4
0eca3ad4-29d4-3a7d-9442-cf034dd3ae2b,4
3cf28624-98fd-3ecf-a000-c62b54cedb5f,4
f746af8a-9922-3afe-9221-85017b9ddda4,4
222ad964-0ff7-3d87-a55d-d98198a30c47,4
a15f8b14-f27e-3747-9b55-453374dd6d3c,4
5e4aabea-4fa0-3e38-98ce-246ec7ef4ff2,4
ef3a3c53-7764-3b82-b8ab-53f5a679d701,4
d7930a64-baa2-3294-99a4-d75d12a46bad,4
2989cec9-bf27-37a9-9106-26c64ffab309,4
78c4d2fa-2523-3024-ac27-8b2cbd8e6d2d,4
277fe5e2-24a4-341b-a4a7-8d27a795c777,4
c71e526a-1826-3eeb-bedf-bdba07a993d2,4
24c1cf9e-3d45-329e-87ed-26b01a916234,4
1aec7071-e3af-3bbb-a23b-501d5e81ec92,4
d89d8393-fae7-3dbc-84e3-cc2f861dd8d5,4
dd024057-5d90-39e2-9b7a-6b783eefab70,4
6b3aec47-2b02-3741-b708-816e7af4f0bd,4
15faa75a-73b1-3323-8c11-b7f7ca9c9292,4
7c2057e5-7e9d-36c9-974d-5b63122b84b3,4
ed720234-46a3-39e8-9129-753ebfe3f19d,4
d59049f6-02bb-35ea-a3ef-d55c55d6deb9,4
b635efe2-c276-3ec4-9d09-7ef7f46e971e,4
d5bff367-c5a4-3f94-9b17-41f94f93df1d,4
f13db50d-f38b-352a-98ec-293df9e228ed,4
7bfee465-5ed6-3bda-8960-5f222d42b5cf,4
255a5ffc-05f1-3719-afdd-7c1c4bd74590,4
b6817fc6-0f37-3fc5-9c9c-6de9408b2297,4
63b327a2-f821-3331-94c1-ef7565e3b04c,4
affa8252-819a-33d9-ba5b-a6289367c46e,4
801e092e-5442-326b-bc6f-08ca3ca0b4eb,4
0e1ffa3e-1573-38d0-b5e8-6ca771860dda,4
2d01523d-08c0-349c-aeef-3e78d82acec3,4
c60259b8-64c3-3f3f-b248-cb12b9b7f20a,4
4df98570-cb83-3b29-9f8a-625475ead991,4
1a2230ac-67cc-346f-a3d2-920884f7b678,4
694e02fe-35b4-35ab-9808-829c2f6f8f1f,4
b744b640-b801-369e-a998-fa0c9c0fd73d,4
7f55139a-2b4f-34e9-85f4-593f2052c803,4
b2d16f0f-3a33-3045-ad96-dc88aca45a7b,4
a19881fd-6fb7-3cbd-908a-40b32fec6575,4
feb6cecc-c585-3535-86c7-c1e540f88edf,4
1cc977af-9951-3f12-913e-dac4c99eb7ef,4
fbc5a70a-82a8-3b48-8e96-19ceb96e3fd2,4
d5d39064-daa8-3d5f-bbd7-f64429003020,4
8b7c8895-bcb5-3f57-ae69-1c3bd20b4267,4
6471821f-257a-3682-b8ce-6138317882c0,4
6523a580-fb99-3b38-b80b-4666d05b5673,4
9e19e7bf-87b6-3174-888c-502e8c1ffefc,4
09720fba-ead1-3007-aed3-59f7757239d7,4
3f67f23b-036f-391f-8e25-5b868fbc905d,4
7889ae3a-ae37-3dfa-aa7d-9cee64ba1fda,4
57a67654-5896-3019-8f8f-aea9f39fb821,4
a78094a1-8261-33e6-b4db-4f2e20544e0d,4
aa3d332e-ccba-389a-a3f4-983ab56443a9,4
31d2a1b4-fe67-3117-ace9-448fd009f626,4
2ab5d735-1117-3dc0-b0e0-5bb52b7e90f2,4
18b780ae-4706-3c21-a0a5-c87898461c9a,4
b905ba1a-9450-3246-9f5d-8c0e362e85b5,4
c3447282-c941-334a-bf4d-223c1dd5444a,4
1b4662d5-ce57-3182-8231-c4d0e0367897,4
f8224cad-59fd-3f64-918b-c127320d72f6,4
2ae7c9e6-73c8-37ce-8657-b386926379da,4
09933d7a-2b1c-38c1-92b2-1198f5caa20c,4
5dc270f5-d881-355c-b31b-d33a0fe4537d,4
e68e4cb2-789d-338f-a539-cf5d567a9ce8,4
cec3d0a0-70ed-386b-bffc-77024893a2d6,4
d08ff31a-7747-35a9-bad3-52d2665d62f0,4
49addad9-51bd-3f8f-8514-b7ccb32c6397,4
93abba76-9a7e-3b3d-8c9d-da50176ef317,4
e5fc9410-e692-347a-9015-5bc50fbdb5e2,4
69429c8b-04f8-36d3-a96c-3c4ac3d183c3,4
2dfa2e14-99bb-3199-a8fa-c70059d4894e,4
32f3a613-cec5-36f1-9aa1-ac4c9f035337,4
c6cc0dd8-0db3-306f-959a-92aa91cd1c60,4
4533091f-9b6b-3c70-99ab-9e6e4e1b7fdf,4
11ffc57d-09d9-3f7d-b031-76725de8c4ca,4
99df540b-6410-3d0e-830a-57e181fc47dd,4
f1b4e365-5e1d-348a-a268-59e8c7254c9f,4
b3215a9f-59e4-388b-ad8c-2767d7934468,4
7ebd3427-4410-3295-858b-9414332fe362,4
a99e85a2-a33d-33dd-b465-1176c5342dea,4
a19b8ccf-56cf-3eb4-ad42-c00d07c2c468,4
89e267c6-2f87-35b3-8255-a672360c1791,4
c42b722c-c90f-3401-bc4a-d3c329c85d09,4
78884519-7368-3a3f-b7d8-a46c59005c2e,4
a881ef5b-2bac-382d-8972-879ad6e35c5e,4
0cb6eeba-9801-3074-9132-55d8439adfe8,4
7c29ea9b-d4d4-370c-b7bc-29d23f6bf03c,4
3a5ad2d1-bf50-3528-b846-941c9ce19390,4
c375b318-f75c-38fa-a18e-89fce72d5ba7,4
be24203a-8c94-3205-98b5-792d616f4ea6,4
75760683-a496-3ce4-838c-b64a0349c2b9,4
775989d9-c361-3e81-98d2-72b02c344d00,4
fe598612-1b45-3ff1-8a8c-eab7cebfc44e,4
ef83b9ca-1c94-3883-9df7-e6a9818fd771,4
f7b63883-cb6c-3831-afe3-b6ee676a8891,4
8ab7cfc2-5577-35ed-94a1-ce36c8ce8502,4
a0f4a103-2270-3219-abdf-83492329c308,4
6a9cd69c-788b-3ddc-ada9-a91cd1645a5b,4
df53e1d2-5bcb-3176-ace6-28f1d8aaeaec,4
59c89e54-025a-3350-8401-ef1445ddd030,4
e4b03d18-94d3-3ba0-99e9-c61fc3c8aeed,4
883e3744-8c66-3d50-a5e4-891c8398efeb,4
dc1831cc-a3e0-316b-9a04-649ff2930d56,4
01c7d062-838f-3b5c-b9e9-44dc90d74998,4
2a885855-e395-3954-805d-596fb468631e,4
fe2d460c-91ff-3dae-aa6b-0027ea2cdda2,4
fdfe07ba-9ddc-33c0-9844-bc86c1c29775,4
1a98cebd-ce45-3eac-8470-899fd9e6cb09,4
7d14a044-e109-3149-b0d6-0eb3220891b5,4
b2df603e-79f9-390a-964d-18994185eeb6,4
1f2f1f3c-fb23-3cb6-8e20-b18214c4baaf,4
0602431f-3ed1-37f5-99ca-774c632f13a4,4
169bd3fd-b8ca-3c52-aec5-34fca799b201,4
36f4c2e1-317b-3e8b-b8af-ee05b6ab7cc5,4
c1b28412-8a6a-34b3-91b3-b0fd567e889c,4
d4592a65-2214-32ab-ae88-d7576f46f447,4
7bdc75a9-032b-34e5-80cd-fb14d926673e,4
0feba4c7-93d6-3105-95d5-2b88c1a126ef,4
ba308b43-af8c-3733-8551-7741fe14675c,4
25396b9a-6f7a-30f0-8d89-2a2b66220165,4
40c0c2bd-e05f-3c69-878c-f7e7e273ba75,4
4eece6a8-0fa9-308e-8573-67d2e0d7f8be,4
d064b922-9cfe-389e-80e1-7c908f195928,4
ca36c9e2-5e5b-3d66-a0bf-47f7aeab2eaf,4
65495930-3e90-3254-8cd8-20f1a124460d,4
2a6abf87-1604-3c27-90ec-b7937a4589ae,4
3c52b59a-77d1-360b-b810-64f11cb592e6,4
11f82a8d-1242-3e6f-9cbe-123bae0c9c66,4
390c1309-41f5-3bd9-85f9-8a3f34f495b6,4
2cfca6dc-2936-3210-8b22-4f8ecd32e634,4
6ddba25c-726d-3097-9005-277440f21119,4
3816853e-568d-3ec5-a48f-5fd42eab2403,4
38ad95d8-fdaf-3636-a934-c97a3e3ef210,4
58cbbaab-f957-3463-aad3-86e9efc08caf,4
dc832e9e-cdca-306e-a4c2-01a147df853c,4
78187d44-e19e-3d2e-8d5f-fbd222b9afe6,4
5c9df7bd-dbaa-3564-89e6-61ab523dfb02,4
4c3222fd-988f-393b-9762-c89fd1414786,4
08a930a8-19f3-31fd-9532-919e4c7d4273,4
20eb0c82-d24d-3e5e-93e1-8a9600257967,4
0f7244c2-8adf-39ab-bd42-d3f0b7310993,4
b419bff6-67ad-34d5-a0a7-2d2a89524dd6,4
d636fbf0-1d25-34f1-ae9b-5212aaf3b89d,4
21f1f403-0c49-3350-98ad-6622b248fa83,4
1408feee-1a83-35ca-b4dc-bcd572c65e5d,4
16d6d956-724c-31c0-a287-fbc69cf3de6b,4
5db332f0-dab9-3c11-8f64-b10b8e4dbdea,4
ffc8cbf2-9210-3062-a781-bb23e92287c7,4
962d9dc0-40df-3c73-8d52-3b9dc3fd604c,4
dcb39c2b-1919-3d69-83ea-68f5b89b3a89,4
22933806-c658-3def-91f5-a1533a634861,4
fed4e31c-4acf-3e07-9013-fab1fbc15d44,4
70b030f6-eb79-3499-ba4f-4a5b0497ab61,4
72098d4d-9dcb-3da7-a547-820963029986,4
6992f220-15f9-3c91-8bdc-1c22c184dc71,4
dca10189-b2d2-339c-8d43-3d29196e564e,4
62aadc5e-9c6a-3e84-86b2-fb8935f7a96e,4
5f4a7f85-0e43-3daa-8927-a5baf5810b49,4
4d6f9c09-6592-3f98-8c08-09c96e886600,4
88dd0d41-91b8-3a0a-b935-38d4cde9b60f,4
d424109e-077f-36ed-b497-44331fd8ca1b,4
c6b041dc-de5e-35b8-954e-4f7929466974,4
42e71bb8-d118-344a-b56e-e025009c7bea,4
152ed12f-0976-3812-99ba-be126626e19b,4
c3d62705-46e7-3271-90db-d106c6ea138c,4
de868a38-729c-3fa9-99e5-26c87058cfa1,4
261bfe86-cf0c-3d15-a3ae-e38500b28d35,4
f21077b9-fa1c-32d9-9bac-190574378153,4
03e65f85-fa24-3a68-8a91-6e0850d69328,4
0cd11836-3a99-38db-b038-ed71e63bef59,4
4b30089b-3694-3371-96a0-5111ffe94221,4
6a2bb09f-856c-3df6-9942-ec8d37fa83ed,4
ee178ab7-f54b-3d71-ade2-a6b7301eac17,4
564b2fed-c7b8-323e-85a7-535bf8bf449f,4
97efa1cb-430b-3144-8f75-c4b71672af4b,4
10324dcc-5c70-3e24-9487-cfc11ef34b38,4
3c624c0c-c09d-35a1-a658-3ff249d54a8a,4
e93d5d74-6e82-325d-96f1-29ca55af67aa,4
d15c527f-d8cb-339d-a89d-55aefe31009b,4
d82d952a-58c9-3723-ac0c-bfcaf4d566c1,4
69fa2e67-d352-360b-995b-d8dace4abb6a,4
de996a14-7d13-304b-9212-d376d3675bfe,4
b30a458a-060d-36ba-9fa5-55df6aed85fe,4
3835ed43-2d69-3816-ad08-f479ceb739bb,4
bbbf03ae-7518-3c1a-a500-24834e791bab,4
f340523e-0685-3100-97b2-55a7d111c7af,4
151f4b0b-c731-3038-aff4-d14de84d3310,4
ed3c0c4f-25c7-324b-a0de-84d804fb7a68,4
94bcfb1b-8cec-3550-962d-00b8d6117d6e,4
6ac4fd07-8896-33a5-985b-e7fb10a50380,4
9d81e35e-bcfb-3b86-a3ef-f4149be4f658,4
dde7b309-2541-30ef-8fae-32e98e6123fa,4
cfb179e5-6987-361b-98a3-7ed16a33c402,4
c47fa924-57dd-338f-9241-c11c6a873bd2,4
caebbd69-e4d1-3d99-a162-1900c1bf9d56,4
70bbc630-3961-3bd2-960a-f3d5cc6de9bc,4
7d0b0486-9cfb-3a62-873d-7bbc8d129494,4
81e66b35-8e13-3b8c-8616-870abee9fe69,4
92e17747-f05a-36ee-acbe-48b9a9774f50,4
381a7029-8671-34be-abd9-39311ad85e1b,4
ec28d4dd-8d10-3160-ad86-c4e04602e91a,4
9058aa06-e8e0-3dd4-ac58-45b6d0ef242f,4
c785d6a9-465d-37b5-b863-23fe5097b9be,4
c028bc56-8915-3a93-9dee-69522874b7cc,4
09e0fd33-dc7c-37cf-a9fb-2aa6f6bdda13,4
02d24ad6-7173-38e4-8e28-5c1c0ab9326b,4
bd650825-b52d-39e1-8b7c-c13768674170,4
16074f45-4b57-3b4a-b2ac-530d9f0fb90e,4
1d2f72a7-9b27-35bf-b4d2-81692e795559,4
dc67400f-7241-39ed-9d04-94a09da609b8,4
8333e384-97bd-31a0-8fd0-78652dd0fd1a,4
b90b860a-b5f2-35df-bc18-26b7a412d4c1,4
ca038b99-0923-3ecd-a12e-c6e5950facbc,4
1ea55fbb-1fbb-3bdc-bc7b-239865479c8c,4
64f988fc-f27f-3400-b37d-0a16f65fc9c7,4
2cfbf0d0-58dc-30da-814b-922fda300f24,4
80b9c435-8a5e-3501-b6b8-657e2f62dd1f,4
3c271314-d24d-3498-844b-60d6ee6cdee6,4
138e8ee5-51d0-3c0c-810c-8271af6fad98,4
d91129b9-54bd-3082-ba94-1069fbe98503,4
f40d6f4c-6c1d-3015-b3fa-9f775c1c23a4,4
06004670-bde4-3c3f-a8b4-7e26cfef0cd0,4
29efdc05-b536-33fe-9925-dfb55097bfec,4
95329f56-74cb-37fe-844c-3528d12cb67f,4
97749b9b-c1a7-3ed3-ba43-8defda437afa,4
461dca1c-3753-3761-840f-da611f678d62,4
4458db9b-6092-3193-bc01-70fb757217ae,4
b54b463c-b814-3f58-beec-521d7bee46fe,4
a961445e-4eef-356f-bd13-e8f2e21e8357,4
699d17bb-7e02-331c-bd5b-2522dc710492,4
99ef5854-9c99-3410-b7c8-6127394b9f06,4
30586ed1-123a-33ec-a26a-3138ca26f2cf,4
26f02c5a-c3f8-3a4e-9436-7d4c92cfbb5a,4
b53077bc-2070-3a87-ad10-b2cce9ab828f,4
32b20188-4ffc-3088-b763-3692b0cf5dfe,4
c01343a2-7ec5-37d5-a611-9df820b74a4c,4
545aca9f-403a-3350-a385-c79bbc55f117,4
763db522-6c0c-3fea-b191-459fc7d2da61,4
106ff8ae-48c7-31d3-a6bd-77b64f2dcbe0,4
e835909d-11f1-391a-8aee-7368d5b943b6,4
d190accc-8239-35f3-b947-6ce99b590fce,4
9f48729e-570e-3e03-897f-ea721e828fc9,4
db28892c-03be-32c0-b37b-0936f5418aff,4
9369d136-e98b-3e03-ba54-95d6543abb3a,4
34e8099f-395e-30c0-9234-0171741c1155,4
660a681e-c868-3a77-8576-eb7194e2d72c,4
c336e883-8942-33f5-8a2f-f307258793c3,4
86a0e708-952b-3547-b95c-638a9fafed8c,4
8af40a7f-7a0d-38c8-9525-eb519f4451d9,4
0b9f46b7-d74e-382e-9cb4-baafd4c09d92,4
1681208a-bf42-30b5-899c-42d9196985e4,4
2673bb6c-802d-35d7-ab93-80c5db13e86d,4
c5e2c346-ac8b-32d7-88d1-4565c8b956d1,4
5d4fe794-9675-3807-9f65-6171ef7718e2,4
7224012c-b850-34e1-a9de-1eef275021af,4
138a4046-853a-3c44-aba7-01c402bcc3ba,4
184f49e4-f4ab-3ec5-bde7-505ed6affc21,4
5461117f-9020-37c4-bd2a-a5a2d8079e8f,4
aa1537a9-f86d-3e4b-a1bd-423abe5729c4,4
11322199-a46d-3072-a469-1eebb9070250,4
2515f021-5e18-3f32-a2a6-19bddb12d16f,4
8f05bd1e-8f2f-3709-8a40-f73f7454b06c,4
72aa32f9-4e4a-3acd-a6bf-5b34c3deedc7,4
75224450-dbf4-318d-a9b9-56e6739050ab,4
460cf735-aabe-381a-b1a7-b45ba42ca8d3,4
20a4e99e-21de-3fe6-b59a-b0677811a64b,4
955429b5-c236-3591-897b-fc35564dfe2c,4
bfad0c2e-5134-3b4a-a55f-760d214cf241,4
a50832e9-bd8b-3877-a8fa-2c80c1438ea7,4
3c410ffd-05c9-34ac-b43f-0e7a5e8ab478,4
7c1a67f7-e181-3c7f-9584-f00e354cbde8,4
3723f5bf-3674-38cc-8e7f-92dfbc70cc26,4
22a0d106-bca3-3d5c-8771-092ec57b6277,4
e6311ddc-3981-3447-abd6-b73d94d2d0e6,4
97366a33-dc6f-3d42-87c8-e468eb14961a,4
3db7e41a-54aa-389e-891b-b91e66729b36,4
7cb05c48-dd05-3d29-8f9b-5275dec5ba51,4
2f4de9b3-d6e1-36e5-bd33-d7bd97389bf8,4
6a0136d5-edd3-3551-815a-e253bb6cf4e8,4
45f2c7d0-09f8-3ce0-bca4-1ba20c7520f0,4
062a608d-90da-3aea-ae30-1037f76408e4,4
83594157-adc6-3d8b-80d6-e2770c6f9b4f,4
0e6945c4-e2ec-3acf-88d6-88c79e3acaa7,4
9a360c7a-226d-36ce-a212-007150e20143,4
230b323f-7a46-3e64-a5d5-c4412c91b2da,4
ac973044-04d1-3201-94ed-e7c86107ad0b,4
f006c6e5-e18d-3e27-99b3-2cbf69a8e446,4
a54d9cf9-cc97-3719-adb4-28552a65bdf6,4
db57fd74-8f4d-31f6-87a1-e72cee730f60,4
573d5075-c4ad-33a7-8b51-1ea14038e13e,4
0631644a-421c-3acc-8e1e-e335bbc5505f,4
62871a89-27e9-3bb0-a190-6406a8feeabe,4
7ca6d2ce-c847-3709-9071-70357625eaf8,4
abe86099-cdaa-388d-9ee2-cf6c644a4a35,4
66e4904e-ca4e-3bbf-bb38-08222565f82c,4
7fec8b40-5e0e-3a38-9936-eeac85a66c34,4
d8ecd69f-dc00-3650-97c2-71a9184f9bab,4
07088782-72b9-3a40-accb-92a49eb75d45,4
ce99d6e3-43ff-3b90-acdd-9a6a7ad0bf67,4
03acddba-2fc6-3d53-af01-2b3a54b78908,4
9ff6e7ad-4668-3d07-ad7c-dcba1bb75552,4
01e40f9d-8de4-37aa-bc0d-4e972d728439,4
bdd035bb-2010-38fc-941e-5f70fc6cf7eb,4
049bab81-c5ed-3aa8-9288-4a44c75a6404,4
cb810df6-f8e8-382d-98d4-380dcf640ec3,4
07cdfe40-e137-3552-9903-aa4a0962bfb7,4
3b1900c0-f46a-3d33-84c2-eea34ace3ac3,4
279b1552-8ffb-301b-a7b5-b7598aac4187,4
a221dc09-6154-3841-81bb-9295a3419c26,4
208d448b-9948-38f9-8778-901baa85d4e3,4
e8914481-287b-3238-9552-7ef1526e66c9,4
c43b2081-177c-3f17-87cf-f8d74f6818b4,4
d6edc592-5116-38b8-8da9-639f68958b8e,4
ff0f8e96-4704-3196-bd42-5a34d024d15a,4
d66bc6d0-1c74-3e8c-88cc-3e209b52be3d,4
4e64dab8-da06-3b97-bbc8-6757d6b63766,4
02e4ffea-24fa-3ce8-a92d-95401d8b3a44,4
547f1129-7af0-333e-8524-bccc49feaeb1,4
5c5ceed2-c29e-343a-a3ea-6addf25829c4,4
5f34b1cd-5869-3dd9-88a0-e0fc29f587d0,4
66f32a05-622c-391e-aad7-e0106750de56,4
33558fa3-533c-38ba-bcfe-3ce3134b64e1,4
3a8328cc-4a40-3519-95b3-a111c6e79190,4
eb19fc8e-2d61-33a1-8a71-62f851143ddf,4
a6eb0c45-1915-3a8e-bd09-86b56ea5ea22,4
f0463f79-ad61-34e9-84ac-3f75de4e107a,4
e5db4d5e-be49-38f8-9b07-ef5d620cea62,4
ed8853d7-3ef6-35c8-a2bc-32c619844db0,4
50c1e000-34b8-3549-af22-3dfb5711dfdf,4
9605a1f3-1680-3908-a779-a6a083f4bed6,4
d0f6a872-50fb-326a-a979-da9b87e34f9b,4
ba746d2f-ebe8-33ae-89ad-d5b0270a187f,4
81cf49bc-0c81-33af-b37d-1b32b0fcaa9d,4
8044f1e6-2093-39a7-b60a-6a44d2b3ed11,4
b7c03843-fcf6-308f-8c30-ec540e230341,4
2ae2d764-9465-32e9-a8b7-2951bb5f6d98,4
83df1fa4-5574-3a7b-b909-f5ed367252bf,4
fdfb0459-be3e-3511-a477-d46e02ed7bcd,4
b0d4fb02-16c5-34ef-96db-23734e8e7c18,4
b0dc02d6-f9ae-3aab-903c-d5f2680ee8c2,4
63f2aa6a-b7b1-3dce-bcde-64009d8024e0,4
77e3e9e6-9842-3615-a91c-27cd05caa786,4
57d9bd19-6ce0-387c-96b9-ac548a654bf0,4
8bb39979-c5fe-39a8-806f-a6b447df22f1,4
bc6cc98e-2773-316f-a36f-20ae268c8979,4
8179feda-7767-3eef-bf2b-c2b0d700d6d6,4
c22628f7-cea4-3c3e-a5cd-719a03ccb648,4
5116827f-6b0d-371a-b153-cb175f852496,4
061323ec-7ed3-31a4-a3b1-44d920269396,4
23acbd59-6e01-3ee1-9884-5d0de23fbec5,4
9c19c8f8-9483-3a92-87aa-a0a5d66a4ac2,4
29897144-c1af-30a0-ac9b-eae3c5f6866e,4
4f29cefd-8db5-3b9a-bcdf-f5bd30075083,4
50bbf644-ed22-3373-b60c-eb1ba9110e05,4
3ca316dc-ec3b-3bc3-906d-56f909aa609b,4
681ed338-6ce7-3893-8f13-cd0cfadd1bd3,4
91f77672-a9ef-3c7b-a5bf-3c9750c8bc25,4
30cc0935-c384-3dd5-bd68-0ce2610d80fc,4
06332f75-f3dd-32ec-9098-8b6dcad8c800,4
7225f578-8183-33c7-ba24-688d6fbd9fa8,4
93f2fa88-aedc-3584-bb1a-35fe2677e640,4
36b39e29-00ff-3a5a-b0b8-45db62d48467,4
52ff8d59-4d46-38c4-9eed-233e067fdfbe,4
3aafabef-59f0-38d4-a33e-ad7124cc740c,4
b019d564-5765-3c29-9a2a-975790d41184,4
11b0472e-1fa1-3837-b69f-c0182d3b5783,4
45d7f200-34a6-357d-a106-8ff706e9b13a,4
94672510-6b85-3c49-9a90-28eae8af2d81,4
a4a5ae12-f70e-3126-a131-c719b0014695,4
a9d5d4b5-4dbf-3315-8690-75437178df23,4
c367acc6-6d1c-3cb9-9955-5dbf5ac935e7,4
863c3074-26f7-3946-a18a-d019a9549607,4
0ce32f1d-2549-3c60-a9b3-06f8bd7d0f90,4
e14af244-abbc-31d6-be02-fff21f5a8484,4
821ddbab-18ba-3ff2-92b3-c41f5f4913cd,4
b7d875dc-3e22-34af-aa1e-cda1b5fcaa34,4
fe6f7d17-2de8-3175-8579-a6be06df3dea,4
48a8819f-d36f-3827-a8be-bb9475c0d89d,4
7c50e5dc-60dd-36b1-8383-c38a4b8f0bd6,4
5ff4fcde-33ad-33ec-a5f9-60514c9aa75b,4
4dcd83cb-d28f-3eb4-974c-f90665ff5dda,4
39b7dfea-67be-3163-b8e9-31f75f856cdf,4
e0aa896b-8b50-3283-bea3-61f90b055032,4
e27a2309-f9d4-33b3-80f7-4b756ad35d3c,4
e636d4c1-9434-3db1-afee-dfbfd655194e,4
24dca9de-b05a-357f-b298-899605724f9c,4
ec278e8b-6f44-3c05-a426-0c14d13ae18c,4
468968b7-8976-3b6a-8e3e-5cb8253d4213,4
cdc96dea-d510-38ea-81fa-3286bd6fa323,4
a5e06d95-15a9-3c97-b06d-b75060bdebb3,4
97c340b7-3954-3d7c-b1ae-a7508bbf68a5,4
78815624-3e4e-32ce-94d0-ea1396c670a8,4
eb459133-cf9d-32bc-8916-e65af98d9af6,4
9b2ca43b-beac-3c65-b69a-ae62b603a64b,4
ade56f4c-dc0f-35e6-9a80-48de1ca7a432,4
f526cbfc-9473-3cf8-811d-b2ee405e1b3d,4
e629dff7-c732-346f-ad84-1f6658f31d1b,4
8f03547f-7bc6-3532-8860-65c12bf94640,4
101693e3-cf88-3b76-a159-9d6c132baa01,4
97d55197-f044-3b88-b73b-86128817d257,4
d7eaea4c-4bab-342a-af24-887232ef7fa1,4
231348f5-f54a-3327-832b-b19f8f55f639,4
480c1f79-e6ec-3b87-b320-088154742559,4
031d5940-b52d-3ee4-98cd-3abfd8cd3ece,4
d6185e0d-3097-37ff-96bc-c8c2c04cf41f,4
4ebfe109-5c93-360c-b80a-1406768cd037,4
da4173e8-93bd-3d51-b912-4279d0227081,4
9a22cebc-9c2b-399d-b4b3-08a4369980ab,4
e6bfa588-92fb-3c27-86d5-f7b1ec159168,4
a83569bf-5dbd-3ebd-88c8-24603ca89290,4
7f0a9aaf-68f0-3bfd-8a27-07079607f093,4
76384485-780b-3a7f-ba6b-086d791b188e,4
1581873e-bf6b-3dd4-b5ed-a4bca3d4618d,4
1b2c5143-9b49-3ab8-87cd-24d4d551b8f8,4
9be0ed32-2a0d-3f3e-a189-e740f8054a75,4
83d12899-eaa2-3a2f-b499-5383514cdc33,4
fa05995b-8f34-3511-b7ac-81d46bde9809,4
6121a9f3-d470-3b51-a29d-27ed9b6a31f3,4
47591d9d-1728-3d33-ba30-2880c75ded72,4
66c7057a-0772-3111-9bdb-9039f879f31a,4
aa9606be-556a-3caa-b65c-950995dad64d,4
65f6f85a-c50e-3fa1-b794-563d7d93f5ea,4
4858c313-ea47-3584-8e3e-830ce49620f4,4
0cb79df4-28a0-3252-8651-df032ae54cde,4
a13b258e-2a08-3a69-a6bb-849cbfc9d6f4,4
fcfc453a-de87-331a-9a33-3e28ca1323fc,4
11e7ee96-5551-322a-80b4-c9fcc99ddffe,4
6c07d07e-8254-3a14-b713-74791050f5b6,4
da1cb7ff-2789-3bed-98a3-53e3604dad06,4
133a905d-f230-32d6-8f74-47dd2927a1fd,4
9ecb49bf-672e-3f32-9e00-74e9fe2c0551,4
75812575-f2e8-3735-b117-fc342479f59f,4
125f30c1-7d47-3772-8adf-f31939c34d18,4
f0f066c9-8a90-3bce-9b0e-c3427ea8f4fd,4
8737e994-9ffb-3dc8-a7e4-b5904147a3a0,4
abeb8c8e-b028-3f1b-bbd9-8e031fa73d91,4
431399e4-93f0-3bc1-a4f2-a1bba958578b,4
508e69af-0123-30fe-a43d-604ef321ccfe,4
3c05621f-0fef-3e82-b217-ab1bc94a5ff3,4
d16724e4-ac20-326a-9d78-d203542e370a,4
5018fd76-3383-3b7e-bd4e-ba20bf65e993,4
9102133f-f0a7-3530-93f7-7878b883ff0c,4
8dfc39d2-d1b7-345e-bd4b-f3160b28c056,4
86cecd5e-5c2b-3a72-b272-1dd40f9a7857,4
d5f17f58-1c9e-3961-a513-d7d807f36647,4
7cba8f65-c798-35dc-841c-8684ba9621de,4
cee4ffc7-eec8-31a1-a35a-b69c1d54b819,4
730590c8-a052-3c74-ab2d-c3fb8c64217c,4
dfd2060c-5000-3019-b5b1-0f80455c573b,4
50cc862b-811c-3b60-9573-21a5aa64e541,4
f5cec74f-f22c-38d9-9faf-5c4493092119,4
4cf01195-515f-34e3-a57e-2034bda52352,4
1f501a8f-1cdd-30cf-a1e5-485c1e4f78de,4
d0fd9665-c432-3d25-a145-bf2dacfa52c7,4
1673fb37-72bd-35cf-a230-db44e9adce55,4
17c915f3-3171-3d1d-8443-7411aee8fe8d,4
b217c29b-d4e7-3ed1-8a1b-966d95a69ab5,4
3754c1f6-181f-386c-8aeb-5638f37cf5a2,4
499244fe-7a66-34f3-a15a-29e4ebc66dde,4
7f30dac5-6ddb-3f88-8e91-cb130f18a6be,4
b7760ad4-b5a8-3f3d-aec9-52a5a30ff4ce,4
cf919bb7-669b-33f5-b5e4-6e779b05f0bb,4
6ee880ec-5022-3799-a27d-d5d54087c4bf,4
6ca6363f-31b5-36ab-a0ac-fd4b973fd65e,4
fe34b346-3280-33be-b3d6-92eb6114ffd7,4
f062121e-89dd-3f07-b678-afe7e7e2790b,4
d9e85dda-f9c9-3d0c-a658-a075777e55cf,4
4781e052-2131-3a0a-b352-787f815ddcb8,4
0a2727bc-aca0-346c-979b-db71fe8a69fa,4
676cc995-4419-328b-b4b3-b96033ca2d82,4
de492925-16a8-3d6f-b80a-7c0a8b888790,4
11906c5b-6bf5-37e4-843f-e0cd76288620,4
97fdd585-b1b2-3728-848c-d3abc554db63,4
b4750b30-7fc2-3b55-ac49-02ba8a0d69a9,4
ee71dd4d-b9b2-3f85-a0ef-7d74760a1e0d,4
7b1065fe-02d3-3c17-8d4d-a3c3ca618902,4
1871bace-4ae2-317f-bf4e-ebe1f2b5ef3e,4
4131ee5c-7e67-3089-8701-8d48d2a42174,4
2550c714-fb66-350f-8562-37e9a255e0cc,4
9d0af5aa-07cc-319e-a33f-f2b7d17cc589,4
917cb845-0c09-382a-89de-9c5fe445f44b,4
dbb1927d-8be0-380f-82e9-d9d47e95d413,4
270766e7-8b4f-3d67-9ba2-49a2900d6895,4
dd90ae8d-2b0a-3859-8ae4-b9bd610d9b80,4
4034048a-7a96-3f97-a6b4-66074d5adeda,4
70f437bc-138f-3609-b83e-1461d7ca46a7,4
ec625f1a-3bb4-3d4d-8373-a43be3e0e46f,4
482198de-af6f-34c1-a72b-2ff34e25ac66,4
f5a9f1bd-154b-3d7f-bc6f-f17bf5f1db6f,4
1cc3244b-314a-3393-9b38-2ddff168379f,4
f89a2406-bc24-36cd-a261-d7a2a48c88b4,4
2d49fe60-51d7-33d3-841c-ad6f0f9e8b90,4
aaba0c57-0876-3408-9039-58c316aeac56,4
abb34f72-0180-3dfe-b38f-c932dec7bf78,4
d18e3949-3036-3e77-b0b7-38df4266cb0d,4
9ef4d6c0-d0ae-31cd-b435-31c3df943523,4
50158d32-3e44-32b6-bfd1-38e1e9e1acf4,4
e460fa6c-aaa7-314f-8d37-f389c78c916f,4
5d208e14-ac94-3e3b-bc6e-9538f9f73680,4
554a400c-0d87-36bf-9820-9fb44a712d32,4
01837190-c06b-3a48-bc52-bd5fc3bbf168,4
3ceee657-63cc-3931-9553-7fa783321e4d,4
210fb7e9-2fd9-3191-8ddf-096bae4c9146,4
fe79b65c-ebdb-3366-a831-83a236e88528,4
32fe4c67-ee24-30e7-89c3-2a55f3baad09,4
d5e5f01d-c7f6-3627-a1d3-76d140027310,4
f76dfb4d-f310-36b0-83dc-06953ebf09e7,4
a3d60a53-88ad-321d-b19e-58f5252ac0af,4
9db5b345-475d-3a7e-976c-00158d843a09,4
2565414c-a919-3345-b9c1-bad51b33483a,4
0a9eb394-43f0-3ed3-aafc-880f007263da,4
3a30cad9-67eb-3f9d-b5fa-83141e4ef46d,4
cdc9e148-3038-3a16-9a9b-104ec40d33d4,4
15cbb0eb-e4d8-3a0f-971c-d229a47cdedc,4
4c29219f-fcb1-3a96-ab72-089b32f4a1a0,4
0a912314-1630-3f3a-8827-29315ff00396,4
ec9ade0c-c711-36c4-8d58-92d50c35b934,4
a7a67fcf-ad65-39f8-90cc-60609d9a74a8,4
27a02890-980e-36f8-81cd-c2198c09726d,4
59f2b6f4-6000-3e0b-bb50-080980a2ca3c,4
cce86886-b302-3f5f-9d67-a5bd0fad5896,4
35d54ec0-a697-38f9-964d-c1e7f56e061c,4
ef71d4a9-db45-3e10-b620-17cdd1698649,4
3e837215-5c92-3e50-aa9c-c2ab02feb708,4
b3b2eb4f-6fb5-3368-af20-844a676d3001,4
321ad753-bc54-32cd-8124-033851ecc1c0,4
b7ef0d3f-67de-3052-9ac3-67dda32b6cd2,4
8c0a9c07-f41a-384f-aafa-58910de83d15,4
818be59d-b674-3a50-936c-8da4754c5db9,4
3fcec038-a2a1-305b-966e-fc1da11d0b1d,4
d257ddff-8a3b-37c6-8d29-3ac1a3791065,4
dccf92ba-a88b-3036-803d-bbb52268dfea,4
96e9f4b6-4cb4-3234-8ecf-2128a19fdee7,4
4e7cc9bd-78e0-3f8b-b802-4403339cde13,4
22eab233-dc5b-3d06-bf9d-846d7846a6ac,4
1be678fd-c98e-3513-a9e6-d6a2fe6c5aac,4
571476d7-74e7-34cf-961a-0a482cc3d143,4
6f32959e-c55f-3901-b5f9-ee9f0d07b652,4
1652399f-b4e7-33d6-a5e8-a60f0c7a4cea,4
b838d056-79a3-39c9-ba36-90d8803dbf18,4
23f6603d-4c99-3c22-9a5a-4fda0f933a4d,4
8a139cda-7363-3009-88ac-2c679a4ad992,4
47ca7af0-c990-3547-896c-6b8a6502b7fb,4
a62decf3-fbaa-3f70-9597-e439e1f48bfc,4
112105d0-b0f8-3833-81c2-8f5e0c44fdd0,4
d21d8f25-4203-316c-8bce-28c50291f504,4
a2f174fd-cb0d-398d-96ea-e8b79467bc4d,4
59a8fef1-3d3a-3111-8ed1-6305db6cbc83,4
f27c4831-a985-3182-a664-e97ba911b249,4
a2b7a58e-bce1-38f9-8e5e-a0c4d880be09,4
8f335f9b-58fa-39d0-ba0c-55174b30e3ae,4
79dc1c96-1c22-33af-8fa1-6732d5b8c203,4
666e7860-2623-3781-b04c-40a87ef4b6f0,4
df38d218-2d23-3cc0-9ef0-f5673da0ed5e,4
d604bc5a-a2f0-3ec9-9c38-a64febcb119c,4
30e820ef-7304-3916-8b4a-5480bdd726fe,4
1ab2cbef-03c0-3693-a7fd-83f2b52f4e67,4
69b286fc-617b-3ad6-b185-50ef723d43c0,4
f2fb1751-b60b-3427-8c7d-e16e4930cc46,4
3f8a8e58-1568-3189-ab41-1e977d9bbea1,4
e1ddbc92-53b6-33a5-a155-966e9108e628,4
6b441a8a-155e-38cf-82a0-0120512b69e7,4
5246a345-f360-3311-a02f-8537d09d6d59,4
2034163b-e3e4-3ab9-ad75-ea522dbe7697,4
14b0b5b1-f480-324f-adf7-68ee18cf7ace,4
bbf0c844-ee90-3c6e-bd73-cf06b7857bc0,4
8940e4d4-1f4e-3f1c-8dea-12b7339b45e6,4
61d25c16-825d-3e9e-aa74-a9e5959d8269,4
d07b357b-6271-3509-a5f9-548aeb0b1c80,4
ee44bb61-4cea-3e7c-a852-9f390a91d6a0,4
2c1b42c9-33b5-34c6-9d05-81d49259f5b0,4
5c65086b-ac5e-3d22-adcd-7200878505f6,4
1dac4b0d-b75c-37e5-b0c6-0714f55523da,4
f599dc2e-3ce4-3a4c-b3a9-021b5ab1bddc,4
2a031330-fb70-36e2-bee2-39183168c26e,4
20f75ca3-934d-34c3-a061-a81a37a863c9,4
3d2fbb96-641b-3c2d-8afe-26ab5dec6c4d,4
e4db110a-6db0-36b4-a498-925e9ab4c9f6,4
b992dacc-2ac5-397f-abaa-a1a868c3a9fa,4
4da194da-6462-300d-a9b6-523d7067303e,4
f93a6900-acca-3df8-9a37-11e1e04097a6,4
36febbf0-e16f-357c-ae7f-88c80758f833,4
9859ce37-e99d-3db5-9942-b11c7ee43a8a,4
9f41faf2-baa6-3502-a700-4152e9f5676a,4
df56f0d0-1702-30e1-978e-4e7c244109a1,4
c419970a-97c2-311f-82c6-308feac23b92,4
7fa4706d-b96c-3e02-84c5-06297657bff4,4
8fbcb0f3-ef61-3e90-a7bc-705f02f47d51,4
c12fa017-bfa5-3cd5-8de9-ee59981072fb,4
a7423972-2636-3e8d-b7eb-9f927c8fecf4,4
defa89b2-a175-3023-aaed-6a9528b0671f,4
486e7138-bddc-307a-a242-49ff64d51fe7,4
259dccd1-dd28-3957-8bdb-d51c81c88566,4
db971d7b-7798-3de8-b911-49364e7275ed,4
88dfe2fb-5752-32df-802f-a5351f0e9664,4
d952caa3-0479-3c8d-867c-86ef89d7c570,4
b91c2d86-2300-3bc6-b1cf-53ef92916832,4
a5201f51-af8e-3e02-b4d6-43adb2342ebe,4
7a33cc7f-bf31-3c02-99b9-f5030a70ce55,4
3ebebda2-61d2-3d26-89c8-3ea019c9e7fb,4
f5f1432d-be6f-3b0b-a61b-d521ef83c812,4
c9554cfe-6867-33f2-b8e5-a417fc93b517,4
a00ca721-adea-340f-843a-66054241ddd5,4
edf1a074-5ba4-3268-8b7e-9deeda37a1f8,4
caf1731a-e499-38f3-9c8b-1c6fb5751f8f,4
8d07bc13-0141-3aa2-a0f8-cbcc2835f46f,4
4996aa6d-531d-3d17-8170-152ca7b7682a,4
8e9809c2-75b7-3fec-9eeb-2c2d9f6bea53,4
8b038c86-2bed-33e9-ab3e-1016ef5bab99,4
2f3be4a8-323f-3112-b2e0-3cb8776c6262,4
35a66ffa-f905-396a-984e-095e70d8c21b,4
2eee201c-a10d-335d-a62e-10f7aff60fa8,4
23796fcd-4be9-307d-b96b-1227de7291e0,4
db0b4a56-6e82-32b1-8f89-f6416e28021d,4
defed08b-d78b-3b8a-90aa-8e34e70609e2,4
510bf30a-82b8-3295-aadc-f21bd90c9c68,4
e7f92140-2f26-3899-a9ef-28cb6589f3c3,4
8ee25e17-65fb-339d-80e6-2166b1d6aca6,4
8fb62859-e21d-3190-a2f1-9a2a7e63812b,4
e6c1a47e-07dc-3918-bffd-b97074937781,4
8a1774b4-0bd3-3591-8d6a-371ce1c98c07,4
4fdc12ab-6c5c-3a66-92ad-2e31d4e3116f,4
f3535646-4396-3895-af25-540129b61419,4
17cd8f72-1c05-352d-a007-1562ce0e3d8a,4
011d1971-b229-3e55-b7cc-2b209259b105,4
16395f28-b98e-3a9d-8194-386e65c4eba5,4
ec855991-9fe1-3813-9da3-8f5374f2fa45,4
487e44aa-bfde-3ea6-a055-37d0772b4297,4
1e3011ee-a5ed-3999-a8b0-da6697b8409f,4
0781470a-24d9-3f61-8218-acd7ecad43f6,4
213ef43e-78c8-35f2-b6cb-8faa39fff828,4
8bc755fa-b950-327f-bf15-288c745299e8,4
6687992d-a92f-3719-ac20-ee8e150c5219,4
59136a08-9b07-3fa0-b36d-cca062aebad7,4
d51d346d-491b-3184-bbde-17b5a33932fd,4
a5645b96-b85a-39d4-af13-59d32bd8818f,4
59afed55-d2b6-3117-8151-dbcdd507d247,4
8008338d-084e-3789-a1dd-f676709c7b6f,4
e4c78746-2815-31b8-8dce-213bbeb06e23,4
d7f61448-ce4e-3e04-b14b-dc61b43a8625,4
45c60bb3-4229-3839-937b-3127eb8dcf07,4
d429418a-68f2-3360-8566-52628b950040,4
a949a6de-5b38-3bec-a395-aa31e64f4497,4
fa1271d0-41ea-3889-8b79-2f4d11e14ff5,4
fb2332f5-edf2-3222-a542-4ba0c0f8ec10,4
c0fc0f54-ff1e-3671-a088-0afb290ca597,4
1b2b3df5-63cd-30f5-82ef-73630f124f4b,4
4f87b9ee-b48e-3d91-8676-28b689bcd3f4,4
4a050feb-824e-308b-acd1-86c444268ae9,4
3326a825-06a5-356c-b4c3-16aad1b89805,4
a294b4ec-3088-349a-8897-671c33b9d1a6,4
f1790eb1-e784-3cb6-a731-7d6f4edd1a84,4
a5038db4-4b95-3ab6-9c71-0520b55b90d2,4
98f9df3f-d2cf-3eca-9759-698adc580135,4
5137adf5-9d32-3128-8a39-8612efb3f4b5,4
ef8bda1f-6e72-3f7b-8d42-79f9aad626e2,4
640a1811-1674-3058-8849-e5216412c40b,4
19ba25cd-2201-33b6-9172-3737198a64a5,4
ab5d9f63-84ea-3270-b9d9-0860cbeec392,4
ee6b5cc3-a501-3475-ba25-80b5c10997ea,4
3e564e0b-88c9-3fd5-aa31-3d4956c43b6d,4
c194d4d4-5842-3f5a-b17e-fd8ad15cd528,4
61d1712b-76f4-3509-9d8c-f3ad096ece38,4
1c660e38-003f-35c9-b956-108f516f2889,4
3393461a-a71a-3bb2-a27b-af87ac337b3c,4
156dfd83-a48e-3890-9c38-a47295af6b2c,4
014bd32a-50c6-3c88-966c-1833e39e9aac,4
ab3ac27a-7791-3bc2-8869-0ca0dd78f1b7,4
d183aaae-73ad-3147-a5ff-076400a4991c,4
9e1f72ba-a6ab-3b45-abe2-bfdf23d12ef0,4
e5c5f324-106b-3354-bde8-265b7daf3a52,4
694e7c40-f51a-3028-965d-df5b78740b6c,4
dbfe129a-9e70-3449-b6e9-4bbc1ff956f8,4
961034d2-e57e-392a-9e52-3ab2f82fdf7a,4
2c5fd6aa-a5a5-350c-b6e1-78bb20e90d00,4
e24a56b9-cca3-357c-aab9-3dfe0ff526a9,4
249cc6a2-c6a3-3053-8723-238e46fc9196,4
b5be5be9-30ed-38a3-8f4f-41805606c82b,4
905861e5-c700-382f-8b01-1cb1eed81ced,4
14f27f88-15cf-3d79-9130-d91c2dec9361,4
47001dfe-587f-356c-bd1f-90ca367d3fa7,4
fb5130bf-afb4-368f-ba4e-2897623f3054,4
19103f72-e2ea-3d2b-af16-08ec61ff5eab,4
4730eda3-ec40-3ea5-a1b7-d62f0c5def11,4
c2a97a0f-b1f5-3bba-8430-0e5066d62c73,4
e40e3e1e-9960-39f6-8e13-5a0bdfee3b49,4
c163da47-5579-3375-83ba-7b58cf16bddd,4
b034f3a8-ae12-38c2-8293-db5b017b6f89,4
7b584022-c4d2-3dbd-b066-8e7da618db59,4
2d2c7c6d-eb18-3f89-9699-2f05e3e15054,4
fe3010a0-40be-302e-8cae-ed1cbb27fb96,4
9240008e-176d-3c22-94d0-1714e4bbfa6d,4
9aed632a-4374-3072-8002-dfa84b77984c,4
446779ca-964a-3924-b71e-3fb4baa8bce4,4
071e292b-fd9f-3f30-93cf-5469474d578b,4
da3ad049-2659-3e18-8cf2-47e4cb82d0f7,4
d119661c-c661-3d21-8e70-2e64c6a20a47,4
98f3c775-3976-3f0c-9d9f-d255bc1d3970,4
0026aa60-019b-3b19-8af0-00f5ad650e33,4
ed6570d8-b13f-317f-a838-d9781f52ff20,4
50d95ef1-05cf-380e-8cbd-aa0929cdbfa1,4
a6a108d3-3297-35b4-8cfa-e042aaf3ce35,4
a765899b-be3b-32c9-a352-991607dc13f7,4
efa4a2a8-9344-3c78-8418-a19cf8b8759b,4
0162e9cd-67e4-3f85-abdd-caae0cc51465,4
a86e8710-41e6-3a52-be34-af4e5faf7693,4
505d7111-cb7b-3812-ac04-ff95f4543d7c,4
a2d07d54-892f-3d9f-86c9-cd0a4000c366,4
24b14b0d-ec95-3f3e-bbc7-66499dcc069a,4
4724ab42-7092-30f3-a2bf-c894eab05454,4
6a430875-ab44-3d2f-a1e0-bf03560aabb2,4
0c22cb47-18fc-320e-b20c-89b9b999fba9,4
0ab1536c-0ad7-3649-a338-11045ba68704,4
297dc632-e330-3ab1-be26-c4438077ff91,4
cced6791-adea-3f15-af2f-c49e4114db9e,4
cb037ee9-df77-3bce-a4b6-c041c287d244,4
fb107080-3881-321a-a367-03467c63b1af,4
1412ad89-1d73-3548-aad0-8b1ab16d61c5,4
221f5d10-f82c-3066-a186-90908db3d4ea,4
92add642-3697-3c71-bd9b-f8aba0880adb,4
ed298f53-9edc-393a-b627-4c77906f8444,4
f4fc0679-ff55-39e3-b0cc-2eeac25ed247,4
06ff834c-588c-30c0-af8d-842a7c0acb19,4
f377bd0f-989e-3782-b4b1-5212f4d77019,4
d5c1ccf0-955b-318b-9b35-c6cf2d9c2d76,4
73fa4198-9421-3bec-8967-40a38ecab958,4
98d56921-3618-32f5-beb7-558490c6a7c5,4
95018c86-1f8b-3be5-9dca-fe109042b847,4
63104955-720e-38c6-a2ed-8e7a871675bf,4
f844f4a9-5b4e-3e09-b6f5-98d86b53f8b3,4
8d6c65a1-f8a8-3f1d-b47f-429fdf9e3e74,4
44c82481-ece9-3c77-8a21-35dc59d6c090,4
ee25e45f-e20c-3d67-b119-b2b013ed8fd9,4
5b8a6608-9f4d-35c9-8864-db618b289f04,4
72ee3ccd-e694-36a3-a64c-2881b33a90fa,4
391bede7-86a1-3a6e-8488-cdbf3febc26f,4
a531aef4-aa52-3e20-a998-bb9917345eaf,4
410edb4b-ee65-3a22-9984-fc0b1c52dd23,4
c20d52c6-9b60-3094-a821-89116788cfbf,4
8c00a8ef-d633-3c6c-be23-d8dd0c3a6ac3,4
9d13006b-6f70-3bb0-8ca2-167decf9e957,4
d1992275-e34b-3734-a960-78e57554e3a6,4
3899e7a0-9218-3857-b501-11ba2e93584c,4
1f5ac338-a7bb-3cfb-a889-d25570697a3b,4
e2c0b86d-47e0-3c67-996d-7fb0768e7b17,4
decb39fc-78e4-36d8-8871-c1cd7dcc31ea,4
d8b79ecb-59fb-3134-b445-7987c955ca99,4
2db76064-049d-37ea-bb16-343aea7c0436,4
11957576-7db1-32b5-a012-9f812ef3ae1a,4
e81bddcb-c750-31dc-947a-e11eada87df2,4
d94b8707-f642-3d7a-a0d3-ee3e8417634c,4
b281d013-08af-3a68-8098-9ad99bab1a8f,4
33f1ea74-813b-3dbc-9a5a-c03f05ec858b,4
2c88c583-6b7c-36a9-88c1-d8801469883f,4
c8841bed-92d2-38c7-b5da-a121f9d9b2a1,4
cb7ab71c-fb3a-3f3a-9d0b-a9e7bdaf7075,4
45546c12-070d-3167-86e5-e83e4189fd0e,4
91c9d4d2-7aed-30cd-a091-bd9a1562a294,4
cae2263b-e996-3e5f-9987-be38bcbd3abf,4
f730a0e9-9f5b-3789-a6f5-f2d6b4a5a19f,4
24a89bcb-5f1c-30f1-b89e-5ad2a98c2f6a,4
7e638549-e8be-3d11-b43b-1dbe46d57799,4
9765b210-e75f-3d97-a46c-4a397ef0334b,4
7fe35555-e345-3a78-bbaf-0f9536f88208,4
cf0829bb-064d-3880-b0ab-a86a3d895e95,4
4b0b2eb8-d3b4-30bd-8568-926fcd7a2ed9,4
8d5068cf-e271-3ca6-bcd6-9a386771f0e4,4
2ba320f8-5f56-3e30-823f-ba93bab056db,4
1a4a241a-2399-3efc-9207-cb07119d6a1f,4
8c67f46b-43c0-3f3d-b5a2-e595ba2fbe74,4
6148631e-c232-3df3-9428-e9aee87554dd,4
b16fa835-5157-348d-b844-68b81ef6d2f3,4
577939a7-aa41-3111-aae4-e972c739a025,4
4fdc62cc-69cf-3a8b-8ace-d06c37ec435d,4
e977cea7-c800-325e-93e7-417dc787c9f7,4
59e72ed6-17c1-36f1-a411-155964ff30c2,4
4240be33-543c-386c-9ce5-a84e28ba753f,4
569a5c85-52dc-325e-84c0-33198a7a95e9,4
7a457c48-e4c5-3c46-a340-bbc0fadbbdd8,4
3d45d986-fe74-384c-a414-96c3e0e88c05,4
fd8dfac3-2a85-36c6-819b-7c5ecb178b9e,4
eac2901c-513d-3a16-bc9e-32f0bf7e0761,4
fb6ad51c-da40-3baf-99ff-a154ec4847e5,4
c41e9b32-20c3-3ab0-a7fd-270a4fa68653,4
9d150462-f53e-3594-bfac-ff1f797c16e0,4
0d08e4af-124f-3c0d-9faa-70f551eb270a,4
493c0e55-4e7a-3e3a-a59d-b1ba7d294899,4
c1a08039-be46-3215-b930-c14e0151908b,4
a76551ec-d4be-3867-9f83-32f60ad4f250,4
1c8e83b8-31a1-37c1-845c-23d68da12f59,4
bacfbb03-5688-3a74-a4b4-34f42ed9fa62,4
20f6f926-6f36-309a-a37e-507b556f1eb3,4
2b44833f-a0ac-394d-8945-0ae53688e203,4
7c58d841-bac9-39d8-8f15-405b4d370215,4
0d8084a5-d3db-345b-bbe9-07932d65097a,4
ed0a42cf-a03b-3625-8858-ae72c7164885,4
61eabc8d-9dd9-39b9-b378-f55c66b56f3d,4
dd90b791-0828-3164-a9a1-13d1e0da26ba,4
7abae2d0-ce07-36ff-ad18-f2547e4fa691,4
84a8d36d-7ea3-3726-af0a-9fda844d627b,4
fa7fa21d-f2a5-39ec-8c6c-4ea6260b873c,4
3dbc0675-95a6-3ce6-8483-8172b32f85b7,4
eaf13298-7a8a-33a3-8735-d008c5ab86ba,4
05478ebc-9021-30f4-a9b6-dbba2bd88a3c,4
62bb1075-6dd5-3775-95cd-8eab373e889f,4
ee75d4ba-9038-3dcd-ae5f-4d9658518e84,4
e4fdb287-ff90-3af2-a71d-a4d5fbd9a3ad,4
1819b7fb-9f3b-3de8-8148-05f5735a15ad,4
67bcb759-69a0-3099-af53-5f4c12a03ecd,4
9d2c41ed-bcd3-35c1-94f7-c6a89b32979b,4
0978a711-c422-35b9-b5dd-f251bfdf25ec,4
1dfb7603-ff3d-3811-ba14-3df3caca9680,4
95213d2d-2834-3965-8807-33ac0eb2fc78,4
5400f901-4f71-3980-bb64-4c4b85908dec,4
ba27ca59-b9a6-3704-8820-588d1449b1b6,4
f85f4bb7-43c4-3218-83c4-823c39ea01e7,4
ec52f4e1-5583-3b8c-b328-2423ae0682c9,4
95963415-80a5-329e-a3ae-ffd8cee884d6,4
9a9a493f-4bfd-3419-a85e-0b31d2aa2fc3,4
aaccbfef-f719-37a5-ba53-3cb1dcb9db29,4
120f60b0-8616-360e-91c7-ff114d0cd9aa,4
2327545c-aaa3-3ee6-a628-b45bc4d199fc,4
7f2c9536-ac1f-3027-8222-81171d204833,4
f87d9888-6f7a-399a-9271-9fc26f9e33cb,4
7b4ec4df-fe7a-3fc8-8a68-51ac44f4fbba,4
37654e7d-755d-3a9f-8a04-4e12aaf1437f,4
258b9a9a-6943-3e21-915d-80d1b229627d,4
50e5ea6a-a713-38b4-a1fc-cb8f682890ec,4
c8ae52fe-5f16-34d5-b581-a3bccb5fcc75,4
ba469f01-8e1f-39b3-8382-829a51da5612,4
d7d67c45-c417-3637-a559-ec3df6a38d62,4
9cc5cf85-3530-312f-b5c9-014fcb95b868,4
6c16d91e-44c6-3fea-90c7-3a06cfca22d5,4
4896e5cf-aa5f-323f-8f0e-d4a58d9889ec,4
396e7261-2d7f-3088-8118-90d59281797c,4
933687d9-2414-322d-852c-790168c5e1ea,4
b5caac84-8cad-3988-81b9-e7e87a5be6dc,4
741163e6-9cad-39c5-aa6d-a9b2a2a5b148,4
e9716247-5789-3af6-b4ae-21ce4485bc52,4
4e2a29f0-e984-34c9-b542-7bc7b3970242,4
9427f008-593d-38a4-9e08-8a67971d61c3,4
48761b0e-29e3-3ee5-8382-fd83d20ae87a,4
b53d6c07-f4ee-3b49-b8b8-6adf47928d4f,4
ba4e4537-2d2d-3ae3-b12f-0282f7d45f42,4
8fced4d6-ca42-3e9a-95b3-8950dff50db8,4
1dee67f0-b6a2-3cd3-8860-6a0ee861519f,4
57e5d590-d6b6-3e39-9b6a-296398715a84,4
54ee6ef9-7913-3895-8f86-09e4d70bcc41,4
d8b91d1e-f208-3184-8568-9fbc723a0119,4
30d47c0d-e660-337e-a0d5-363b3a21751b,4
624ae3dd-96e9-3875-9206-42f3c71a992d,4
a3d60a5b-0adb-39db-8a6e-e4d6bfcac6a3,4
17de5ceb-3152-36ec-a814-fe903d01953c,4
bea9f390-fc4a-37cf-bf2d-828d64f1f890,4
d60bc33f-8305-3ddb-aadb-39659f582a0e,4
aa372709-022a-36b8-b27a-5dc127feb05f,4
26d3a0ef-75f1-3450-a6c7-393ad05491d1,4
d252ad86-142c-3b96-990f-5b155231b41b,4
04c53813-c05f-35d0-ab2f-8165089da6d5,4
fd6ba90b-0887-315d-9aa7-bd5c92fedf8a,4
f633fd15-2749-3fa1-a826-380fd4e20884,4
16f29cca-f836-36fc-beb1-b46e26533007,4
b6169079-a360-3f68-af22-16769cafe73e,4
2f3b786a-938b-3ba1-9396-ae04d3f0ec1a,4
15f02895-b8ee-3cc1-bc3e-1cc422d265b1,4
1ae1b266-45e2-3a24-b9d3-b0e3499dd54a,4
477f1eea-9edc-3903-b9f0-0f43e9fa42e0,4
15e44442-62c8-3542-aa91-3d094ea3e096,4
16a59e1a-6f29-3656-84da-f431fb17ead0,4
1d63e82b-042d-3fd3-938c-34a0e944b67c,4
9c1f72da-79e3-3831-af25-95730b40871f,4
69993d7d-191c-3a7c-97c0-3aecc8b0e8ae,4
49670d14-76e3-386a-aef6-1d854981b8cf,4
ef22ea5a-5ac1-3aee-87fe-d1215598e9ab,4
ae388127-93c8-3654-bb8e-faa350fc0593,4
2485e32f-e47d-3bd9-8f5d-b9667d5e28d7,4
eef53b68-c17c-3587-a035-02ecd4b2917f,4
528ccdef-b8ea-3266-bcd5-811b4a3e7f41,4
1eb17f24-7d2c-38f7-9b14-405b7858fbac,4
1a818bb4-3ef0-39cd-a8d0-3dba84fed4d7,4
b896dc8c-5e65-357b-ba24-aa0c1fa8e736,4
96848465-0e76-3ea7-9ee9-4cf8da71c803,4
2b6f16e2-e34c-3e50-a56f-bdd94373dd23,4
46df83f1-fc55-3f14-a4c7-94b7a9d258c0,4
864d5227-8a31-35c6-96fe-1fd5fd0439d8,4
78c90fd4-62ac-39be-ae96-73de2b4f0d2e,4
054d3052-9242-31c6-beb4-cc59477a26b9,4
2575a041-30a5-31f1-9c6c-fa4cd0077f39,4
f5b6667c-22cd-3afc-9508-ac52ddde69ec,4
e454b6ba-1c27-3771-86ec-82937f392b4f,4
c8242194-2431-3614-a17a-8587357cec0b,4
293c91f7-d40f-35a0-8b38-d9a63b5b9565,4
6acb7399-23af-3506-af9d-09b2a2e4850b,4
ea1ffad1-3ed9-3826-8b62-8b59f57a7ea6,4
416f6a40-2387-3276-95d9-0b4cacfecf39,4
a042c3de-fea9-3472-90a8-24f668c23d86,4
5dfdeb3b-b52c-35c2-9e8f-ebfce0c51418,4
f4c765a1-69ef-3e62-bf2b-cdb4f8cd830c,4
7466b337-3949-3696-bf63-8be126ebe5a7,4
bfc3fc41-c354-3e5a-a1ac-babe62159b2a,4
cf6f7172-9382-36a9-84d2-895c06160a8c,4
e2399e44-7eae-3502-8aea-5f56a9b57fc1,4
a7fc7fbf-6614-3854-8985-5c3fb8d6fefd,4
dee72bb4-0b9b-3b8f-81cd-0296a2dee69f,4
87728316-5daa-37a5-955b-b231955b0c6f,4
37f0e825-8102-3066-9808-5fabb554dbea,4
e2d9d4ef-7a55-3fd6-9771-ac20b407e908,4
abf849fd-ff8f-380c-b96a-edc53a7d7a86,4
52e1961e-03c9-3856-a944-30eff336a0ba,4
953d8014-519c-38ae-8063-86b459f2429e,4
f7a2ab23-a1fb-3bab-a1ce-1aad57a56f05,4
8d39ae7f-a1ce-3c26-a0cf-6660b9acc7d3,4
1b778eb2-73da-3fe2-a551-fbd4bc0604f0,4
25163f8d-1f4e-38ec-bf8a-9957d7041faf,4
1bc7b5a6-33e4-386a-9535-ee4cceccf303,4
e69c9c37-2f65-3b3a-84f6-7db2027f2388,4
dce3d17a-6c1c-335f-84da-c9f25309ee91,4
3e0d3ca9-efd3-3b89-9ebc-e8cd9b509712,4
19711f4a-f036-3884-b567-a8a9d8ff36a5,4
adace9d7-47ac-33f4-82bb-a218f9687021,4
bcab77a6-846d-3370-8acb-fd40b92f62aa,4
c542ec52-4235-305b-8c25-275d8526998a,4
ce18fb9e-2e0d-3333-b703-c68dff767d78,4
fb6d22a1-7099-3c77-93ec-0210960452fd,4
81bf6b75-1c50-3d69-894c-0814ef03954e,4
8ddd58d1-338f-3fa6-bf4e-9a4fdda20114,4
9001cd0d-d7a8-3352-badb-ebceeb0736ed,4
d03bad48-0d02-3883-84e5-cc3c66d32ed3,4
4f42a6aa-4dfb-3f96-8570-9dfd5f07d333,4
458d1523-c8c7-3848-bd6c-babcb3d6632f,4
fd578e10-6f31-3226-a2ae-73603caecadb,4
c4527a7e-93ee-33d7-9578-69e971069313,4
2f6f0e47-83f0-3ab7-8f7f-30264185b5f5,4
ef4374d7-ad1c-3bb9-aa6c-5f4dec75437f,4
a1e5e863-3963-30e8-b0f7-ca9a818a3825,4
06f9120f-c1b5-30c7-a7f1-7d4cdee1d44a,4
c286610c-9aa2-3b03-9707-00820596164a,4
50b01f68-62a6-3fd9-af10-c6e23478116d,4
ed2c66aa-af6e-3d55-bf3d-1233da94b8d4,4
8f2fd9af-abdd-3fe2-a9d2-99cda8691f95,4
7c4edb40-9339-33b0-ad46-b87a0511337e,4
69dc3dde-cb00-3b42-844a-3a82b89df225,4
bb2aa91c-01fe-3eb4-9912-a625c0c1727a,4
85a2218f-8364-3f4a-ab24-151d35f87c19,4
771eed0b-d10c-3bf7-bd14-b5c3919ece0b,4
8ff606c7-8352-3f3a-8ded-f540982626ef,4
70ba9d96-9a4d-36b3-9ce6-687e6263deee,4
e15ad50e-b6e3-382d-8348-778c3452e452,4
41f8a596-7741-3bd0-89a5-508f0004f923,4
9910a15f-ee53-3f9c-99a2-b1ae5e256402,4
1676575d-6f37-31b5-a187-7e0c1c4a7b5d,4
042448f9-0485-3889-84a1-97883060677a,4
71a2e200-62fb-3cc6-8d89-eaafc6d4e565,4
7f571ac1-5860-3dcf-ba0b-d1fdab6a0685,4
c0c71549-dbc0-3b7d-9913-038f4ea2fd50,4
7c0f707d-7f09-32a7-a279-8ace3b970f9e,4
e3adc29b-30b5-3b1b-9835-a8ccec9eec09,4
24d91ac6-3892-31af-93c7-2cb7df3b91e6,4
81398501-ef38-3aa9-8bb0-62d57940e342,4
bf55c0e4-42f4-3d25-933d-e9b91f4a83f1,4
accf444e-30eb-3573-8178-c2e5452aa7fd,4
22f7610d-94b8-3f54-a0c2-a0403a99bc95,4
f3cb4b23-48cf-3d6d-a922-6a9de2616b94,4
d8e57b80-f8f1-314f-b03f-0258291a516e,4
2e9f6325-3a2b-3815-b53b-e6ba3046da39,4
6b805206-5258-34ad-8bda-a66fbd2408a0,4
3d99c783-b11b-3e1e-b304-bdd07f5c122c,4
83f2f45d-5da3-35c5-8904-e1b94b6eac4e,4
2499d237-d543-34a2-a627-7f87e3d7ac99,4
50ebd568-ff4a-306c-a672-7c462213736e,4
1d6e08a6-bb83-3b48-a5c0-0c2c4996160f,4
98c883f9-6528-38d6-b1ca-a1867912cb76,4
bfd896c4-89ca-337d-b0e9-b0f09341b2c7,4
59cbf032-b48d-3267-8b63-60b9eeb045e1,4
8370bf5f-b1f9-3047-aa99-6dfe9aac0c7b,4
9f834353-a126-3a84-b210-52cb29a3303b,4
6c230452-15f2-30fc-9441-73bcc8873a59,4
d13260ce-0016-3b7a-88a5-9dac8c04b4e5,4
35b93686-39e5-39a3-9a9f-45e9e1f5f51e,4
faeb301d-b5fc-394e-a7f7-e0148a85b2ad,4
37fc2db6-71a7-3bea-9fa6-b3272b426fdd,4
efd99227-de3f-3bc0-93b3-97d558293ba6,4
3e402165-f273-3842-89f7-d1eb6e6690a6,4
0ed9435e-9d1f-309f-ac6d-72d3f16e214f,4
d6f89ca9-174b-3232-805f-001d22e297f7,4
058ccfa9-d925-32dc-9225-3fb0440ef05c,4
a8038c52-db1f-34be-8f05-59f5d2e1726a,4
94cc81ef-bb53-3f30-8c6a-02e8a2a71d7a,4
aa367103-6aa3-3e50-afd7-76b15e95eb36,4
0a1aecbe-0b7d-34df-9718-99920a788ff9,4
22e6591a-4b22-3a58-a8fe-0473ba755e13,4
1c86cc15-d425-3050-9819-c3a1932390c2,4
c6f8956c-da05-3604-8173-0a44050596f4,4
a66447cb-2c38-3980-8f7b-c9d3cee4e13a,4
9382d6f7-8202-3a1c-98bf-a15776dcce2a,4
6ff45856-5f62-354c-8308-c45f14485b58,4
1c116569-5957-3ed7-bbf5-f2ec89074fe9,4
847a53c8-f08d-3fdb-95ea-78d5670dfe04,4
b797f2de-feab-3cc5-9ae2-381aafa92ab3,4
af679f07-1ffd-320c-950b-8299a3ce02ec,4
e5d20374-f4cd-3a13-a5a7-b7e0db9e4cce,4
3179dc09-4a34-3fdb-9e76-c5a5a98fd476,4
f5f72bc6-b813-34e8-ac61-6f3e016161b2,4
aaa7dd8d-7525-387d-9499-cd923e22fbf0,4
42c005a9-a78d-3c5a-9cef-7e340ea83235,4
767e0443-48c2-3b44-b8d7-4f6a4d7e958d,4
19f5aa3f-4f16-39fd-ac48-51f798e542b3,4
a9ceb890-d011-3a88-a791-707a0dcaed86,4
da0fb7e6-c85c-31a2-bffb-348e5872fc12,4
64c7ee29-3945-3883-8098-9e3727acd5b6,4
3cd781dd-1c1f-360b-aef0-42dd1741f390,4
4a92bb76-f935-3d08-8933-52c50fd3972a,4
7f10bc0d-2a80-3f48-a602-9a81b4a8696b,4
d270656c-18cf-3c9a-ae39-46940948867c,4
f744a2e1-f40c-3985-87ec-766be42f0845,4
2e6130cd-958c-3fb9-9600-d1904e561680,4
a6a7fb6a-2c9b-319b-8808-965e7525ed02,4
5e3996d4-4a8b-3f8e-a9b2-09869490d991,4
568219f0-e6b0-3286-9cc3-ff470c4234b9,4
70799b21-f483-36de-9b53-17b5ad0789ea,4
78f3b507-be97-3276-bcd8-2ceee22078c5,4
38987033-1ca9-34c8-af2d-a7cb3f2a8f62,4
94a9bc10-def6-3136-ad7a-8e93e350159c,4
f59b129f-024b-37f3-83a0-478be9674a4f,4
4eb9fc7e-3b0e-33a7-8810-182d3f5ab2c2,4
b6892eb1-2341-3945-94f1-414c989f390a,4
b491a28c-b2a8-3294-9c7e-3c86f402b0c6,4
217b1009-d926-30c9-bd8c-f189a3cd756a,4
ecf89b91-1df8-3efb-a944-8c6c69e15d2b,4
95396b57-1284-3dbf-b066-256a66e9cde3,4
47a17395-4281-3abf-bcdf-42bb90ab73b8,4
d0721141-4547-3195-bd46-ce482abe32c0,4
1bdfc802-03d7-39df-b15b-29e62234ede6,4
2468621d-f732-3ef0-b8b7-7e05a650d777,4
14d6e8bf-71ee-32be-a4d1-8a3d43d7c63c,4
a6a01526-fd67-3be8-ae41-abbcb90836b0,4
92ef8726-999f-303d-b951-11c14e6e404a,4
392b199b-9cf5-3c64-b5ab-9dbec847a72a,4
50893b04-a65d-35b7-b225-806bb3ededb4,4
efc0befc-460e-36df-874d-0a969c596cf4,4
8f2fda98-e32f-3beb-a8da-b87d5ecbcec3,4
81090add-f348-38bf-a1e1-83ec36d71263,4
79a415bb-1a40-3b5c-9f47-64346ab51a7f,4
2b2d4e57-7f77-30ca-ac9e-3dcc4b81e408,4
c994a0a4-03b4-3393-8037-4776fe351cc0,4
085d80bb-7aae-335e-835a-c7c82b2cbbaf,4
32203862-c8e3-305c-8094-e854c56c302a,4
438e21ab-f590-3c93-b2cd-ecf2795ac53d,4
3a9b0258-4185-3b18-aa1b-3d1a0bcf487b,4
070e279b-b167-3a43-898f-4a4fe3371619,4
b0982e41-49c0-3004-a5e9-e7a171e8298b,4
d86e0bb1-75e9-355e-99c1-7ec04059d610,4
b04301f9-8ac9-3ed7-b9d9-2b6216cd605c,4
7a3d38c3-a494-3571-b630-72e560bbb1bd,4
1788678e-931e-3936-8785-3b023894bda3,4
a2fe96bf-da83-3ba2-b254-09775de829fb,4
2d476587-9b32-3cbc-b018-8d6c0a52bc7d,4
b87af9e0-13d9-3b4f-b186-7d2c35253d14,4
4d7ec0b8-3826-3906-a1ac-e7223db70110,4
2653a020-1909-3bd6-8d49-456811ebf72d,4
f5a554ac-c310-3661-8d7f-9b52f2116e82,4
4e2696e9-2ff4-3951-aa98-4c0925e05056,4
46fb9f61-d5ff-32eb-a7c9-ca9a9818afc4,4
c71debe4-efc1-3b57-b36f-8b1779375186,4
c5ab1eff-e57a-3728-bd71-2230f26b3625,4
6822dc5f-c493-30b3-b78f-a3dbe517bf39,4
0247aea3-c83a-3203-881e-71808c80a11e,4
e5193111-5b4a-3cb2-b54f-e6a60ba2b2f5,4
b72a520e-7e4d-3cf1-b67f-bd8860167e9a,4
f3a94109-17b4-31b7-8957-7275cd8fc0ad,4
ebc3ed1d-c3b8-39f4-8da1-337b1f42368d,4
66f5ee09-dbd3-389b-813f-7b76f084cde8,4
b0614fef-bd08-3e70-a69d-193eac2b17b1,4
dd0ac403-a148-3463-90bb-12ddd7237c4f,4
5009792b-674d-3af9-a7f3-805c509445ba,4
100f4bb7-c793-33f6-8c8b-a7437f709817,4
3a17e7a0-15f7-3e66-b0b7-4cb3e87076f6,4
3679e899-ea21-3237-9d41-ddc54591ba6d,4
e683dd2f-1af4-394c-b5e3-8161ed5149f3,4
7721249a-c7eb-3138-9fd0-bd51452ef700,4
fa652640-2656-3773-81ce-b526416de0fe,4
b7f73d56-9e67-3cb2-bf90-c5bb6c77dadd,4
f469f18b-6be7-3ae8-a403-fa4253e9b148,4
b53f99d9-db62-3689-bfb5-7221521b903e,4
054638dc-a250-3048-b0d5-c67c138607b2,4
38a51a89-5d60-378b-af03-10d163ceb086,4
ac6265f1-7606-3356-9f20-2e4b27766208,4
41615194-4a9e-3f7f-b5ec-c43d154ef2e4,4
65e66bc8-8bbc-3e22-8a27-a9367b3db2d7,4
02e2f61d-aae7-3344-a8fa-f76b0dd691bb,4
cec9bf50-3210-3037-979b-f9b76a60fd1b,4
96c9ba39-6525-312e-9826-4ecbdc93c4f5,4
a3c28fda-ad7e-355c-b86f-d29a59cf8d9f,4
bcaab325-d43e-3863-8736-a59ea98eb840,4
9f986814-b367-3fd4-b073-698277f7e64d,4
7d04c2f0-e9f6-395c-bb7e-3742368dcbb7,4
b6af817e-0c29-3c55-9c44-94f081b016f0,4
47d6f1a3-db78-32bb-acfd-c2fc3ee89384,4
5d6eb6ca-5670-3473-8c7b-3fd789148249,4
7809bcf9-f4b0-364e-8986-6874fdb96382,4
dcd5cbfc-473d-3f8e-b7f7-1b732667a2e0,4
59e5c028-9532-30aa-ad55-ba5ec4990b3d,4
e69a676f-e1be-34c5-8c82-546857162486,4
eb32b866-46b3-3759-a9b9-5f862e53d188,4
58ac267d-7b54-3462-95e0-c74bfcdc9138,4
3e853e35-3266-3f6a-b930-308203828770,4
8426b746-d07b-3232-abfa-a11f85d86765,4
4d4d9df2-85a6-3133-807b-05d458bb82ee,4
44777647-3663-317f-99f9-4a2ab482a02f,4
41766a8a-5452-38b7-897b-6312eb9e8670,4
495a9ff1-5cb3-330c-a8c5-0980241eb18d,4
450f63fb-f73f-3657-902b-212f2ff617e2,4
6d0d7adf-6c71-38f5-97b2-7aa1cb7c43e8,4
3b47d1a1-bf81-37c7-8034-0b57f54c024e,4
a223df0c-a0b0-36f4-915d-5a8e99ed7034,4
12c74887-4edf-3335-af69-e158af0bd336,4
62babade-5b9b-3486-bfce-085a5194c4c8,4
6317ffbc-beca-30a6-b802-661ba8d894f5,4
4e5dcf5f-8d7c-3bde-a62f-e1e898b43fbe,4
d8bb708c-156a-3b70-8dd7-ef33ed39e0cd,4
e5057547-24a8-3856-ba8d-1ce8150d4bb4,4
d8875296-f323-3113-8014-63d04adb48ef,4
7906800c-0594-3b55-9038-7a10a163c9aa,4
5844cbcb-bac2-3159-8f03-ab577211c53c,4
07be4537-604a-3964-a264-01e440b5751e,4
dbb0b61e-d63e-369c-b776-f7d026ad754a,4
93fdfe70-a8d0-3fcd-b3e8-9f2c09fdb5f0,4
bb9aacf6-88b0-32df-b704-c4c55024d7f3,4
85f91791-8a0b-3532-8c3e-7f745dc4c5ee,4
c7f10cea-3efe-3019-9228-9fca1b99b229,4
6e65a388-52e4-3694-a5fa-d4f9c703bb4f,4
4b17562e-9fa9-3121-8e00-6b81910a8741,4
2724e948-c775-3bab-8671-d6d2bf25b17c,4
bc3cbcb0-eb94-36db-bb5a-87d0cfab0eee,4
7b5487b6-3a2c-31e9-8477-c62c134e2d38,4
ff54da27-a0f8-3cf4-9e2f-c1d51dc3662d,4
375bd56b-72ed-305d-9e30-59aab9487e99,4
8775881d-2483-31ac-8785-244b1c5b5615,4
61534043-cd2a-31d2-81cf-9268516fe3f8,4
4ba2524a-1748-3620-a459-d934a6ca6480,4
c4e737b9-6e66-3628-aa4e-fadf240b54ef,4
926e9342-0095-30c3-9df3-7e4652d3140c,4
58e885c6-3c91-322f-98ef-3dfc032219e8,4
2cc73e59-b9cd-3e79-93b1-3e2c911c4fc4,4
87553eaf-295b-3b4b-be18-a4a8c724cdeb,4
f828b919-860e-3e3e-8fcc-6c2973374523,4
38fd4e36-e8d0-3f5f-ad03-b5b59182b1b9,4
17a21b18-3b05-3373-8ff3-bbcb8bb1aad3,4
ac04ae82-e38c-36e3-ac9b-36d6d291eafc,4
4e8f2c03-753d-3086-8d59-9d1dc363fefd,4
e4101114-6691-39b6-9d26-7733ddb22069,4
6443d29a-6f0c-347c-bec1-fe7e58c1b53b,4
6fb8ecdc-0135-3dcf-b5bb-28b56015d4ad,4
2a5e29eb-d884-329a-99ce-567c216b6a37,4
45b6f13e-6f7d-3c8e-beae-197c21723fe5,4
fce1302e-4500-396b-a804-d288e27e7acd,4
977ea8d3-ee9e-3ac9-ad5c-0e86d95ccffa,4
4b9b86e1-ca01-30d4-bc4f-e339569bb752,4
150c3675-47b4-3ca3-b5bd-79d6c4ac180d,4
67158ebc-ee47-3714-ba10-fb2589237ac1,4
fd33e2fa-02ef-3af7-9892-522947463798,4
78739615-8dbe-341d-82bf-2e8f709df2c6,4
81591904-a762-388a-8865-21f37eba6f48,4
fcca2eaf-942a-36c5-a33a-c3d1a44add84,4
5224a93b-87db-39f0-9239-ff4a0158ef5a,4
f08bbdd8-8dcd-3541-acb0-531771b31d6c,4
805f2752-7fe8-3b69-9bc6-825ffa195ab7,4
b6907334-1bbc-3038-a461-9cba17066b89,4
9a4e3de1-b29f-36d2-bd8d-74597f89d0bf,4
d9fde36b-3e6d-35be-b8f4-cfb8b989e825,4
7d4f7eb2-242a-3ea4-8256-70218586fd47,4
9dd0e62a-44a2-3d46-b445-11c7fe1ce345,4
e1dfa115-21df-3b08-8c85-b26874700d41,4
74efcda0-b329-319c-8eb4-39275228a834,4
84ced228-8749-3797-962c-3374d1c7f824,4
c32aed7f-966c-362b-86f6-c3f9285b7551,4
aca47067-633e-3b9e-bd0a-1dec480713d6,4
a4cca9d7-1e0d-32d8-a5ae-e8f83f1730a3,4
040f2d62-4d9e-3005-a012-3d467b181862,4
9902d1c7-2819-300f-9ea9-6d6ed2a83793,4
1725ff6d-ae57-3903-9672-d192e4411b7a,4
b86bcad7-0a6a-35d1-b38e-0c780a1add09,4
c44f9006-6c3b-3914-b7e8-8967bc29a5ed,4
51bdaf5e-8991-3cc6-b9ba-c3e036cf3625,4
f3f53a08-91a4-3ad5-9a02-52cba5035ec0,4
42531df1-167b-3fd1-bcfb-80098fe667a1,4
5cc4cb2e-f91b-371e-aed2-0c02f9d6975b,4
61616268-35cf-3a70-9ca2-3b33debe74fe,4
851eb40f-99c7-32e6-8922-ed38f8585ad4,4
446eded9-16c8-3d3d-9f6c-fb979b89ba9e,4
cc7f23b7-992c-3b94-a8b7-ee27816cf0e3,4
7c176c3c-b231-3f40-a16e-138fc5e7d0a7,4
03e21956-8f97-3d16-845f-a6b9b5e93d06,4
7397099a-dfeb-38c8-ab13-a5e2e10c79ac,4
01eb03c0-2201-391e-9e64-d8243f6a9246,4
86be5e42-f8e8-3f8d-afc4-b734119e8843,4
b0514904-5265-3209-9100-759becfc1d1f,4
6db00a20-d8d7-3523-bef5-35b772fe2646,4
10ddd855-4546-38e0-b269-b6935fe8f8e4,4
b3e23748-23b1-3493-99d8-5719ec0dc32a,4
b219759a-9842-3bef-ac9e-d5a0cf44cb9f,4
6dd90fcc-39c2-34ed-8bbd-96a6c807ac1a,4
6000a6e5-f9a6-33b5-adb8-14c10b254bce,4
9d8049da-d7e4-3c22-9101-ddb0cb9bddea,4
cbeac8b1-f8e0-394d-af33-88f1e5a2c1c7,4
8b60f84c-cd10-3203-9d18-1a8c59b59f9e,4
df0c90a6-4152-3fce-a864-41b358768c88,4
7448e187-1411-3fc0-addd-d587f62abab7,4
7882b96e-d727-38bd-b66b-b4c299f452a3,4
b21567d9-32bf-387f-8da6-b5d725a10e68,4
de93e834-da00-350e-be31-4b964e8003e1,4
e8501239-59af-36f2-9e6e-ba0a94e875a9,4
78302385-5564-3e87-a27d-968e2231c201,4
cc3d6341-417a-3a7f-837f-8803b945654f,4
23e50436-3d16-3774-b6ca-3829f6c55917,4
9e79577e-d7cb-3a73-ac58-a67178354ee3,4
c55f4165-a119-33b6-a80c-82227c4515a6,4
a4b03210-7a17-39d1-bb8f-daef99f8f395,4
8636c35b-931d-3abd-ae82-1d98165f64e5,4
d604d93f-7b9d-3617-b399-c544e7b461f6,4
2825b8f4-ea00-3edc-ac35-424ee6914fa9,4
29ef84a1-6fbe-3029-8733-91ac8d41c841,4
cf5be32a-2790-3ebc-8e98-fd7bf51c746b,4
7022f2c4-8cca-33eb-90fd-9db809f8aff9,4
b0c9c802-36c2-3c04-9f22-75ec4b302bd3,4
5c361d27-240b-3a8e-a1d8-75ded9e5dc0b,4
dab8309d-0aa5-39ba-83a2-a121285d5c4b,4
39aff82e-f1cb-3518-b0fb-6c0a5a879118,4
3faf7eba-0fd5-39da-b6a6-ad03f4dc6aed,4
fe6a0890-7ca9-352d-aefc-c6f51cd3ec07,4
e19b9aac-0d48-3ddf-9d1c-d65b3fc32a77,4
45551057-ec5d-3d96-9f5d-45bf09e93ff2,4
34051efc-9e8c-3977-ad28-9ebfa110c255,4
f01f3a8f-ace5-34fe-ae97-87ba1f6f3a0d,4
4ee1aa42-6184-32a1-b81a-3f85efc06515,4
1c1b4a31-2332-3dda-8abb-470b1b827b69,4
f6f6ee94-4fc3-38c6-a563-7664fc7e1d5f,4
9783c7d8-9616-3a70-a054-7d7314affb51,4
172e1653-7022-3ddd-a372-71254232c8f0,4
04b6bae9-e2af-319c-a83e-862c5257e39d,4
5afe68d4-8512-3829-9b0d-ba643234061c,4
d63e89b5-34da-3fc2-8561-3bebcd8f705c,4
5a255c05-9064-39fc-a79d-bac852c5fca9,4
c4eb2df7-b830-3a06-8483-7e4787c8b47e,4
30c88d14-1431-31c4-8658-6629efec95e4,4
ed67b907-2e08-3db0-8873-e8d3cb678319,4
e7e3e590-7094-352f-b442-7a92bf6d123e,4
8e6f314b-3c58-3666-b2a0-2be16f65f628,4
9fd0e53f-fa1c-3641-a999-b8a7d72b2b08,4
0f638240-af5d-32db-937a-8a82f7d285b0,4
c2c181ed-b95c-31e5-9735-8eebd3fd81af,4
3fee5d15-fc1b-3001-b0d8-2f11116f7631,4
8a892f60-f740-3623-8642-4a7504cdd216,4
df080ea8-621c-367d-8e84-87d1dd3b745e,4
bc2c73ca-a554-3485-9f7e-368e9502e31e,4
ed812059-5ce7-3d34-82f9-93d700a32365,4
c175ae58-46f8-3b15-9bac-f18220a00968,4
40e43822-fdb2-37f4-951f-1487d67349bd,4
0847d434-2b53-3034-bf01-0dc92658a02a,4
2b82b2d2-261b-369b-8ed6-2a36e6b179b9,4
00dfe096-ae45-3782-868d-1c3fbaf59917,4
48f68248-80a8-3437-80cd-faebaced09a0,4
d406d49a-99dd-39f6-aac8-7fc39bb7664e,4
15525d9e-a3b2-3d57-afaa-8e3407e484fc,4
d826827b-0907-3edb-8cd6-9f3c81429e4e,4
6c53b473-a02e-377a-9f19-c62b068f611b,4
e4b2fcd4-a6bc-38ca-8657-51dbec194c67,4
a1069a6a-4f27-329e-8cfc-324367eab108,4
ddf121d9-ba24-302d-b7ab-eae9bce25793,4
e0763ec8-a871-3f6d-8c9a-336345f89325,4
25545db4-9421-32de-9fe6-f5a445e174a6,4
04464e43-67c2-337a-89f3-5d804da22088,4
a88ba795-4644-38b6-ae38-15e990ed3caa,4
b6ce5fee-af5e-31d3-8427-08f0b1cde570,4
94043b8f-ea9d-37e1-9bcc-d937878595dd,4
82f033ef-ce0e-3bed-9995-ac969c98a67a,4
7552a234-de3f-3498-8c85-1ae4f9d36b70,4
f5bdb6bd-6576-30cf-a6dc-13dbefb40829,4
509a1ec8-0074-355c-8783-65e0f7b4e602,4
7e8a4c8b-ebc4-3e61-9bec-615ae58a80e7,4
1f00920f-256b-3d00-8b80-bb2510ee9344,4
c39678ea-da15-3247-93bc-1d42e0a4b640,4
8caf07e2-fb2f-39f6-b0ba-114e4c4e846a,4
acc80a97-8794-3ffd-8b75-3245a355761e,4
3f3e4fd5-ef52-3803-82ca-ef6dffec36ce,4
7ba4da09-d50d-348b-910a-83ddd8420d3a,4
d20a1919-f989-3fbf-aaa3-bcb610813cde,4
23b274c7-807c-3166-843d-e2f40b86b37c,4
b23b0d70-9aaa-36db-8190-d0034e06a489,4
b42ee15b-83f8-3755-954d-72853eda3f8e,4
42d36c93-6d6f-3152-a368-0bae59d0c5fa,4
5c9c7699-da71-3e0f-8f66-224ea8dbff63,4
50cfce22-0a58-36cf-bf34-6128d85eb996,4
57536989-e212-36e6-8dd9-8fdcc26e9e57,4
46e4a9e2-815d-3cd6-9071-dbde6055325f,4
2c279a39-239a-394b-92d4-2ed53183c1a8,4
6db7d2a0-fd10-36b7-9aee-aba0f3ad4b9a,4
6e25f173-bdf9-3e37-aee6-d06c5a72d2ce,4
61faf60e-8d60-3e5b-9708-965ca3c30263,4
603718a4-357c-3ce9-9c03-f5cbb1880ee8,4
301522a2-d796-320b-aed3-cfaadee0a460,4
eaf266dd-ee21-3b79-851c-c6c4126c7f9a,4
488cf87d-c557-3eff-8866-2bb56e259ac1,4
62063a8b-871d-3e90-a176-68413b92babb,4
43d8e759-b588-316b-a181-ca8a5ec64954,4
1d8798f6-68d1-32aa-b582-ff31cd9bfe71,4
bb65f1d1-8c8b-327b-a312-5aded39ccd2e,4
f97cadad-d376-3ccf-b984-7beea56a9b0e,4
25b477b2-4e0b-31ed-87bb-d65ac4699cdf,4
79590d5d-1a42-36ad-85d1-c120b67211e4,4
a66174b6-9548-3944-ae94-ef343ed51a69,4
64e207a2-51dc-3290-990b-022861dd1723,4
dcff8183-3ccc-3c75-ac02-8fe3eafc95f6,4
7962a978-b74d-3431-8629-7876036662a9,4
8091b093-428c-30da-8e72-668a36d39f7f,4
eb8ecc91-e62a-3435-98a8-bcb4d5e937e2,4
5f689c8c-b689-3224-9e05-aff200000997,4
7a5651ab-9c14-3e73-8f57-ae2aa7973935,4
0429b442-f5db-330a-858a-8f1a349c91b4,4
76d1798b-8b8c-322d-bc09-f6d3d8f5f148,4
fe2582e4-63fa-3ac8-80e1-de36a3f53ee8,4
e6b35915-4919-33f5-a092-8a1054796fd9,4
42c9f3d9-8155-38a4-9384-b7a0c5b5de08,4
9d273787-1193-3dc7-b5b9-b079447cd93b,4
463d92fc-9b89-3e97-a572-bcc2b0032da8,4
2789a710-14f9-3226-b9c3-b8bc116b39fd,4
314f44a0-87b4-3f9f-8475-c2de17c4883c,4
a9294598-d858-3b26-99b9-5b177657b0f8,4
587a34e9-6d24-3d73-99b6-2a6fda4a4422,4
bed542da-4e67-39b4-bf3b-27a4b6e0adcf,4
87760cee-07c6-3c4b-8e06-01e6a5b37dc8,4
71ae1a65-fe47-300e-9148-5d3593757d7c,4
bbc7b138-a27b-36f8-9732-36c752b39882,4
6a4bcba9-0a0e-3fcf-86db-a15df19cd69c,4
691ddc98-4d04-3de2-8550-fdec4abc4927,4
579eec0e-71f1-32c8-bab4-8e77056b9e2a,4
4aeb86ed-781b-3f15-b585-afc42a90fae1,4
18b1aaac-edd5-3822-97ea-da4d63866e12,4
b034baac-11a9-3f79-bae6-00ecb4ade55f,4
98158a32-9365-3ff4-ae44-94711cb3d690,4
9debe486-1411-3d4f-a8f7-ba85858e64b2,4
8014081e-e332-390b-b022-14e89001a328,4
d9f6edc3-e6a1-3037-96c7-152bb260974a,4
f34b9952-efb9-3f3e-babe-57f1e47a516a,4
7c81e11c-b13b-39ad-ba00-f7b9fd968a74,4
2233cd79-fcf7-304b-8f3d-b986c4e3dc35,4
58150bbd-4d0e-369c-bb4d-7fc634e723c1,4
747438f2-7ca2-3780-ae04-3e1b45c92677,4
d1ad78e1-7568-3f17-a5ba-2569def10f5d,4
40ed0ca9-7eb2-31e2-bea6-f1000c44ce2d,4
4dcfebca-3bfd-3edf-a661-9891054d16da,4
76127540-7670-31c1-97e1-71e3100ace6d,4
1fa5e46a-bdf1-3f55-9493-d97187b74920,4
4f3719f7-6e81-3726-ae8b-a512ae2698f8,4
ad861ce8-3877-33a7-940c-fbf926069141,4
211b213a-5108-3fc2-ace9-5d14e3b488be,4
25f16672-0bd8-3ac0-a09d-e1861f81ec8b,4
9819f6cf-9a0a-3e73-80f8-1464cad5398b,4
a23f7e49-444d-3954-bfc4-2aa583a9dff4,4
142ee363-efd2-3e43-a369-6848b853c5bb,4
16d090d0-9099-3cbb-bbf7-776093322eae,4
47e5d7b5-ef66-361f-9e07-0139ab412056,4
bf4e4208-48b5-3158-84b4-f9a0ace3c492,4
6c995bb0-8d0e-3dd1-a10c-b881a866d272,4
90f746a8-6832-347d-a26c-4846b2bbb320,4
046191d9-96f7-3637-ab31-b43c6110c096,4
612a8349-b677-3461-aceb-0d01363b185f,4
9cba32e6-afac-3513-b17c-d48dec469d75,4
d6c33a24-2a91-3c07-9d80-253471a643c9,4
eeb73a0b-6120-3822-b1ef-115b26e15cd6,4
012cce4c-a6f5-37cb-bb55-c1e3f317b4c0,4
bd228038-ffbb-35a8-8dc5-d87dc87a9c6a,4
8a399257-5c5a-3b9f-8fe8-5383612a8af9,4
cc64ee9c-d24a-3050-bb3e-945b7078d9e8,4
41f457b8-7fa9-39b2-82ab-d02c99a8728e,4
2458595e-93ca-3a11-80fc-bc08eca55efb,4
99f0f2c0-9e1f-3b3e-8fcd-97a640a08055,4
db25ff79-a9a4-3d73-8a60-b602d8a93011,4
32b73de6-e4f5-35bd-bc1e-ed8fdeb00fc6,4
080bb444-1a83-303e-9399-422647ffc716,4
eb915137-04de-3583-b45a-572cfa98a2af,4
a163e314-4568-3dfa-bbab-f4f93f62db82,4
f0be9946-080e-3a6b-9be7-72a43cbb06f7,4
e339c3c7-6161-3678-b4b4-9bc4da1cd8f0,4
be9754f4-50f3-3c48-abbe-0ecde3cf3a20,4
d385aa34-c69b-3276-a626-a4e066d10322,4
87b735cf-6323-3746-a7d4-c5e7292626f8,4
0e6e9e6f-79e3-32c5-b514-b60aa9434bcf,4
8118dc6b-1a32-3111-ad4c-e0c69942b8f2,4
65568254-7782-3987-bc76-230b5c9bff27,4
db80d7e5-5f16-3de6-b779-450b16da22e3,4
fac0c71b-1402-39ea-8e2b-21550cb4c015,4
c020475d-e043-32b4-b1f6-beee43774526,4
c8c80aa1-cb94-3088-90db-48e833f127bb,4
2b8952d2-c8ff-3a76-b28a-33f124121ba0,4
17f4d7fa-3caa-3dac-8c18-f36b1b939c14,4
68a9f552-0ac6-35a2-a5ac-9b9f527ea626,4
da57a7e6-42f3-32a5-ac44-4b1b7f5bb0ae,4
b9d26d74-a579-30cc-a925-0ab67cb5608a,4
f83d01dd-b994-3e7a-869d-213eb23c29ce,4
9b3bb29b-03c2-3d89-8d3e-5375bc22e114,4
1d8ba7f4-ace7-377b-9193-eba740bce7bb,4
e1c971f6-f869-394e-97d8-4bb9c524cc8a,4
2adde11e-c5ad-38da-a07c-b6a15c548fb7,4
a31a6c2a-9285-3b82-9fe6-2d6ce26f75ef,4
04c65dd7-40d8-3daa-889f-d6b0785c4535,4
a048d4bf-b41d-34b9-ab57-b6787dc93bdc,4
902de738-6a59-3de0-83a0-c59b3676b454,4
4c14c8f4-6b65-3037-977e-de731653c1bd,4
14769033-bcde-39c5-9e73-3fd0c4a8e270,4
82fb1e94-7f2a-331f-8d0e-9296f252edec,4
4f4e6cee-7e80-3ddf-8b7c-57a2d51f28c8,4
ae7c11a8-997f-38a0-9785-c26276de5ec4,4
c8079720-9e37-3a90-9f38-3be6bcfe146c,4
d6f556eb-0970-3703-ab9f-6c15140523f8,4
bdfdaf58-8c6f-3c17-8725-480fc4d27a2e,4
73b51f47-a56d-3143-8ca5-603dbec54cfd,4
c0102b48-9efe-332c-a69e-01ad1bae6fa7,4
4b024ac8-e559-365f-b427-4b16ea4e33ee,4
eb49af1c-7ea6-3695-9bca-47f0a45c423b,4
e0b3954a-b5e7-352a-864b-4781ae3a0537,4
04c745a0-ad5f-3a93-8f85-344ec7b74345,4
c1a1b4b4-4b40-3aad-9673-31d22274ea51,4
edf90c0d-addd-3e13-abe2-f66f5ece3916,4
5a7191d0-eae0-33cf-9731-6bb91e24df8a,4
21c835e9-43db-3655-bf9c-bb80f74feade,4
2c90e830-a2ec-38f9-8254-968ceeb8425f,4
f2eb6ab9-88a6-337f-8759-96079a8bcfc0,4
d0ce43cd-c5fe-3843-ad30-5c583282766c,4
323dde40-92a1-350c-9e52-40ddcdf9e1ed,4
21bd44e0-bee7-3842-b7ad-0e9096db9067,4
3446c6c7-b26c-3e18-ab74-f6a6003f0de1,4
3f9a21ea-f94f-3781-b0bc-6a0df4c2ef57,4
7e36b243-3651-3451-ac09-6eccf6ec2829,4
a95bdd70-2b64-33f3-b64c-4656862d322d,4
2bbd0db7-3d0a-3795-ab8c-fc69011c9768,4
fccaac1d-7265-35f8-bc25-b496b1bd3d83,4
b46dce92-e6b2-3477-ae50-4669f8e96854,4
04798ab4-3e8d-3a84-982d-46356fcc7511,4
60e854f3-5e60-36a6-b005-437bb4d6e3e9,4
023456d5-7d29-3045-bcf3-81c68bbdb22f,4
f5e642aa-5c4d-3f78-8b4d-92aef7f80b65,4
f3582683-cc3d-3fb2-9d2c-3e15d8b60c3c,4
3ca45d8c-2ddd-3c01-9f39-846037519e9f,4
e970be86-3a64-3ca1-90ba-1c75f4fa4b6b,4
2351d19b-728b-3d21-9d0a-b5e724affdc9,4
6539e728-6efd-312b-b624-f8f7dd17019d,4
8f52478e-00b8-3f6e-bc58-619da353851c,4
4b138ff5-fa07-3323-be06-bad0c5b4394b,4
40618d10-1a5e-35e8-ae37-1068dead1e23,4
e031aad0-614b-3777-95a1-01ffbe51fe66,4
7e6f7d2a-70a0-3d6e-802d-51aed8463dc6,4
64dd820b-f773-31dc-bbbc-69c57c083209,4
77913ad0-77f4-3fd5-a443-c5edd1979ad8,4
e9830bfe-9aab-39c4-b52c-c46009b45591,4
22aab8b0-0ec3-3cd7-899f-a92863f08478,4
674a4471-ef26-322a-b582-b507a5f534b6,4
5b36c457-fb06-3cf3-892d-48f7b030a817,4
bbf12efe-8bb7-3289-9832-0062f8128d93,4
b97219b0-d212-3a7c-b388-86bcba416d6e,4
ddf4d4fb-7052-3796-bc79-014ff3db380e,4
8ec4afba-c388-3f01-99aa-9f3f635def9d,4
8ea66b08-d37b-35ca-9f38-ee2ff3d03773,4
6162cfc1-d87d-35c8-8c1d-96ee3e0978d6,4
07fba5da-b775-3fe9-a26c-487ce36a1b23,4
c802f1d9-c955-3086-a76b-6109430d183d,4
40fe8ec0-a373-3970-af24-494bcbd46e66,4
fae74916-df86-305b-bd05-9c27bab71a06,4
6d12f1a5-3c99-3c27-9f43-c31246ca6e8d,4
7aff6356-a37f-343d-be49-70f2648521c5,4
f7bde121-f877-3bcf-9480-6978c5c37c3d,4
23317d05-8d03-364e-9ac2-4710e5adfa75,4
f2bb70a7-0ebf-3037-80ad-700501fad35d,4
23b6bc70-9a28-3793-9a33-e4d312a8ac79,4
14bf2338-5b9e-370b-84e7-234d2009b38f,4
eb87b68b-a8d7-374d-b033-fbb936eb4fb0,4
c3840db6-bf22-304c-ae21-32e6fc45033c,4
cd047600-c88f-377d-bf80-bfc6756d48b0,4
923855cc-56c8-344e-ac65-60f7ba2dc62b,4
f0efdcdb-04ff-381c-a038-5eea18a89d83,4
20f2e56b-57ec-36a7-aa1e-e83a1cfed8d0,4
ea011dca-6d2f-35d3-bff8-28e3876d093a,4
360593ee-4bc3-35d1-856f-6185926847bc,4
a10611c7-a4db-33a6-935c-30eb1554faa7,4
0ffa2224-4786-3c3a-8e72-341ab7a684f7,4
5fcef26c-c546-3fbe-a0f7-4b44c8b8df44,4
da889f16-79a3-392d-a462-ba89f1814147,4
ebd8ae4b-c6e6-3ee7-8295-208e164d1474,4
23d0b332-2a75-354e-8062-31c4bb9b564b,4
01dee50f-781a-3e01-bbe4-1410b2306557,4
f5beb5ec-ec7b-332a-8107-5d124f19ae51,4
44829aea-2f56-3846-bddc-99fa1ff28f24,4
cbe51e93-e195-3844-a404-228276abe516,4
8d6001a7-713b-36a1-8f7d-d4d491e23574,4
4c42b026-bc7e-3568-95f5-eacec8c2de4e,4
bfe09cfc-4c5a-3417-96ac-b5e845ada9bc,4
884c95b6-25cc-35aa-8d7a-5897a1a30396,4
ebc9ba54-a647-3520-a34b-329d5af6ae24,4
1f094eaa-101b-3911-a826-c6c1198e4da6,4
1d52a3b7-412f-303c-ae0d-c81cfbe101e7,4
d285447d-e8d3-340b-b265-f3eb0dbc317e,4
bc396133-a279-35ce-9848-147316a0f28b,4
fe253983-9670-395e-b8cb-b3234541c0b5,4
a8033eee-5b76-38d4-9e86-d08261ccc2ff,4
9655e9d2-3dd0-3452-8eca-d6bf4fe3e5bf,4
1efbcb03-ae5f-3c33-8fe2-b5bb0c09c657,4
fae0b134-564b-3b52-bebb-97cdfb02228c,4
80073cb2-2a66-3c48-82f4-d66e07eed3e2,4
a6cc3204-6602-3d02-a4ff-3f710707272e,4
4451c6dc-51a7-318d-a41c-9946c0790191,4
8939be20-408a-339b-a1ed-6407633bda04,4
4f37f8eb-07df-3a16-9c1a-4a9f639e90f7,4
1daa2207-e6a1-3cd9-8407-831882e4298e,4
389652f0-da2f-3b18-9052-e603210bfc18,4
5ddd16f6-d0e5-374a-bdcb-dbec93bf9ef8,4
051a111f-9aca-3c1f-87a5-865d6b8d5feb,4
244c4e8b-9208-357a-afe4-7a793ce8abed,4
1506c92b-ddca-3436-b74d-3e2372fcbc12,4
6a84d135-37ab-380c-9bc5-b0147a3e6061,4
60faf53a-a7e7-3aac-85f6-ac17bf485060,4
3f545c41-b227-3a18-baba-7c6a3d0e74ad,4
cbf3ff68-ff4c-3f98-af2c-19b1d14a4eb8,4
263373ed-b2be-368d-aff0-8bc051980d07,4
606d4512-78e7-36b5-b4fd-ac01f004ddd2,4
281d0a48-1d46-3dd4-81d9-56fe4682da10,4
92d855f0-0b62-34bd-a311-4e013841f5be,4
6ae43969-9ed7-3046-a9e8-ab6cd3eca7c7,4
60f1c15f-5f87-305d-8f3a-966a3c7cd73f,4
e84710f0-c649-30f6-ac13-f89e882857ba,4
32dae2c6-1363-3392-b4b0-9aa8e504d57a,4
1c66c02f-253f-3b51-a123-6398628e059e,4
61d506cc-1f00-343f-90a5-187af613c91a,4
806c1ff1-8813-3891-920b-0d920948199c,4
77dd3c56-0f8e-3272-b66a-7e7fc0939dc9,4
0a1e2a72-bf55-300f-ae41-190ff9c6208f,4
6174bf0e-38f0-3725-845c-86f4f1a082a5,4
768ed5c9-1ace-3cb8-9297-770fd327965e,4
79af48b4-57cb-3190-bbdc-fe7a08bad241,4
d9537eb2-5f37-3fe4-a2cb-92de041a27b7,4
da17e657-2ef8-3678-900c-b1418efa3e44,4
74c895d9-ced8-3d87-acfd-a166cee63d91,4
cf3ba506-11dd-3cae-b8ce-7b566a331fad,4
813e842c-075e-3021-a0e5-6294867aa76e,4
9477cb93-0dc3-3d7b-9b07-99efb27c4a7e,4
0a6dc564-1558-363b-a2f6-bb6a2075575b,4
64d8c680-f6a6-3666-a929-d5d9e0f43dfc,4
c5cc18e2-74ac-30ec-974e-a45e04732b56,4
abea4369-14dd-32a5-941c-b79c52188b5d,4
d252d008-a5a3-3134-b209-dd68e9c51890,4
26e1eab9-ac34-3a08-930a-34db96ad8846,4
5f49685b-5f32-3147-9c7e-510b33ed5d9a,4
79e42de6-3d80-38b0-aa63-9250441c0fad,4
00c2dd95-2f7f-3c08-869b-3db7a4b177f7,4
05e024dc-f436-3aa1-abaa-76dc9c74bf0e,4
48d76da1-3f9f-3906-a3ba-d6e04dae781e,4
53795e85-a8b5-3be2-b4b4-cc05efd2dde5,4
ab092be4-7011-39c6-82fd-a399da84b516,4
aca3d10c-1fa0-3423-9f30-bc387aba7e22,4
68c21778-7d9a-3d8f-bd66-23d259467164,4
f675d103-d145-32db-8757-50770b877a81,4
c7c33430-41be-34fc-9566-2e5097ab6546,4
6664f47e-51e4-3a38-8ecf-3e9a70d70b42,4
3ed8ab73-c8db-3df9-8cc8-2fc6cfb763f3,4
10629108-18a6-3dab-b5fd-61b436b6ec53,4
41fee6b4-2c71-30a6-ae73-892a440267bf,4
a91ac099-80e5-325b-990e-d02126aa8432,4
5fc165fc-da2c-3304-9c72-3973ffcfdb53,4
b2d33d1a-c6a7-3b62-a1ea-829e5b7e6427,4
64a263c5-ce8c-32f9-a5e7-a84a839b0cdd,4
b019308a-222e-364b-b5d5-5f79545fcf04,4
30d0d630-a90b-3b5d-bbb6-73ac889943e4,4
e8497e3d-adda-3ca2-9760-713f0880cced,4
a70c13a2-a51b-37da-94a0-f252028d7406,4
4aa80277-97cb-36b6-8f84-a9cdb795fa05,4
9220a0b6-f5cd-37fa-b0ab-c5711062678f,4
4ee13364-5f61-328c-bbf9-57d82e48f35a,4
36629c7e-9187-3800-9e68-bed053019fe2,4
f2bc5d08-2201-3b66-9638-a0f6287a0c84,4
ac28f150-5210-3078-a3d9-6632cdae94c7,4
0912afcf-f3db-3bb8-b03c-e073071a50ce,4
192067b0-95f7-3123-add4-d6a879e831fe,4
681dcdd6-9831-3f8d-8045-9f3181fd5401,4
62494e4d-f930-3af5-a2b1-f172bec32c99,4
1c82b13f-0d31-306b-8d58-468e6d613cf6,4
c30c2e88-0bbd-36f7-850b-e8a7671415cc,4
0868d9f2-580f-3610-ad4e-f55081a567f7,4
75c923ef-631d-3723-8d7c-c0a7d4d8aae9,4
d39221fa-a56b-3743-9ba2-c7ead2e30adb,4
1c1cde4b-8a27-3fc3-9158-fb15ef9aa418,4
894dd441-71c6-343c-82cc-3196a23c85ce,4
c6e3edf0-0e3a-34f5-91ba-f58964d34e4b,4
f0e57be8-5e58-3283-910e-2e4bdb910796,4
e3ba2a1b-8ab3-3127-b0eb-35eadf166ce2,4
30a974ad-de48-3b73-a480-1453a6716d09,4
c2e0f78a-db22-35bb-9aea-a38870182043,4
ee8a2042-211d-3414-9cab-ab49c7280c0b,4
590bd303-7599-3d22-86d0-2ae53338091a,4
c9237e1b-8243-34c0-bf8b-da8c22906dfe,4
834d2ca8-9833-3d4a-b67b-609bca50eb73,4
cd8ffd48-3f01-3ef5-b827-8b8145b01251,4
2fdacfdf-67c9-331d-ba86-6cc318726e26,4
74a4b1a8-601b-339b-8363-b3d2d0cb3537,4
9161982a-9f28-3523-a071-e85e6a93d36b,4
9ee08810-b4d1-3fc5-a73b-7deca59b0dba,4
0c777c2a-aca9-30a9-9ae4-70a353bf5132,4
e53dd7e3-af15-3aba-badb-855a4fe27c28,4
c73fffe8-d87d-3fed-aae5-b52178d8971b,4
1e472387-6705-3e68-91d2-13aacab99483,4
2fa0d74d-4179-313d-84bb-6bacbdf9388e,4
c9f46e18-375e-35d0-bc75-685f27caae47,4
4752f162-e9f4-3024-b9d7-891adfb62c52,4
3d220e00-ab45-3797-86e8-b5f6f4d904bb,4
dea18ad8-1e72-36b0-b54d-458b4c28e18b,4
fd8d5818-ffa7-30c8-a22e-7ce0e2f9ffb9,4
f5f2f0f6-9d1c-3ff0-a03c-b0a89196fe9f,4
d69e07df-2ff5-3099-9f2c-b8a3e4386f3c,4
2a420e21-2f17-3896-b2a8-10bc0bf6a134,4
1223a966-662c-336e-85c5-0e55f061987d,4
450203ac-3c47-3f9e-9e17-ee21e2a061d3,4
e7e6cb9e-e4de-372e-90f1-ff6c2a4dc267,4
2044b960-4f54-3fb7-b1ca-4ee600534d48,4
0b32fc22-d22e-31e8-a92f-b623e326720b,4
e47aad11-9f95-3149-ac16-a7c2cd6e430a,4
95ee9fd7-32a0-3818-b289-91e563b59acf,4
4e8dafe0-a109-38ab-8b24-aba60780b268,4
608731ed-667e-3b97-8103-34ec3eeca113,4
9deeb7cc-7612-335e-9f94-db4f4cb7a6d0,4
9a4e8985-8fcd-3e10-b671-0bb34b730bcd,4
08d5bb6f-8087-3a3a-802b-60190c8843b5,4
ef9dc8f0-671a-3d26-8bcb-3e9d636f6e26,4
f50e558f-e2a3-3d9f-95ee-2b7489f5c6e9,4
5bd18403-90d8-32ef-bb90-2855b918ed7d,4
21257bf5-5968-3443-958c-d949ac4e197e,4
05df22d1-28fd-3336-bd4a-687811a2a3a6,4
b081ef6e-5b22-3628-95e1-c8f1def75a84,4
ea283fd1-9afa-333a-b5e8-f346f1fedba7,4
e269dca6-1f16-3f84-a468-b5aaadc341ee,4
126075a7-bf9f-349c-b1bf-f8f3f1c7063f,4
35e210b9-4f5c-3620-9e22-91fc23dfcbaf,4
280ce345-4b53-39c0-8150-87777ec7e321,4
46361ab9-4f2c-3a41-8e62-7507091750a7,4
26f92c95-5170-3d83-a9ea-867752db83d0,4
5e08aaad-1688-3d52-b730-1b392e8f51c8,4
3f3ae20d-3ea9-3fc8-85c3-f0ca86e8752c,4
7cece495-cd0c-376a-aaf2-82a96e67b2e7,4
45b05b7d-31f3-3cc4-915c-70d4c824ccc0,4
c5981bb4-1152-3eb6-b8cf-1a200cea2e6e,4
df0936a4-d08b-3e6a-89d4-f31f15617ca3,4
3b28803e-0953-3b64-9c87-bd8a417afe5d,4
46e21829-7d66-3de3-82c3-e5f55248205a,4
a3023417-37ba-3bcd-9c41-002f0a43d272,4
a86b4ee5-f27e-3176-a892-038b6585b60a,4
d45444b6-780c-3172-8408-f075630257cf,4
33eb0bd4-e24d-3a78-adda-bebab7ce3b8c,4
cea22a67-ef59-3961-8849-150defad2326,4
4364b7ff-dd01-344f-96cb-7c229f5de759,4
1e6bff1c-66e9-320f-a6a9-a9d518f4c7c6,4
c20d3dca-f77b-33f6-96aa-50e93eb23c16,4
e21fd97c-7bf6-30ad-beed-9c904aaba26f,4
1c52c299-cd0f-32ad-8a84-010d02156056,4
adc5b871-22a6-322d-8d05-d3c013c1f5b8,4
f97060b2-31c1-3c83-85db-46d76bb7ca4f,4
8a7ad0c0-0d9a-31b4-92a3-4a74f35c4c17,4
faf1225e-9965-3075-9b49-ef7da7dc7a8f,4
b0679c43-05ac-30a4-b763-c328274bec53,4
280adee5-98b9-385c-9930-981b42f81bf3,4
3ac3b818-036a-3079-bd3a-14e8e0b36130,4
2f9946f4-657c-3ba2-a027-8238fdcf4ee4,4
30dec7e2-a269-3b70-bce7-d0d7761b3eba,4
fb3e5e01-a042-310a-b2c8-67c789ebf48c,4
a30fbef9-9c0b-31ca-ad7c-6b21d4c7a9fb,4
14b15bec-6d2e-370f-b0d9-02b68210af52,4
5f98b591-4c8d-32ea-b3ad-05503ddab597,4
8305c6c5-74ab-314e-bd04-d7e906f37287,4
55ce5e4c-cc4f-3f1e-a131-c7b2c1a4c2d4,4
3ce71b27-4c49-3d8a-9a20-593a3a8baf97,4
e17dce69-0549-377c-a3e0-10fc7c19765b,4
4660830d-85ed-3f60-ae3e-76b1a0c25645,4
1c5c8e3e-0eaf-322d-8c17-f44423878c64,4
eb03c563-ab3a-35c3-afed-ada84f481657,4
0c351b8c-15b9-345f-a146-1e85b1bacb03,4
1daadbe6-9029-3071-aff9-589f0d926d86,4
deb14d20-ed4c-3b47-9717-e69c58d93012,4
d53239cd-992d-3f4d-81e8-f788e3fdb499,4
5b3c0bdf-db25-3532-9d94-0d46e2dde45b,4
dcf26525-529a-347c-bae3-15160699e5a3,4
45bf3036-be34-3a07-9766-da12b284c44d,4
0f1a39d7-0fc6-3030-9532-d95f661c9fa6,4
c1b5639e-869d-3767-9acf-69c59f9f6566,4
54994732-567d-36bb-9301-8ed673848352,4
a4041946-b890-3561-bc01-bd529057ac75,4
c0e7a07d-46e2-3ad7-a908-32bff7c8e47d,4
ad33a76c-2a6c-35b6-8334-130e3039b229,4
53a86f9b-71d2-3378-a380-1d52a803440e,4
5ae75145-ba67-31a5-850e-5c3b326f3651,4
cb6f064d-44e7-3b15-82b1-3268981323c1,4
27d65004-02e1-356b-9efc-971d314f18bc,4
b0ee0d54-de1d-3120-a3de-4e2819bfd262,4
0bb3c777-1b94-3566-bdfd-0fc11c990967,4
29e55c5b-aeae-380d-a54b-6b8908d23597,4
d0fdcf16-aab5-33c8-a8fd-16a8519a1331,4
6fb02e2b-a9f8-3b3e-968e-cd0e1f93da3e,4
7de02564-8a23-37a7-aa83-100be8b3a0ac,4
9e918de1-3898-3b2b-abbe-6816da36687e,4
eec2ac1a-7425-37b0-af28-2316df1095f5,4
d4c97b22-1075-3004-a1a7-91e83e8aeeab,4
273a518a-fe72-3203-8c27-a1d3eaa97996,4
ed81487a-c162-3839-bdd0-b5ab3024c2c9,4
2aca51d2-c908-36f6-9b12-bcd2661a7ccd,4
bfcb884c-6783-3a72-a26e-c5d0dd968c7d,4
ee497623-84b3-338e-a052-fdf6b050bda6,4
ea682f7d-2f80-3a19-82ef-c8ce900ccd22,4
1116fdf6-3217-38a2-b393-394e2d929a7e,4
8e476b1e-7513-3fbd-b736-96438be12809,4
0e9ddf3b-89f6-31ae-ac0d-751c7e36c8e2,4
4bff64fb-5dc3-34ef-b87c-b592079f39ea,4
b41f7e35-dde4-3441-8729-8f3efaf70d39,4
9cc9059d-21f0-314d-bda4-66550a509ee6,4
d384271c-7b13-307b-bab3-6291649b79b2,4
60affa54-4904-3f7d-a43a-1392a45e5d65,4
c17d1e84-0374-3c75-9362-b8edfe4d6ef7,4
ee2c3f7d-cb20-3267-8d1a-b371db42b028,4
b0a7f5bb-8ad8-3e26-9a61-ff8323523782,4
5a35b42b-e36c-3e14-b2d8-8ea8f7bd4c0e,4
ef94d80b-ada0-3a64-a0ef-6c7658d10541,4
245442d8-91b7-3908-bd93-482fdcacdc25,4
d5688264-5db3-384d-805b-8d0174c62966,4
f5221f3d-993c-327e-9ae0-7b4ad06b9fc0,4
1b1b54d3-55a6-331e-9f1c-81428e0878f4,4
80476072-9d11-3568-be9b-b8df271e86d3,4
2ab9e122-25c5-3a53-828e-3c65f393e85e,4
7210bf75-f467-307e-b8d0-d195ea3a7765,4
4ef08dcd-0fab-3da5-85ab-56cbbaf55731,4
f4bb5799-9b72-37d6-9f7d-50f3cbe82da9,4
4a27d592-f43b-3355-b2fd-900957dbc77a,4
e1dd5f2b-c75f-3a60-b329-a48bf473fe66,4
7d9c1c1a-0a0a-3e40-afd2-ead0ddd9213d,4
a71c82fb-b5c8-3fed-ae17-007a0267432c,4
3424a62f-bb75-308b-9504-fd84eef3652c,4
96d0196d-0350-3df3-ab07-d587959a0466,4
37dc831a-f49e-367c-b24f-4b8c36912152,4
1ecaaf27-0db4-38a1-b6bd-01909b2e0196,4
72ea990e-b987-3bfa-b1e2-e08ae0aa145d,4
41fa42f1-2e26-3207-948e-f19351f5ccf6,4
ce1e6c4e-48d9-3c94-97aa-2176f7a757c1,4
a898c15f-5962-3bd0-811f-11ea6b8f6fcc,4
63e8fdbe-fb5b-30fc-983b-6296b27b93ab,4
2c79e94e-c3c8-313d-b09e-42bf082bbe44,4
53f62407-cdb2-324b-8186-6380b5cf2f23,4
8ab26602-128a-33fc-800b-d308a458f6c9,4
1da238f8-2312-3057-94f3-58cf0b3f6af4,4
7a37f539-a31c-3bd6-9161-9ede6821eb3b,4
077f3682-ae3a-3e7c-b539-7b51f2183df3,4
c81d2b1f-43ed-3d86-b8ca-69218da05bf9,4
35df0eb0-2ddb-383a-95da-e1a5dfb309d0,4
0e81722f-9272-3e21-b9cb-b4ac2c3034b7,4
1cfe8006-c7de-308c-b1b3-014a1b9b4089,4
ecdcae4e-02bf-318a-aaae-eb3ad33e49c0,4
8d0dd4a5-1ba7-3edb-be5b-2de015cb423e,4
4039ef31-9678-39bc-87f9-ae7a75db25fe,4
e1e8ed00-7c2d-3055-afb2-0c8d3ef83f43,4
0123a636-0dae-3d1a-8fe0-51366bfc5a1f,4
bc71e40f-4f18-38d4-a2c5-c985b4d2030a,4
d7c110a5-530d-34a3-b207-9a26e9fa69af,4
16898b99-805a-3f77-9bf7-7b36caacdfcf,4
a3ead726-09eb-3176-a47f-bddd5ad83cb2,4
59051fe8-182c-394f-b9d5-ab6538917ee7,4
ae47673f-629e-3027-993e-07bb0ceeeded,4
2aa46bca-f23d-36bb-8da5-2c35c7b28a5e,4
b146c9f1-cd33-3cea-a534-28b8b63dd9c1,4
24078e6e-73e2-36fd-8597-ea719d466461,4
bef1e60c-ceae-333d-96d0-5fc2c3acf68b,4
979899bd-cf54-3cc0-a0b3-7ec2ec223f8d,4
14126856-2173-3b7a-a952-eb56a279f4f3,4
7a86fa0e-d640-3329-81a0-799d826163f2,4
c1a91dae-6a00-3460-8dff-01d007d88ede,4
f550b862-062c-356d-82c7-0d6fa7396457,4
7609622b-902a-3af6-8a82-abcf20b5b47f,4
d1b2e29f-28d9-34e3-9eed-0990da7db69f,4
14bb1dc6-806e-3b2b-9e4d-ce484dd0c7aa,4
69662934-b3bc-3618-b505-f6cca72e2418,4
64cf359a-6f52-32c0-8128-33e1778c1f99,4
54062eda-6166-3deb-8a5e-27f60ab87b1e,4
2160f4cc-fa4e-35d5-9df9-2324a82485f9,4
1c8bbc5f-8648-3c5d-9941-b64e52c6670c,4
1c0fba6c-ac05-370c-8bb8-d507c5adc460,4
41f8eded-b9bc-3f12-9238-19ba6f513f2a,4
6f4b36c9-b286-3628-ad38-2755c2d1b33f,4
ae9b2387-9b79-3131-9c35-f9f28cc48acc,4
ed1a5850-0d74-3ac1-b44b-4b01f5f8606f,4
a027565d-dc9c-399b-b388-e0dfc2e850af,4
ba2ba089-ecd5-3811-953a-5f6b6031d94a,4
61f3eade-6716-3865-8660-29da591376ba,4
6665abbb-4273-3757-8952-b6161864ac5c,4
4681118b-b562-3ebe-b0ab-d8e53adf1a65,4
22f339df-396a-32d5-8a1d-dc21e7e52256,4
a466c1dd-0269-3199-8bf3-f3cd84d8afcd,4
68d0c78f-32c0-30f6-b142-514239b86d39,4
9a6aeb29-fc53-3cfd-a181-10bd8b01b51c,4
305fc7e5-1328-3b64-a10d-37b70f32d197,4
8a233e51-4fe9-3448-84c4-b441d86b96ac,4
5ceae323-781e-3e0b-9115-455020d3fa92,4
d6662b0e-4587-3f98-ac58-5345c7d4555b,4
9783614a-6fa6-31ba-ad34-141d59716e63,4
9516220a-1cc2-3ba9-9ce0-a365eb5cd791,4
176eb400-80d7-339c-8d4b-88f7ef9485d0,4
6b310fa2-46a4-3bf4-985b-ce8836dfc4b7,4
d5ce48b9-9d6d-3639-a34b-9d296dd811b0,4
660951da-0f87-3c23-9fdb-9156da9c4124,4
d56bdf22-adbf-3547-9a42-9a30cde9ed1a,4
5d365c33-df07-3aee-9a1b-7f3b8cf25d90,4
65240052-0450-3027-8158-ca98426f978d,4
e536d1ed-4b25-32b1-a205-798cb2944738,4
bfb14fe9-e77a-3dd4-8ccf-23b13129e1a3,4
02913eba-8a8e-3fa4-8b17-eedfec482e94,4
d12b728a-c73d-376e-92b1-7724ac0d45c4,4
4fc53bb8-355e-3de7-a8d7-771adf8a7adf,4
5eaba7c3-dc6b-30be-bfa0-5369f4f87638,4
6b2590fc-2b7c-3c88-b5e6-d686ad95be69,4
88512f43-6c9e-34bd-8d9e-705df9cbd2ef,4
2aa4a960-3898-3a08-a894-23609e0cd002,4
3bc672de-eafd-3f48-a3fd-45e40bb08912,4
8fea2c8e-8ada-3820-af9d-5bda8f5c77a5,4
795fd19e-57e2-3559-adc5-2783627a3440,4
4104e9d4-b619-3e8c-b435-cecf1bfc7236,4
c4135714-8e1c-3ca0-9048-9eac028bd0ac,4
46fb9db9-3b55-3838-b8f5-967c8f84fe07,4
25144fe1-186d-3807-960f-1dc271566500,4
4e02a6ac-646e-31a5-bd29-00e4ea4c6e90,4
1d31d60e-eb44-387e-9a62-193db2d890a1,4
258fbd44-1ed4-37d9-92c1-00f11f33323b,4
518f8b5b-ef09-3456-9e34-8775e84d74d5,4
dc67db4f-0286-3a72-a5c8-7a0c23006d47,4
f98f6d79-6416-318a-aca1-0951e5c0fcba,4
fd2d1d2f-b3c3-3059-a3da-6e0e9eae58f0,4
d38ad291-3da5-385d-89ae-edcb0e3adae8,4
5492b5b2-2ccd-3da2-8c5c-a0e034c9fcda,4
610ee631-5b80-3492-b14f-c1de912c2973,4
c76a7c90-bc2e-3df3-baff-3ca0cde98ca6,4
4d7563c3-03bf-321d-bac3-4d527965b185,4
a1a1d83b-ef0f-37ae-af03-160dc81969f8,4
cbfed52d-9ba4-3636-aaa7-43c9413d011b,4
69cb2cd0-a731-333f-a3fd-3ef4f8cee694,4
2dc622b7-9736-3185-a1af-acf626f06c2a,4
66be6135-3412-3307-887b-0d40848b54d7,4
77044b92-2a19-3826-b955-34e31c1d2244,4
d3a6934b-6cfe-3bb8-8bc4-c71c8579bdec,4
869d5dda-b23c-3369-b945-0c57673d1ea6,4
4cde5d0b-98de-3da0-a9cd-c49ed72f5e56,4
e90f59c3-4864-39d7-941f-bcdd5c3b568d,4
b7c6e1d6-467c-339b-8f52-4caaa41f03ff,4
ead638ef-3c44-3de2-80e2-105f9502e828,4
99e0dcca-dc42-361f-9744-6bba10f2765a,4
b338b7a3-b358-3e9b-a708-540d3e95931d,4
d40da5d8-50ae-3a18-a7a3-fefedebb5bb5,4
f975e6fe-27fe-3b83-86d1-6fd61158fa1b,4
f69d3d6f-6fa8-3add-b2e4-279c6fae8456,4
38f1c982-5f65-3378-8bc4-9e468aa08f15,4
f34e161d-d636-3b2a-9419-38b0a0129dcf,4
c0e89783-22d7-3c7c-ace5-538c8e5e3f6c,4
90f471f8-f987-38e1-a043-ee34714298c4,4
fb43298b-166c-3d8e-bcf9-a41ee51cc54b,4
4367074f-3e5e-392b-8b16-1cb8501165ff,4
c45a661e-c75d-3f8a-87cb-1db9083f5e1c,4
90b5230c-f921-373c-a3ad-de90c13332c2,4
e03a80b1-239e-36eb-8141-dd2ba5551e4d,4
0501ecc7-40da-3d68-9f7c-acc85ee81821,4
c4baa3f4-8001-3a09-a94c-5d36988ac79c,4
523a1ae9-1497-3f67-a755-04cbb0b2098b,4
bd955977-d937-3b81-bf9f-42dbcbc2fcc0,4
92d434ce-4b65-3846-afd0-bd920b41c3c4,4
914515b6-907b-3e9e-8544-7c558426e4e0,4
f7356550-8797-3a46-8785-a10cd137b46a,4
16369646-f5a6-3378-b9d9-94a2e0b2e95f,4
42e2fd34-65e4-392a-80d4-50c28b93dc45,4
75bbbeea-65af-31a0-bb98-4d88685ce8a3,4
abd61c2d-eab9-350a-b8c4-c8071feb3de2,4
5933eaa3-289b-34dc-864c-79380b86b3f2,4
95f882f4-cfd7-33c9-8bb1-e9be3c13004f,4
dcfa9a40-c305-37fa-b6a9-ab349ec304b7,4
363bc81f-a003-3967-a6b5-d451f7b88a24,4
2a19b2ca-1e3f-339b-b27a-a3890d8732cb,4
6950fd5f-7812-3c34-b123-6302e44e6f26,4
50a10c55-9697-3100-b9da-09ae4a639900,4
bd4bc0b0-c0f4-3e4e-8ce8-52194afe881d,4
f0f11f13-b70d-3b35-b9ce-e4f32125b1ba,4
d02251ec-7fd0-34ca-9558-64e32985aa58,4
5911a351-dad4-3a31-a4d8-42822955ccff,4
0c5120c6-0062-329b-a005-cc94380f2d2f,4
58c104bf-f705-38a6-808a-514c5945e598,4
6e11cd04-199d-3771-8aa5-dc908dbc71d7,4
55462438-47ba-3142-8319-11ee011ef452,4
978a6079-3829-37b9-9e5f-9bd589a93850,4
e2585073-3d36-3ab4-875c-f8fcdc624bca,4
65a29267-12e1-30a8-b610-d7a0cc258e2e,4
cee0c0a1-4408-3623-a854-038685cc93a6,4
62464399-d22a-3892-8aa2-d9156fc2cd4c,4
8bc29133-16b4-3c02-af05-e312e6830758,4
6a7ccaae-19a3-3165-9c68-6e505f20fbfb,4
d9972572-d078-3bf4-a212-799986a6cdcf,4
d6ef77f5-e405-315e-95c3-5397c2b36297,4
399645e9-adc6-326c-95bb-991dbb9e6b79,4
1e7585ab-b445-3a62-a7c6-8e2aaf173dc2,4
57c85bfd-aeb3-354d-9d22-40dd522f0147,4
192a7923-9dad-367b-bfbf-3ac6a4c7fef1,4
aaf20a78-39e2-3344-91f5-30139c7e0c68,4
be0386e7-a767-3bbd-aff8-09b568921455,4
20319e41-d0e1-3c93-9183-c5522646a43f,4
c1e7e364-0211-3aaf-8d98-fb828d424504,4
234cc0bb-460c-3dc9-9919-ac668abde35d,4
3b6528ba-ac41-3897-a5b9-a63bc617974f,4
17f25630-5f10-3888-bf71-ad9a88e56b0c,4
a942ebdf-edcf-3f85-8178-b671106930ef,4
62fdd212-2beb-3d66-952f-6716b4693bf3,4
f65c6303-f97e-301b-9199-8ba909fbe3d3,4
de03d82e-cb7a-39b8-8949-0bea95108ea5,4
14da167d-49e0-3c67-b277-60b609620184,4
a07d7cab-7993-3da6-ae6d-1a340c418158,4
a4e135e1-efc5-3d79-be6a-e9633f24c0b8,4
27de92f8-bb35-344c-8a58-7ca019ada1bb,4
29f6622e-7119-378b-bb1f-caa4baffedde,4
fe38339a-f3ca-38bb-9960-46cb49ecef0c,4
7c4dc540-8fc8-3619-b5b4-defb3950bcfb,4
57d4ea6e-d8fa-3377-b73b-a386e18d3424,4
6c7d6ba3-b171-3795-b544-250e9899008d,4
b70313c8-572b-3c52-942b-dbbdec533d39,4
fb3b6b8d-e0fd-3f09-9f1f-a4b557c30dd4,4
b8eb871d-06e2-3ae2-8eaa-83472603150f,4
f5f0f29c-0a39-3ffd-aa1f-8fb30395917e,4
ea1a8e42-867f-3680-b527-69ca7e7a4c51,4
67e19438-0ec5-35e8-973a-d37ba333dbcb,4
9368b8a3-8ecd-36db-be69-f049005b1032,4
c447147a-6e21-3c6e-a416-be69fdd8c935,4
1a79100f-bcb3-3884-a34d-4a2fca6c441f,4
22b878e5-58c2-3858-8c7e-b0da4e7b213d,4
4f5a5978-5ec4-39d6-8c75-bc86bd02416c,4
28cf457b-eca1-3923-bb1a-ffa64dcc505c,4
535a1a95-8a34-317d-9169-f92983dce17a,4
aec2109a-9232-34a8-bf00-065ca0cf1a41,4
b8e41a47-d3d3-3c45-abc6-e9f2660f79ff,4
1f1e22c6-3e35-38be-9aed-19361d019459,4
d30c2862-74b5-3a56-bc71-f75e5569d0c1,4
0ed253b9-11cb-3d42-9292-5884c04587a7,4
aa399fe8-499c-36bc-b9a5-2b0280f9600d,4
52f687ef-8cb6-3287-8399-b644bf0e5a17,4
a0d18f1c-e6a5-3657-895a-7cb87c2a25e5,4
0a1d2fca-2612-3667-8f13-08ca03026573,4
50d1861e-895d-31a0-94e6-0fc01d99e539,4
ce6d1a7d-4246-3354-8367-0ff50c64a176,4
12c9ee99-6497-33fb-99fc-473d7dfb597e,4
65023fea-e233-37bd-ba2c-1b2418f1c970,4
e3dadaee-6168-3c92-89c1-6cede1733b17,4
c505f8a2-697a-3daa-acd7-b32cbeb70c40,4
1b73c9d7-8d56-39bb-9b8c-0c4090cbdbbd,4
d92185b8-e93a-3189-8cd9-e61cbba77d99,4
a8386d93-411a-33b2-866d-46e7f94816e3,4
abb5371b-2b18-3289-aa29-19d02dd79a6b,4
41fddd92-67d5-3e10-95dd-6c56618c3ebd,4
b1d4ce27-33c2-3a08-9381-5270e075c387,4
33aeb22c-2ee4-363b-a5da-559cfd070bfc,4
cfc09c85-9b2c-3cb3-ad6f-a24af6ca530a,4
00b261ec-201d-3668-8d34-43ac21b6dfd5,4
143e57fa-dd0e-3805-adba-679741a13cd7,4
578cab1d-d3b1-3921-86d1-e147eb5484f9,4
31e1b271-1735-35ef-a3b4-5d925430ce15,4
ea7a10be-2bfd-3184-b47d-7b2f61cd8749,4
a3c18b91-c5e0-3836-9e32-ce72c725c80c,4
0b554bf5-3506-386d-81bb-bfe6efb337c7,4
efefc024-1900-3866-8823-5089671506e4,4
83ebbb1b-d08c-35ee-9845-3d3b8bd36f03,4
ad610b05-6b46-335c-a088-915ac6bd6471,4
2b64c054-0c3f-356b-bff6-38441173dcd4,4
91130a58-b47b-383c-aadb-a988e4447e09,4
ab981aff-7597-3196-8e71-91fc2318e8ce,4
830db55b-6ada-3963-bcc6-5db6902ce017,4
55399e0a-a561-328d-b7ed-f0a672ee83cb,4
b6a51711-e594-391e-8e7a-1b8dee8897f8,4
5973abdd-420e-3b25-b278-06eb6f4ff6ac,4
a8a1dee5-4fa4-3e0a-860b-781b4724f123,4
6372ff01-b0ee-3d91-989f-557715c12c4c,4
f6ea29cc-ec3c-37dd-a629-52629d850475,4
330e1620-8065-3f64-a565-83e37a8ebbaa,4
d2f8c4df-6bd6-3719-bb67-e572ef1f6389,4
238d882c-ec21-33bc-a698-b237ea883898,4
f8196aa8-7d59-3e01-92a1-1e485e4fcb47,4
2285cc34-9398-3cb5-a9e8-2d0485427e8c,4
ffd8b2e8-95fc-31d4-8b3a-4a7b9ae89e99,4
03abc767-c822-3b2c-aebf-f518dde2d150,4
d98305e6-b3bb-391f-be44-034cd88496ab,4
d99445ba-9a41-33b5-a936-66216c1b62cf,4
73f6e680-9ef1-362e-b9c5-0d8688dc9bc7,4
c329c72b-1ad9-3980-a6b2-60c7985a61c9,4
544c20f5-f05b-33e7-b6d7-8a5044104ed2,4
ba6b3b0d-12d2-340b-bd0e-303c4708f3d4,4
3013b665-b410-3d8d-85ff-434e1d8dd25a,4
422a39ac-554a-3c10-a7f8-26f5a4c0649a,4
d9cfedb9-ea56-351d-827a-ddb80497bc8f,4
7d1e8504-a716-3a35-92f4-3b23df8edc8f,4
b5576bc8-073a-3595-9a91-32f764c21241,4
0c547e03-8667-317f-8be1-c5366b7fcdb1,4
b6bf9b9e-9e88-3876-b4f1-0aec60eba5bd,4
e4c8ecee-f539-395a-9c0d-65a1d6ce1e65,4
74bb973d-ad1d-3179-83d2-67153e8ea45c,4
50a9d6c6-86a9-304e-b16d-31ec4c94ef47,4
9220d700-e9d1-3014-ab35-78d44163bc86,4
3655a757-40b0-3246-becb-400f26677c95,4
88abcd04-26ee-33a9-aebf-1840495ec050,4
29ecdce9-2608-3025-8c7d-4ed87b2e12ac,4
d345e722-e482-332c-bbf7-5b1f273302c5,4
ad75730e-1632-3075-a581-44b405b416a7,4
9d44cfe4-5217-3957-88b1-78bb39c4b929,4
ce50172d-68d1-36b1-90d2-729e38c84152,4
80ec3a11-dec9-3e31-aac9-05fd33980076,4
90ec8adb-4b2e-3853-af74-fcd758939c19,4
d1101704-25a7-3ef6-ac53-83fdc0a2cc9b,4
d226378a-1e66-3aca-b60b-66f4d8efcf93,4
9b65954d-483f-38ff-b3dc-e5668388e124,4
77bb1f0b-37e1-3354-8e9b-6af82a9e07bc,4
fe5758af-dfd2-3647-9326-24d37a3e8584,4
7ec6aaaf-f14c-38a7-a634-ee5faf44087f,4
5b1d4797-5efb-3ddc-93ea-a5b70e9ca533,4
d21a39ac-dbe2-3f92-be88-d438edd80d80,4
a604fb64-0dc1-3a99-9a5c-44cf6fcb7b4f,4
171bca0f-3b94-34dd-86fb-6892156c2ea0,4
7c036b88-6c25-3b9c-b73a-84e2f052cdc0,4
a45de94e-dcc3-3629-83ac-b444224c6641,4
d7eb76c9-bbb4-395b-a402-e4fd3589fe40,4
e01b5aa5-6b63-3ec2-9e0d-e1ca58703177,4
8af17f13-5af0-324f-9740-5ef75af56ef3,4
acca20ff-1917-3bb9-a328-d4c75866dbdc,4
b4f607bc-2e0e-32fb-affa-69caa3dba029,4
2daa9c78-1e3e-3be7-8949-c60c13fc44b9,4
f2c6fe8e-23d9-325d-92ce-00920fbabc00,4
316c7090-f25f-3431-b0a2-1838913a13cd,4
fc8e82d1-de72-3e5a-87f8-049248a1fcec,4
6517744f-a722-3bb9-ba2b-76a7705ef04d,4
88d08838-c7c2-3f3b-a309-78cbbad07f6c,4
a19178c0-c63d-30c7-8c3b-7e7e29194aa6,4
2278c032-5821-3dde-abe1-b0d3cb75a63a,4
404b48c8-e0f7-356b-88da-d3ac8421afe5,4
79b226db-a90c-3f12-a789-07e896dc14fb,4
2d8e6d9f-a1c2-3fc8-a015-38d7e921d496,4
e0afaaf0-e06d-3620-83e1-c8a37841eb32,4
6d7782b6-8481-3b1f-9421-9d6264fd125b,4
09e36134-942b-379e-80b5-9052c56b0236,4
ea1db801-9f73-3e30-9c64-555fdb1828d1,4
e47e7a36-a1ff-31b1-877d-11fcffd0734d,4
7ad9610f-7d9a-38ad-80a8-e997853b0942,4
e9100216-93be-37ee-aca6-b2c5dac6d709,4
0ba29cbd-f500-3969-9df4-5cdc4f29bfd0,4
fd31a284-001a-3529-bfa5-c32df5f6dadf,4
925995c0-2c09-36c5-9d78-58053d4c38da,4
2da3ae0b-a3e6-326d-aa2c-a13c59de3e65,4
17309b03-860b-3cfa-a144-8d3796c7a967,4
b0e32fa1-846d-3ce3-8ef0-27ec4debfbd2,4
be426623-2316-390d-b8f4-89c03d2a0231,4
9203709c-58e2-3a06-a8a2-9507aa541a9b,4
a83c6276-023d-3b3c-acc9-8d1d969059a0,4
c1d023d8-a676-3cc3-b13b-c8a5c63c4677,4
51189152-46f1-3810-b77e-6a4a61e4520d,4
8a87c0ad-0bbf-383e-8a4a-b6f631f4baab,4
f46a4f56-cda4-32ba-bb93-f540c7b9b1fc,4
a3a3ea75-c91d-343a-9c54-018d872c0745,4
9b419f58-86e1-3848-83c4-67a6621f157d,4
f77279d2-5a85-3222-aec5-50b8a581ca35,4
f09f4708-084e-386b-a151-7457c2cd9a46,4
c389c7a5-4027-39b5-86dc-f006ba5131ed,4
fea3e540-f694-30de-9705-d38fb9de6d00,4
96b3ab75-2d5b-3350-b526-7b961b588ffe,4
9ea14078-4a96-317e-b700-d001b803d346,4
59289b5b-17a5-313f-9f83-ef8dfbe501ce,4
a6d65035-efdc-3b0d-8206-01f805f815dd,4
bae45c4e-682f-34da-8f45-54d3d2247763,4
bc0e3db1-62b8-32ee-9a88-ee54bc01c90e,4
4de4801b-ebec-326d-85da-961ab550eb10,4
ac675c94-8064-374d-af89-271cd062c49a,4
828969b9-3693-3b39-9105-fba6199733ba,4
cebf998f-3b14-34f6-be19-78092893d6cb,4
44c51ba1-c052-3cd5-a77e-501adb0d1b5e,4
19945e0e-8044-3794-a4b3-51352bbd3c47,4
e46ab790-9b49-38b2-b971-4fd3adda71a5,4
0907d314-edfc-3048-90e2-05dfcb67d184,4
fedea306-4348-3438-b24b-b8967a27989c,4
65944028-d68b-388f-aca2-b7c9018e7008,4
5d670921-f699-3f9b-a589-da5a0edda496,4
0dd6d85f-ab85-3e22-bb81-f922da6997b7,4
921ebbd1-48eb-3bb8-9eb3-bb2d8a5879c3,4
05308419-a0b0-36b8-897b-725a23259438,4
14c0d748-72e1-362e-b23e-8dc409caf0d3,4
d414dde9-27e0-3e6b-98cc-d542be301a9e,4
fba6e82a-46ad-3e35-99d9-81352e090c26,4
c3b695a5-3271-3129-865b-29e7af7b0e82,4
c16d5a1c-abb5-32e5-8c21-fd9a526f156e,4
718c7fe1-e4d6-3a24-8cba-b3ac757dbf63,4
293b0384-d74e-3d90-b50e-ea2e9c3c9ae0,4
e262762f-e7dc-3d41-95a2-1e8061506932,4
c2ebe051-38a6-36db-bfa6-a082b21ce717,4
9f82093a-e895-30c2-a92d-9cf41a112b68,4
3f57bdd4-0a15-3314-b836-92f6d81de8bc,4
c2fcebd3-d2e1-32eb-8ac8-dc746eed146c,4
5cb5c8eb-d70a-3723-ae29-1ae01c4bf358,4
8f374c0e-5c3f-3893-9fed-8fef7b74833a,4
4c73b6ec-1026-3780-90c2-53f957ee11fe,4
8b75844d-9b7d-3ec5-9028-6c5fd38b4ce2,4
af79740c-daa6-30a2-b0b9-32d3b4e8883f,4
47a9636b-3d7f-33bd-b74b-a82b093aee65,4
a927a6d0-a4eb-3916-9fbb-4a461659adb6,4
3517dd99-0c13-3649-9df6-694bf65430e9,4
b6ed97ec-cce1-3755-8ba4-91491df3d9b1,4
d481f24a-9aa4-3fc5-9766-a74ff65063e6,4
8ae9f9f5-cb79-34d8-a97d-52356594c948,4
7c07a3c6-b67b-3bbc-9f47-7e7d6198842b,4
115eb6a3-2de8-3e6a-ba68-ee931d57ecab,4
45ca2a17-a48d-30b3-9f8f-f485b8b5c4ac,4
f8bc7a29-f31e-3752-8a17-c86efa1cc17f,4
bcdb7a7a-a7a9-311a-b8b7-e9f1c3c61794,4
cf82454b-3da0-380a-a8c3-aaa750658fb0,4
cc54aee3-058f-334b-b330-894958f1a3eb,4
bfc5a561-7fd2-3e4c-a4ae-ff57055a297c,4
10cec485-8a3a-3fa7-b76c-44afc256dba1,4
aa3a1a4b-d3c5-3c78-b714-831f6240169d,4
12a7aef5-c02f-3165-b278-7bfe15ee863a,4
a1786faf-606c-33c2-8c56-597338ab14d2,4
b9defa06-93cf-3e47-b6de-eb386489abd4,4
44761560-ef3c-3791-a2af-0975aa56635e,4
3d436cf3-108d-315e-8d2d-0dc024af504b,4
39871269-939c-336d-9225-1420c2836854,4
291c7bb6-344c-319e-9134-88b3f9399017,4
2007e560-b77d-314e-93bd-27d0c27d409f,4
b1a58b8a-65c4-3b5d-9e94-2cc5b0718c3c,4
3ae75297-071d-3f56-bdf9-c2f3ff269158,4
a07fd3b9-deb9-3e30-91ef-bfc1da5bc930,4
24da0b2c-bc34-3a62-8975-f57777cc216a,4
c5ba33bb-3161-3888-bcd3-575e60b97fca,4
f56c943a-cf1d-3d6f-aca2-a9ea1848cc38,4
c6046ebd-3aec-3dae-88d3-7753f86012df,4
b5ff7c21-ad1e-3185-b19c-b607e8c003e7,4
d3926175-b5ab-3254-990d-961e144df059,4
739ec907-eaa8-3ca6-baf6-75d6e31350e7,4
4f8388f3-9f68-39f0-8738-c4259de8bed9,4
ba0cef6d-38d1-3b18-85fc-1173e8abe934,4
3c553ad5-b301-3312-9ca1-b21d7957df87,4
d8c1237c-0086-3f62-bf61-78a288ff7a66,4
633ee6ec-ca19-3648-b71b-bfb3f7f6ffa9,4
55bf0dbf-dbec-3847-82d5-9b9237146e59,4
616695c0-6644-3171-8cd3-8949dd8952e3,4
69d8fadf-1ef0-3e57-a4e3-f25b460f6299,4
3c9bb5d0-64a0-32a0-bec2-0caca131eb0c,4
2f292d73-567e-3005-a13b-57bada0f43c0,4
2a6ec870-728c-3118-a5ac-702968c19b0f,4
d7d36541-8b9c-3cc9-9897-bdf857c1322d,4
e6beb754-137b-370d-84a7-608b4e8fb47a,4
e1eca121-e0be-3962-a2c7-ef11ca7c3a3d,4
4e7e435f-7c31-396c-bdb2-f405a8a6bc0b,4
e5288db6-6286-3c1f-a2d5-957d744a2619,4
f20aa355-de9d-309d-b046-38d97fb036c8,4
a9546265-d4ba-3f41-aa45-7d553b419232,4
d19fcbc7-6622-3660-b954-616af3a98751,4
0e6b15e1-9104-3341-82d5-f7f6d006887a,4
fc18f2b3-5f39-3396-bd8d-d819aaf4e5c5,4
75c2f398-a5b8-33ed-80c8-fda36170d55a,4
f9038460-469a-3282-8344-151a56bcc47c,4
f7bf08f4-0216-342c-9ec9-460cae671bdb,4
851f316a-8499-38dc-b43d-b567a4d1f007,4
c43e0c7c-0ba1-3729-b066-7b31b9507f09,4
804ee47e-583e-3c81-9a7e-7686475cf3fe,4
9bbd2179-6ff6-36b3-9ef2-3420e6150828,4
c19a0a2b-8075-3e6a-84b3-a4376362346a,4
efa814af-68ff-3b65-b1db-b62d4c40346e,4
6daff8eb-b9ac-3f53-baf3-cd21ad5751b2,4
053392c4-e0da-335b-93fc-359ab5f1e1f6,4
ced76b95-5607-3023-97b2-f8be60f468e5,4
37b0c854-83f2-3214-8e14-ca2f60ea1020,4
0f99f9ca-0d44-39fa-a549-e04c3c7c9c81,4
5d1ba2b8-f510-3a4b-bc94-9d7396a1f35d,4
7586e17a-dffa-359d-8670-9e8dd08ecad5,4
d2aabd35-d7d5-3498-83a7-db932aa4c8eb,4
9384363a-0a76-3f81-83ba-5c9cf3007f75,4
96fcc5a2-8cd5-3aef-a657-aa81d1002eba,4
3c731acb-2a4d-3cdb-8294-7c54dd5043b2,4
a445cbfd-1ead-3b79-b08c-43b5aba6cacb,4
d07c8622-025d-3dfa-97bd-7eb6d27d77e9,4
cccd3523-a3c1-3c21-95f2-a7190d147cad,4
f89ef0d3-baff-3446-b1a2-2489392807b6,4
3d22e922-b7e0-35e4-a395-e95ceece35e7,4
ad505ad7-4d8b-3d5d-a8e8-07d62b01c5e1,4
cbd8bd1e-4568-37ab-a739-b0cb98b30bfb,4
a30e0c02-9d9d-3dd4-a278-b17ae19fd0d7,4
bf59556e-1621-3476-abf1-0db5c4142079,4
61862ac5-85da-3a86-8bf0-852e9fb063c6,4
7f79776b-3d5b-3b5f-84f3-2dbdf16ccc3c,4
c5780008-2c53-3594-9d7b-b558779d1cfb,4
df5ef121-8d9d-3a63-a66e-f1718ca7a32b,4
5c14a5c7-9ecf-3159-92e3-8bdcb4105770,4
27d4cc8d-29a7-34e4-9083-cb419e36ea15,4
c1efca2a-4505-3245-9004-f23eb9481f2d,4
79534b68-b061-3362-a85d-f9c6c648845e,4
cf55546b-6f0e-3a2a-9295-0242b5ce1f7e,4
d9c883fa-28ed-3cd2-9d56-e147027a4a49,4
e4f010c1-0a92-3707-b8eb-abbf2fd0cfe4,4
8d7f9077-b301-366c-9641-6dc61bc8bf46,4
8f1058b1-ab1f-314c-8206-af5da801e363,4
00920a0c-b19b-3cf9-af59-5c3a07714f6d,4
c6e91b1e-8036-374a-958e-0d4c2dee4c94,4
8990dbd9-b0c4-3864-a3fb-f72eed0c3130,4
10570557-3508-39c1-94e6-cfbcde87778b,4
5e67d46c-0523-3162-a5a9-26ec04d5582c,4
8cbbffda-efcc-3c57-b9f8-71c9fb00e66a,4
6943c2c4-9280-3112-93aa-c1c5f5456b71,4
cd7366fc-e5f0-3dcc-8267-fa22b4688476,4
a0445fab-1945-3507-9a61-73fccc92d7f0,4
ea278f48-f963-374f-a4ef-ea658ce57d61,4
708fce1c-bcfd-30f8-b5ad-f7baa3b53b5b,4
34a9a6af-2ee7-3377-a95a-325eb86af705,4
54053eca-deb7-3d00-accc-86e314f11c19,4
b40b822d-4f5d-37a4-a781-efc2d0b24151,4
4a8f183d-ae16-353e-ac3c-f1f7d8dc3f3c,4
04b9244d-334c-3ca7-b85b-04e849aad30d,4
c5658ecf-1aa6-3611-8eda-77b56b5d7de0,4
94926aa6-0ec4-34f4-82ab-07933a31f107,4
48e847a6-7825-30fa-964c-e194865cf75c,4
b58b6da9-dc6f-3e25-9692-a76f18718226,4
0b4a1453-32a9-3b39-b369-0087dc1f71e0,4
a4aa8d04-76bd-365f-b5b2-3194b6741a26,4
876da5fa-0e53-31e6-a7d9-d90613192e43,4
4add94c4-22a0-3b2d-8609-646180a73abc,4
456290e8-5e70-316d-bd24-ed80af6fac69,4
b4d1c28d-1de1-33e8-89be-90ec668d199a,4
6a254766-676f-345c-9ac3-6d529ca22864,4
30546b19-da62-3c65-b3e6-d264d3390a0d,4
0d5ad227-5e0c-30e8-a7ae-e29a47872fac,4
51fad5fe-9cd5-30b0-8ef4-509b845b3b39,4
c6b50546-2725-3202-bef0-f5c266c226fc,4
82549c58-c384-393d-9be0-9ffafbf408ef,4
27b27b4d-138c-3764-8d3d-ce0a812c6eb5,4
629a5cdd-0529-3c67-bb5c-0fcad0e441e5,4
50dd2d6c-dc86-3104-a9d5-37b1e388369f,4
0da696f4-f801-3c92-940f-a11a0494e891,4
3ec3eebb-949c-3245-b917-a46eb6034c1b,4
60e1062b-7ca8-301f-b438-c8f1fad07304,4
b46d2407-b157-39f7-963b-6a736c2c90a6,4
f4b10903-04f6-3fc1-b6f8-d0bd3d948916,4
d31b2f32-c909-308c-8a84-caf0597f1bfe,4
9f745970-47cf-35f3-af2e-632d2ab1cb18,4
af23d957-c5f0-3acd-8da2-df6cd2037da5,4
6b4c099d-486b-3e71-8ded-a9595e59d4b0,4
31b1e9cb-b502-3e96-9ffc-6aceeeb17737,4
78d1ddd7-07ae-32fd-a7a8-2ff9ebcd936f,4
31adc3fe-3cb8-3589-a376-da1c1096512d,4
29e22caa-af20-35b4-bbc6-9aa00403d3aa,4
53990134-ab62-371b-a6e0-5a6e2f34800b,4
aec7f90e-f236-3017-bc88-6f857d15f15f,4
2b2a4f92-a05b-36c2-98a1-84478ae54742,4
f09f0ea2-34f5-3e23-9356-5cafb26aa1df,4
88e4b6bd-992c-37d1-9867-4a705ddc6f82,4
c7f094e6-2371-3b39-a3f0-5e981951a01e,4
0fa6de5c-0b51-3423-9612-a3f2ee0efd43,4
fe84de00-841f-3bf2-af6f-b5ddfd26b7fd,4
49e6c50c-b02d-3c81-b3b5-9156acc46590,4
69da42fb-ad47-3a5b-9fde-939786e40fa2,4
19161a81-1b67-39a2-b7dd-4f87bf7974d5,4
5e6f9839-49a5-35d1-814e-d1b104185ed5,4
efa2f319-28fd-343a-b6b3-186d76a30038,4
6eb1d031-8adb-34f6-8f6c-6559bba77898,4
f19755c4-8dc4-3da7-a6ed-06010f929af1,4
0fb9215d-2e65-374e-aa24-598efccb7b9d,4
52e19bca-0192-3230-835e-ead5c609d5eb,4
27f18424-0d43-3617-938b-50722d75f848,4
fb3ad713-3d9a-3eb3-8eb0-190eb8751f33,4
ba918f46-b959-38a0-8232-ab85c49d895d,4
63796f13-a83e-3efb-a4fc-28d5c7a58f82,4
f576099a-52d3-3109-ac2e-5b22ddf69047,4
d175c0c0-73ff-3b40-bdf6-ce7855aa6172,4
fa97b5ac-221b-33b7-9ce2-6d31cedcd6be,4
69d8e1e5-ed87-3263-9523-a0508c38a36c,4
30505d10-0c78-3ae2-a28f-5826fd0c24c3,4
58357df7-6772-39f2-91b8-24e94bd9b3fb,4
4e773ce6-549a-3831-a079-3a113fa9a348,4
d20f69c1-f813-309d-a6da-793cb228e06b,4
cd4133c2-248a-3533-9250-a16c42455cce,4
c8e00939-1217-30c7-b486-242375a8b1c2,4
078a4f70-06cf-3ce9-936e-024c50d2829e,4
d57fe914-3cc4-3a12-ad72-573099e7ce47,4
0e3fb232-db21-300c-8a7d-d644d1693df4,4
fb7c5ad0-5cef-3e18-a1fe-5de986f31752,4
81b74df9-6f84-3a20-8aa5-18b490001a27,4
1c377ab6-6148-3462-b10b-2429725507dc,4
25024d42-9614-3617-b110-83799ca33b9b,4
610bca9d-5c5b-3fef-9277-e7c3189d410f,4
3fbdc6d6-4b61-3638-8a3b-d9308feb1dac,4
6d38cf9a-113b-3de2-a7a5-0a843b87d1be,4
ec13f2dd-9c67-3e6f-aa98-be4c44330c28,4
151e8839-8785-3610-919c-7077f1a2ff83,4
ec1034cf-5556-3097-ad65-7f3ab657c3cc,4
7c93cdcc-e587-3466-be90-601044b1b6fe,4
9d4634b0-f50f-3646-a4bb-290df442e81c,4
2792d398-cd64-3390-b62c-292d4ac26e54,4
8b8fb872-fd09-3531-8200-29e062062985,4
63a47622-2a7e-3b00-af74-5c1a58aa1c17,4
9104182e-e6c1-358b-b92c-d12e070a663b,4
2e5a314b-c41b-3c4d-aa0c-ff4b5c4e44ba,4
50580c43-b13a-36c0-8239-5e96d2c2a3fb,4
d25c30c2-8ee1-3422-b358-09a49f207b68,4
7a2b9a65-1395-3df0-b61d-5c288596b754,4
e7c482c0-91a3-36f6-b3e5-41b2e9f43352,4
4e36a15d-eda8-354d-999f-060e21c8836f,4
cfba82c6-9ec3-345e-8711-6df8030a2297,4
40e5c55b-a5e5-31f8-862a-e47b0fa59c51,4
b382dd10-9c26-3c41-be2a-d6301e2fefe4,4
6576770a-a993-3c70-be52-6a0504082d85,4
ccae1e57-5cd0-3138-aef6-a566e5487b6c,4
824ff191-79b6-3b27-b30a-ae08569a739d,4
8a88a188-0cf3-33ab-83a6-bd01962f92a9,4
30e8ef15-cd4e-31cc-a091-aa9a5019dfa9,4
74a1abc4-6a93-3d68-b9c7-4a44591ce3ac,4
81d1531b-c741-3b2e-b3a6-0f1cf0143bbf,4
bf674d93-1692-3cc8-b43c-88c3733949c7,4
69c1f170-fe61-3062-8778-63ac383cfa14,4
5950c54f-3cf5-386a-aa5e-78abc0d2bd9c,4
3817fd4c-b88f-3e58-ac28-ccc683e7d8b0,4
a41f7769-dfe6-3b14-ab07-b9edb7ae7c88,4
faf6b2ad-2756-38f9-888a-aa7269efc685,4
2886b9be-a2c0-34d5-9599-a75899116480,4
7964b16f-49c7-30f3-9b44-a05810728dd5,4
dc7b0223-4383-3b5e-b623-528838859291,4
70a73e70-3d4f-32e9-b58f-adefecb69aee,4
32d54119-7d6e-3c6b-a615-967c0841cd29,4
3bc3114a-cb02-3be0-9de1-cf4608a8b146,4
c63b592b-a5a0-37c9-8b51-6d33dc598fd7,4
e198d0b2-683a-38e4-a902-821709fab17b,4
b933afdf-04a7-3e20-ac01-3e6bef2259a3,4
ab422c22-b941-3f5d-9c85-4e70d33c89f5,4
6387ed86-2756-3958-b12f-1a83933aaa1f,4
edacf770-2c50-394c-a177-40986f9b075c,4
81ca3ca8-a473-3e61-86d8-5c59c3f5c2d7,4
bde8ba30-d4c7-326b-9c2a-8a7fb8761009,4
b0f2eaf0-86f9-31af-a60d-2317b6974b97,4
89864e37-6934-3f3e-bda3-6126322f753b,4
d3ef57ab-1047-3ba2-b09a-8f0b34df33b0,4
ba67573c-6a6d-3446-9777-94d0fdd67390,4
5a14e6b7-1f04-34a2-a002-f3e92f033224,4
843d47d2-867e-3796-b013-55cdf025d6f6,4
3320c16d-e51f-33a0-b4f6-c302cddbd2a3,4
d38c6b34-01bf-36de-8810-64c8f143bf93,4
d2fabf90-29e4-3aed-90ab-1509c1249298,4
d4bf1929-52d0-36f2-9d4c-2960896c3b78,4
cb024dc7-bd36-38fb-9090-ddf3b6f4ec24,4
9740e59b-13a3-35e4-bea4-568b4913e060,4
3f16f505-2a1f-3afc-b69e-4e11a915dc63,4
46cb3324-d013-3111-8078-5907f15aa9e1,4
f1a81af6-dbd6-3249-9035-6c2820fcf52a,4
ad939b00-0c38-3b69-a2c0-381b89c0e58c,4
4dbd9b2e-3322-3dd2-bebe-f4c2aa1e13fd,4
437d2545-40e4-3336-aed6-94f9aa117564,4
9a2baaeb-95be-37f1-9c44-16f3254f8c55,4
7f7786b5-d3d7-344c-8425-59dc7b8b295a,4
3bb92f28-7c25-3233-88e6-b46053211f1f,4
bbd0aeef-8a65-35fb-a0bb-403475d2937e,4
3e5318a7-4d7e-32c5-8879-84c2d4c77968,4
6ef12004-32bd-3fcb-b2f8-22e76ffb86da,4
872180fb-66e9-3803-ac2e-266b5bf03fae,4
9d21cb8d-fe1e-36cd-a5bd-ea239f05059c,4
7e3f72f5-5f82-3196-9eb2-02a08755e9c0,4
b8e7852e-78c1-3b07-8214-267bd5aa2412,4
d89c9811-9eed-3483-aee7-a78d4a507ddd,4
a76d6c81-a279-3edd-b56e-9555c2a306aa,4
c469dd50-9535-3cbb-9386-670a81c4bf38,4
8775276b-ae9d-3f4e-9e94-bc13916adafd,4
53e54ada-52b6-3624-b8e0-1ea085887db2,4
b87ac471-4e05-3285-9b83-27be6427ddee,4
cc3f6d8e-1b16-3f8c-83cd-04f081911825,4
fd2a65e6-344a-36e0-a3d4-1e92faff05b7,4
7ed405d6-f4f0-3ca1-8b6f-9d77834a883e,4
600a0f23-eb0c-35a1-aaf3-377c37e8cb05,4
595791bb-f674-3a44-b5e7-692058c7902d,4
4d37eaed-dfbe-3d28-8e41-1fb3dea09319,4
dcd54275-160a-331f-bf0e-5ad38db0aac1,4
e2867f07-b0cc-3ab0-92ba-63abe80ee3ec,4
cde635d7-89fd-3011-854d-63239998d02c,4
c7d041ce-9dd1-3a72-80c9-3fae34ad57c1,4
ee1ee6de-3ff6-3a3e-8ebe-0f661f4ff30d,4
1f5d8c03-78b5-3818-bf8c-08712877d49c,4
cbb773f6-8b21-3b55-848b-26db16781e0a,4
b47294a9-f0a1-3ab5-bf98-aa40dc2241a1,4
fd5e31c5-5a02-3e9a-a5c8-995642dea44e,4
2d59de23-95a4-35c6-81bf-86804b4989bd,4
3fdc0bad-68df-37a6-b71f-b9c47cde9f67,4
05bba3b3-abbe-3587-9cf8-56c80074a68a,4
0f340917-7aee-3fa1-af8a-74a13a63c1ed,4
6dbda745-127d-3a94-80ca-8cd2daf1cc02,4
9e54405e-fc87-3d2c-80f7-99cb25bea8e7,4
ad07e71f-ef36-3d32-902a-1a9759f990d7,4
f6918017-6aa2-3075-ae98-94b05460efd7,4
34bd2689-5962-3c26-92e8-3a6c80f5a2ce,4
b73537a4-c3df-3681-a36f-5a57e21d57fe,4
522b345d-d19a-3601-bc4f-fe3a2258c215,4
aab3cc39-6d1d-39f3-a585-b0c8d4f60983,4
8bde381b-02f7-3d9f-b225-b2562fdf1d89,4
a547fc96-395e-3967-9804-9560128f9b71,4
fb58ffc5-c60f-325b-bd54-c56c9c7aaae9,4
d3025d7a-6add-347f-aa20-f8f81aab9263,4
6497b9b5-e701-30bd-aa95-1aac8ad64bc3,4
91f4a7a1-521f-3fc6-9563-aaf282e304be,4
30f9d3a3-93a2-3c3c-a04e-7101e9b6585e,4
83bf071d-7edc-3f79-8c1c-eb6b6cb2363e,4
2e47a3ac-e1d6-3a85-b7f9-60674487f084,4
c5b48693-e8be-3d69-a5e7-9fe30b28fe6a,4
2618f664-4525-398c-af4a-a770e68f3fe1,4
98edcb00-67e7-34a3-a906-9feaf3f2e786,4
9b1980f5-f22e-3e81-89cc-ae645bb525d0,4
fefa86c7-0079-36b5-934d-6c1ddad64cdf,4
6ef2f88c-5369-3177-98bb-d31de991f85b,4
60d00471-d867-3f5d-8eb6-468172d6caaf,4
a087e9bc-6d9b-390f-82b3-d114bb032181,4
003656a1-ff79-3f29-9d80-d561d1b96d01,4
7247d52c-5175-3e29-95d8-47d000bb663a,4
6261f036-db65-336a-8c2c-d2ffd3fb4e83,4
a153c42d-62af-3454-9bb1-c5957acafb65,4
75ac86c0-99e2-34c4-82a5-a401e3b6b9ee,4
e895eaeb-3ff3-335d-a303-b50a943d02f6,4
9040877a-eef2-3ec1-8328-27d17d28784a,4
122a0be1-64f4-3093-bda7-3cf7c765dd9d,4
7fb08451-846b-3294-b5f9-c6f677c42fe0,4
2e524d94-4917-3ef4-aadc-1d356bf40112,4
3b109008-badc-3a3f-ba38-4496d41596d7,4
50664764-53ca-3b04-a885-a7ae0738180b,4
9807ac77-e09b-3879-881a-0fe89e284000,4
552f8430-509b-3ef2-bae1-97a31848f2f8,4
57d5a258-080d-3509-9696-10324f946098,4
814cf070-fd81-335e-a56e-5e10dff3775c,4
9dd7fc39-b915-3140-8844-c3dff4b471d0,4
92c8926c-d553-360c-9f26-6f4dbccebc5e,4
51b8caa2-fe2c-323c-8994-1e7b4defdbb0,4
b90eaac9-2d7b-3c5a-8a51-4eac15518b4e,4
70926724-d143-3412-b607-26b944aaecca,4
b828e748-851b-35f8-ac89-aa2baea1703f,4
c051f64f-0b1d-3b08-ad7b-d2b89eb64205,4
59907368-e098-3bb0-80e7-9b14180f7f66,4
d7089b9b-1c19-3a9f-997c-2c3a4537fc9f,4
bf5bdf82-c1aa-321f-b365-4801f8964e2a,4
381adf7c-24fd-37ff-b13b-b42688936931,4
1bff533c-4717-3334-ab51-81b57893050e,4
3b56e324-1314-3765-b935-efb76798ccfa,4
29a3a0a4-daf7-36f4-b813-5f5cc2b8e137,4
fa976397-ca17-398e-b4d9-96f834eab3e2,4
c7ecd9d9-73f5-3837-9623-4651ab47c214,4
2b35acf9-a91f-3129-909a-a63b727083c2,4
a648d321-9043-35a9-a7db-010b8945f48b,4
ec50077e-4722-372b-9887-357af50b129f,4
98670e5e-d6b3-382d-afb2-730f31282ae1,4
f60e7e69-c530-354d-8c26-d85111633f4b,4
5aee69d3-4c5b-3159-8b1e-e36e396906bb,4
4e4c07f5-1a8b-30f7-a91e-0fd645380dc2,4
3afe1cbe-06ca-3c86-b432-935e1bef52f3,4
03716531-ade2-3d28-a418-fe4aca666af8,4
319feb33-8284-3de0-91c1-e3b085a4c5f4,4
9e1aeab2-d275-3297-be89-a6d4709ed4a0,4
3395e879-f2a1-324e-b54f-0bd817e19846,4
330b15a0-54cc-30fd-9b13-1bf06b78450c,4
cd3f75cc-d918-37af-9cb4-89b65c27a671,4
20003254-7212-31de-8e77-70f0babb9942,4
686e4fdc-959b-3b7c-b021-c9a81d4c6cad,4
2d3e81e9-4cd4-3e34-813c-42dd0d170f6a,4
635aaf96-ff6c-39e2-abde-920c398cb79c,4
c94bd14d-fe06-3bd4-b803-b733c7d0a99d,4
56ba864c-134a-301a-8f2f-d7ded28bfcf2,4
bce1705b-24d5-37c7-8548-d08cd68bccaf,4
0c12ad30-67f7-32e1-a1b3-42894a6cd6dc,4
deeab717-9fd2-3513-88dc-b3a047b1c101,4
e2ffcebb-d3aa-3fca-ac48-e1b4121d6d19,4
987c5878-fa5a-3ee8-beb0-864270e012b1,4
460f8c66-b592-3119-88bd-ce1960b06c3f,4
b8ddcd6f-b7e2-333d-8a69-4b1a60be6609,4
53a1701c-27b5-3910-b284-878e369d10c5,4
30025c23-d15d-3f1b-a4c8-312f9bb7952b,4
4ceb6071-056e-3d45-9274-a09d923cc0eb,4
cd0dc316-b697-30b5-99a5-e4c3e581a48d,4
c9171b7b-b2df-3dad-9374-9caf80506993,4
155275df-6c1d-3ef9-a25c-191025a81a5b,4
d923d2e5-79a3-3490-b582-f8c8b3130e9f,4
11f0af16-b2db-3197-9b7e-4a969f341054,4
293dfed3-edf6-3faf-8292-64aa67c68b33,4
379ca24a-8f2a-3f02-a209-57650e6dd604,4
7f72ad3e-1a50-3242-a978-9333e6ace7eb,4
bee0c431-0b27-3324-8dff-1c00790c1bd9,4
ec52d47f-0c7d-38f3-b722-aa45d1f1a611,4
765b92a2-0d59-31a5-970d-82f9dea4f39a,4
fd242581-2061-301c-ae65-ba9aefa7ac91,4
023a66a5-1e85-3b58-8c0b-0c0c14ec951a,4
db215c21-f125-3a53-badb-7f807dd2ed1e,4
a4c27bba-306e-3047-9457-f68091efeccb,4
1fb34581-c281-3432-a4d9-40788106edc9,4
4ca445f7-6956-3963-a412-d1bbdb4e4d74,4
095e3752-49c0-3cc6-bbe3-8375ea87f363,4
9a9a95d5-6056-3918-b8bb-3d222cf6f861,4
fbe1d17b-b74d-36a5-ade3-6b145ade2a84,4
0f4d1198-56bc-3493-8a8d-11de54b36195,4
1d5d9f58-bf61-3164-a627-b9fdeb0dae75,4
1fb34477-8fbc-3d58-b75d-85fc0da5aba2,4
2be6ce0d-d47f-3cf7-a054-7ed5c2b690e6,4
5434bbce-a9d9-3560-bffc-662aa4764393,4
faf76287-5b2a-3b13-a6a7-7803f028e813,4
1fe0080e-1817-3244-ad5a-01e561ce60d9,4
b1ecb961-a83f-3e41-987c-342d67ca1613,4
39f30066-d33b-3786-aff3-28b655bcbaf4,4
62794d5d-bc77-3cfa-9ec9-6b55e483424c,4
bb8712ef-a0a8-3154-9c48-a4d9a11b3237,4
c5f95d15-b6e3-392f-86c3-0cf9c0dac869,4
87657fd2-3b6f-3793-b17f-edda986ad77c,4
b575c8f2-4e2a-3077-baa4-ac426a6ff62e,4
a73817a9-39de-36e2-8a1a-510909221a22,4
e2656f70-c025-3cea-bfb1-cac92b592ddb,4
f1fda35f-9836-3f63-a7c1-8e1e508a11d0,4
c7cd38fe-5552-379a-a04f-04a8baba1679,4
60427c5e-f472-3499-ba0d-2223908a4d53,4
940cded4-0f44-3682-889a-bec90db6df36,4
6a2165bb-5dfd-3ffa-8a45-dd360fb2bf8b,4
f0e5ddd8-09e4-3870-8e33-b719ab201a15,4
281bfddd-3f77-3b56-adbd-11b1283be398,4
474882cc-ebb8-30a3-b28f-86223cf0bf9e,4
e9d462f0-8ac3-3b20-9acb-2a4b1f7cc617,4
d178d9df-2211-38ff-97a8-0d6fb10974e9,4
7f8503ab-7e96-3611-a004-0b7205e812ee,4
75cc038a-2a73-33d3-b400-02eda8481887,4
1ae897d8-0969-3bdb-94a9-271802d9be06,4
aa31444f-bed4-3b58-9ef8-4ec57c4d0c1d,4
1eb2433c-ff60-3298-8d6d-d71fff91cb06,4
02ef7a3f-943f-3fa5-8ff7-284ea66a9fe2,4
b863e0d9-0455-3f5f-8843-7c6e18013478,4
1df8dfd3-1ab7-3ffd-814f-75a6fb174b61,4
f9c5e1f2-1ed3-385a-b679-d486259e790d,4
be112bf4-7562-3d5d-98ac-2d0ee301580a,4
508e8c14-4b6d-35d1-8722-accdd65b2eb8,4
15a931b2-86ea-3c47-8f71-efeec7dbbcdc,4
c9e70d2d-90d2-3558-83b5-95830984a2dd,4
07c15b5a-a322-3187-81d6-32afbf6635e5,4
ae02636e-3ba9-38cd-ade8-0d632e4c7ba4,4
0d7e4f77-c28a-31a1-b612-c27d66259d8d,4
cdc77241-1fb2-381d-8f1b-f0940e39b5f0,4
4ee8ffc7-74f0-3d9f-9ce6-44edd073a5c0,4
b8be5597-13f3-35c6-811a-1c9a07ba4a8b,4
747b62a8-3181-3490-9aa1-ffadec66a30b,4
9e3aad34-0435-36b0-9422-60fe76d9f71e,4
110e226b-a983-3257-b26c-71ac35a36e5d,4
6a6abb2d-f3dd-39cd-a22d-d238c36b1322,4
307267f8-f749-391b-8764-b03132f75542,4
061685f9-eed2-3cda-82a2-9c8c9d30c1f3,4
375e3de7-2b5d-395a-a2da-cf2c8e2f740a,4
48b2e881-cc57-3084-8b6e-acdcf1087e84,4
4a5e760e-33b1-390e-be57-9684ea8346cf,4
fe295792-a6d5-33d1-84a4-ce4fbeb2b622,4
e44ad453-e3c1-314e-9814-2ab1b8ae0fd2,4
9f0931d4-06d6-3f50-bb2a-ee0d9c8b244d,4
c3c0f0db-47ab-313f-b7c0-9ea46b9afcad,4
acb0ddbb-44dc-3294-9822-361ff15f3161,4
ae5c0ac1-a005-3d8a-83a6-cf3eb5070fdf,4
41f66b69-eab7-3009-947f-76c6648b9885,4
76c014f2-f91f-3b07-b8f9-85ad20cd4560,4
ac1d82a1-a127-31ee-a4bb-06ece5dc9df1,4
f84ddaa6-51af-38d5-b929-f372bd3cd7c0,4
8a8cc959-adf6-336f-b235-036919c56997,4
fa9157bb-5bcd-3aed-8202-a49afd70ea38,4
10e10bbc-6cc3-34f6-a928-705475e4d77b,4
b964be5b-fc8e-3720-991c-217951b52067,4
62ef46c2-54a4-373a-b4bc-82f6a5469c08,4
16aa762b-9c2a-3e6d-a3bd-2dd5f69451a4,4
3ac389dd-eafa-34fb-88ea-4d4739aec9bc,4
b3995bad-74a6-386f-9d62-1e4858856fec,4
e51d577d-0391-3be3-8b7a-f4c6db072404,4
b783e20e-d948-3a58-a114-875ccc206df5,4
975cbbfb-3301-3466-8225-0a8540e46441,4
cfb7d0d7-3438-3b8b-b769-13d2d5ea42f6,4
b28ae2e7-b1f8-35da-ad3f-d5a8d1692441,4
2c7b5d71-b258-3b7f-9fcd-3ba1188fc58d,4
ad37864e-134e-3f1e-b755-890a4158a459,4
ac008fd4-5a28-3990-a68b-003fec60028c,4
2a772916-b953-377b-afa1-486fe370dc04,4
dca17969-2a54-3bbd-99e2-48cf66aa927f,4
e69f5b7d-c298-35e1-8e1c-8b8f5c5c8521,4
5eb828b7-11d4-3a97-bde5-c123ef534211,4
86da7681-3936-3775-ba60-c0d8c522bce6,4
a082ad13-f503-392d-8e82-64c142751634,4
5a76ce30-1693-3ad9-a9ba-53f282818cc6,4
7c2e8c72-72f1-30f8-aa0b-aa90741dd58b,4
d4572c70-9b9e-32c5-9ede-812078176772,4
ba1cc334-a785-38bd-bbab-987ccbcdd022,4
30e4d8e9-f1c6-336d-8c94-150dc3b07cfb,4
6b6019b5-e22d-30e6-92ae-67600e4f1aad,4
d34c0806-ebf9-3f79-a763-5a195efbbd72,4
e2b68aa7-e524-3933-a784-5fe0c8ab6a2e,4
0fb71620-abfd-3bf9-a629-85bd91b19d43,4
4b6d75c4-bc6c-3951-b49c-608b2d51a36f,4
d8644c55-c601-3545-8371-17db6536957f,4
c9449b11-63ab-3aa1-9b35-28773e4d3704,4
6b6eec07-8873-3639-bfc2-ce91240c5c2a,4
a186bfa5-0f12-3821-b2d9-39529ec55b3b,4
ca6af2ae-a9c9-3c13-9c70-9e61ac29903d,4
98229c62-de3a-3ca6-a44b-8370eee3b6a2,4
2bed342a-8607-3831-84a1-f9e0ac3ea65f,4
1b13c66a-e807-307c-b398-1da394827032,4
dfa5ed08-5a03-335c-9d90-a47ad6e088f9,4
f5a3c3b0-82c6-30eb-9188-42f2f08779b6,4
8c85fbfe-fc98-3d1b-896c-e69b72d79f85,4
1c5a7fb5-0daf-3a4e-98ee-d22327b5f8e7,4
c0d45dee-39cd-3843-940d-76926dd4923f,4
3c0bfa00-af41-3ce5-ab01-315aea5c08e4,4
ab8f7a2f-9988-31f4-b7cc-7b3809e0e926,4
e0e14ee2-ae3f-3e85-aa3f-5961e2a783ea,4
de9d7461-03f4-321d-a1f1-55dec9757f43,4
c3853ab7-bd8d-3175-ad1f-be7dbdb9d217,4
2642fe9c-eae1-3a45-a528-c17b1585c3b6,4
585124ad-0170-3547-af5c-24fe18ad6887,4
b7a3eb34-9bd9-3a7d-b69a-dffaf37ea8d8,4
24ea37b4-956b-3a32-96cd-dbf49b7b730a,4
25927f35-0942-328a-a92f-dcbb68514c62,4
d4b64033-8356-3731-8740-5009effb7a25,4
33827747-61c8-311b-9ae7-bd2d0505b6f1,4
bd072de1-c46d-3fc5-a1e1-e9877c57e69b,4
2cc1c554-8f19-3690-9d97-d713c9a31e6a,4
668b6783-24ba-3cc4-93a7-916d7092dc30,4
98980ace-dbc2-3c8a-9a0e-cb74ac0dcf33,4
302ffb74-2b2e-336b-81f3-d731de3d7e5c,4
1c664bc1-616c-3b94-a07a-f6b52017d496,4
5ee8ff84-f135-34be-b6ef-48fc3d06ec4e,4
43dac03d-ca1c-383d-8225-513e7e53cb93,4
75c60db8-5098-3db1-a670-041233d16dd1,4
f8f08985-6260-3d93-8d59-92ce97b76acb,4
b747fe30-e6de-335c-a066-f89e8109314a,4
1e0f83ed-ab9f-34bc-8874-30db017b8c19,4
2fccd5b7-4645-3c91-8123-cc636af4a184,4
cde1d6cf-7877-3cb0-ba94-4efe91c7b5c8,4
b576045f-ddde-3dd5-ab49-9e237349e329,4
22677368-a47e-3693-b914-00488368380e,4
3391a7ed-fec9-398e-b929-890870dfc9e5,4
e3e26691-cbca-365f-8ffe-104883e1373b,4
905195ef-dbce-3de5-a994-be4ca1e7db99,4
01b32eaa-dce4-3ae0-a000-14b71191ea3d,4
fdf0baaa-98b1-3c3b-b711-aed7a27ce468,4
88160e87-24f5-35f3-b3cc-83fa014ec4a3,4
ea69f8bf-3ab1-3da4-903a-3023c0621d17,4
74977136-7d7b-3a09-a632-b42b846ce806,4
c92431fd-5449-3578-a8cd-8a65dcf6e4b6,4
65cff971-94b4-329f-a054-8cf215e7a25c,4
c50465a9-62e7-35f1-b509-f1b8aa67a568,4
513b49c7-cb14-3591-993a-de719c5def15,4
ef078640-9142-392f-8721-da5a33cb5138,4
88fba5c7-a27c-3385-8ed9-2a420975116e,4
2b72aa50-4cfa-3e2f-8d3f-07340ce019b3,4
dbecca0d-80f9-353d-b5a5-874a434deb4f,4
ced8a60c-ec31-3098-8f6d-68299a780644,4
c507ed4f-b7a2-3a8b-bcfa-ec5f95986324,4
1879c40c-a799-3191-87bc-ffbb212bb769,4
3b3e0e2a-dae0-33ae-ac6f-b00de6ff742d,4
8958b70b-5a86-3009-aaa3-10235152ce07,4
a377df44-0e75-357c-8885-b9349ed736cf,4
ddcd2523-3d81-3b48-842f-6caed30d5ae8,4
33e7d4d0-512e-3be9-8815-fcf2540f9071,4
3798676e-3747-3089-98ba-542235b49cae,4
cde3eeb7-cb54-3fa3-ba1c-aa17a0202b21,4
41f6f1e8-e8db-3bae-bfc7-fe8592ce4077,4
83479aca-c324-3218-994b-77dd3f47e84c,4
b977e88f-660e-3c75-98ba-279a05bd9dbc,4
4e3a3e40-a489-3af9-83ff-345ba4302964,4
f6e2c83c-5309-3686-b0cc-949c40a44830,4
1b71129c-f5ec-3b6f-a18f-b39eba0816d4,4
07966022-875f-35af-acf9-59a8b4c10104,4
ff2a5d1d-7fe4-391b-8b67-f31bd291fc35,4
b04815c9-4201-3e05-adc2-1b500a198b59,4
4417bc80-74b8-36e6-baed-9eea575f252e,4
ba215699-6a1e-342b-aea4-3ab1bda149cc,4
4ad3cba7-880f-388f-b2e2-71dfcdedb88f,4
57cf2334-7d15-3a05-a298-2629c35137ef,4
92146b18-359c-3657-897e-3b8892a3cdf6,4
e4777f37-0c5c-350a-a7a4-7decfab38a40,4
3f725c61-d0e8-3301-9036-ddd1ce9df092,4
845e62c8-921d-3dc4-a4be-c2c690470b26,4
7e9608f1-4915-386c-8a26-5d8e41feac23,4
dfe0f00f-0abd-37af-9230-bb152699ae08,4
2b818296-ffd9-3bc1-8ec9-a1e68b142466,4
4506889f-6ea2-3d9b-91b8-f71b9c8374de,4
30817962-177c-3816-b9da-2a747c70e9a9,4
222a6343-fb20-3b50-8c5e-9788f12a903b,4
b27c1389-3f9a-3f60-89df-a25a145464ae,4
78d1a8df-9985-3ac9-97ce-786718e4e211,4
989cf7ae-f544-392f-9112-f2f1808f0d25,4
64c5266d-f48b-3637-81fc-b7425dd7cbb4,4
bf7b70b3-de27-3359-8ebc-f6f15ca8c7bd,4
bb775b1c-d37c-35f4-a010-2739a2f9fa55,4
de7caace-f102-3b3e-8b61-26960a7d3ebb,4
36c56301-0d2d-3e8c-9004-243f0bd89d9c,4
767e969c-af35-3f2d-a5d1-97aa0db20c9d,4
2933de71-9915-36ad-9ee4-066d6778341d,4
9630b4d8-57e9-309e-a6d1-8037a427c807,4
9bb066a2-df7f-37b1-bb4d-63459c96e4d9,4
bb3e0115-5480-33a5-a4c7-d8c6993c6f16,4
069c8685-c29f-370f-be5b-d6d4b286ff81,4
e3e1a8cb-0932-3a50-923f-3c72a7b4ddd1,4
c2b5475c-0e48-3b3b-9bee-370d1f20dc4f,4
470713fa-af1f-39b5-a8cf-536634af8cd0,4
4a0b9732-4a56-3895-8f08-ee73e332daf3,4
c2bb6959-b39b-3073-b5ea-630f0a7865b7,4
890d235a-bd28-3d95-ae97-93f620d92793,4
5036327a-12c1-37df-9c03-9b166295d35d,4
61580408-d6f9-3ae5-848f-364ef2b96576,4
c98cd427-9cbc-31fa-a49d-42897a85c327,4
6004a980-7e9d-3efb-8dd4-addf2d1cc6d7,4
c87c329b-96ac-37b6-bec5-fded35f66627,4
2a3ecfd5-a73b-383f-b912-98d05b4d20b5,4
d5822f19-a29a-39ba-9721-9bf7d9d3e98f,4
38496268-cdfe-3d87-912b-a31a3426320f,4
c7489cab-78b8-3019-96bf-6097a83968b9,4
7c8bbf22-35d3-3f02-a215-a0be392fee49,4
ac865b29-b6a6-30ee-995a-8f0af0823b68,4
e457920f-cc32-3025-acc2-cee3f2ece0dd,4
76f68dd0-6353-3667-8d7c-00c3fba35070,4
c4072330-2ea0-3d4c-98ee-c647955198c0,4
37732f98-2b2b-3ee4-b4f3-a3115d781367,4
9ed5b8e2-cfb4-3434-ab8b-9aed4d7479e8,4
146e291f-23f1-3c97-b81f-b598db147a4b,4
48e169ba-4e85-3e86-b20f-b67d2690424b,4
7fd07074-9218-3098-8a2b-46fdd4b180dd,4
9ff9684d-db97-3943-ba4a-8bbcd0f23f96,4
bf7a3298-cee9-394c-9d8b-80f6be4c7256,4
5b81da70-1b0c-3218-87f4-439b6da49bfa,4
1efb893a-fe31-3b36-814b-d4f0d7e0a71c,4
7df43553-f1e0-3f22-bb83-acae71826077,4
ec69ad39-b0bd-3fa9-bedb-4b272ed7ca64,4
62fa2c3e-af79-3555-a55f-02ef24b503c7,4
8aebf287-f47d-3935-9c81-0045c5735348,4
c68b42c2-5e68-3e9f-9625-eb553dda45ca,4
54c41f82-2d4f-3c14-a924-d7ff1c5ee79f,4
d724a66a-fb55-382e-84ed-4411c0637cb6,4
b90f7306-035f-3707-b6d0-b06a81c1ae30,4
2b290672-7f5e-34f5-accf-7152a0428b6b,4
76a398e8-741f-3c26-8105-cfd74f5653ae,4
a6bbb7a1-5480-343d-b773-015cc9479f2c,4
5b222c3a-1a69-362a-b33e-4bb509611c5f,4
48fccf46-90a2-33cc-92b9-7a47a7af6786,4
7914c527-b11c-3cb8-b15c-f9f83a850159,4
162ae3b7-a61f-319a-9c0f-325edd5a5e31,4
6214a08e-9461-365b-aadc-0a7b2702f81e,4
78f84beb-4f7e-3894-84e2-8dccc2cfbd15,4
60d5b579-1d5f-3ed3-814d-34f6c9c5a02b,4
e5261d86-cf28-39b6-9e40-097404f40b0b,4
846470e3-726a-3e0f-97b7-5980249cbf7d,4
d18c9dbe-8238-39a4-92d5-f046c6544ce5,4
235ab739-dd2b-39ac-8154-715d3786a811,4
b5ce04f9-d21b-32eb-963b-2e2954f6affd,4
551119f2-c09e-3ee8-a27d-83dfedc01825,4
9d009180-bddd-325c-8df5-2ceaf427d4df,4
cfe50fca-411e-3576-81b5-67f39824af84,4
8c58cac6-f2ae-37eb-b176-51d265ad0f47,4
0c5fe5a0-9986-354e-90ae-575b9684ae33,4
35365497-b6fb-3ff4-998f-9eda85de5a97,4
efc08a03-4fae-3ccf-86ae-8e169364b0a7,4
11eeda3e-9375-3ae0-beb5-19f52a0a69e9,4
2e2a4f68-fe6f-384f-91a5-0cc2e71a564e,4
17e654ea-c43e-3895-9dfe-798fcf30c13b,4
3b9f36b9-3736-3403-8621-d6ce9066a8e2,4
20e3b8ff-8968-3824-83a5-aff3be092c62,4
1769fe07-20d2-3d0c-84cb-cde6405b9925,4
9329ecb8-303b-37a8-b046-ffece30c4fe6,4
29318e9e-5308-359a-bf15-a5793fe90d49,4
86641c21-ac9b-309d-9923-a051af057ce7,4
912ced91-b71d-315e-8427-c1dbacb48908,4
9f740f6f-fd77-3307-b08c-6c62e7a2a37b,4
5b549058-cc7a-32ff-8c06-d922add14ffa,4
5b7c3b0a-3662-3c74-beb0-9f3dc941728a,4
310048c2-226c-3d02-ab99-8c843c5f12d4,4
3b7cca21-e27e-3f32-88cc-c387ae0417ec,4
290b68b7-6f08-361d-ae01-f594bab82bc0,4
33649e99-ac03-3ccf-be1c-2057d886b8bf,4
26436e30-3953-38ca-9895-b65d1dcb8771,4
4c84660c-de44-3b78-bc38-eaa6b5efd53a,4
a5e84076-4c11-3022-9c75-df1c0303e9b6,4
83c6fe26-489d-3137-a371-537226e78978,4
3e1b3766-84a2-3c0a-9a28-fb47e6d1d90b,4
7636ea30-88c3-3091-9aa8-5835626f1599,4
a5b63001-d6a5-3491-8e1c-9546fab847cf,4
27249e2b-4d45-358b-9bfc-a2b7fa48e2be,4
c15b0ed1-5078-3227-892e-662eab9a2c59,4
3acdba34-7455-3067-9027-410bb38366ad,4
94886e26-6272-3b3b-8cce-0979f3a299cc,4
fca937f1-81b7-34d0-9308-dee08b4263f3,4
3089d2cf-50f3-3556-9ed4-39715ddf5693,4
4455c565-ac44-3a56-8b26-82bcec1d0f17,4
27fe614c-6c5e-3e0e-a503-149412f70d99,4
a4faa2d7-3946-3f81-ae8f-52ba8687c06e,4
47056934-3e0b-3aa8-a17f-53a376f4bedf,4
a46618cb-62a4-3ad9-99e6-1e8ef3390953,4
c066827a-1ea8-39c7-9ea7-2a45e5ed062e,4
8b372b84-273c-3550-bd43-329ad54fdee4,4
ab9064cb-bfde-3e14-a3b1-31f8e23503a3,4
1d08d32a-7e35-34b6-83f0-85f840c07f8f,4
62348287-9dbf-36a0-816f-5878a1b5b224,4
f9f2485f-4029-3dcd-b3fa-f75885de39f3,4
295f57c9-12eb-340a-998e-e41de1f06bea,4
41449d8f-b332-3df1-ae07-a3d6575c8d99,4
ebbe9e03-d84c-3cc8-9640-e8518e5632d1,4
725e92bf-48f3-37d6-991c-f5ffffa2e0ec,4
dad96eab-73dc-3b66-ad39-faaeb4059747,4
62f6584c-5c62-3078-934c-8cb83a9b3fa1,4
f498b4ff-40f1-3512-9747-f293e19e4a0c,4
15e7b2b6-efca-3363-bea7-6a7f05acc7ca,4
b943f8a5-da60-30e5-8d22-c445ddffdad9,4
2e324322-f72f-36f1-aaa6-0aa62cab75c7,4
08d5f4ce-ff58-3cff-833b-938006c93b11,4
01cd9a49-ef3d-3b16-b158-a4f507265286,4
e39a3028-4af5-300d-9497-d34b6d2329b2,4
48e6894c-11bc-32d7-a334-17f56ff2d7f8,4
3d922184-5070-3d76-b1ce-b0d8ebfb31bd,4
3e54ef41-1779-3de3-8808-79dccaea26ab,4
b30815d9-53f2-308b-aade-3cd8be3a58cc,4
be99956b-c6fd-3699-9bfc-10bc92ef8864,4
4431c22f-050b-366d-b877-5fa6c063368a,4
dd45ac4b-aeb1-33b6-bb80-5b1ba51a077b,4
0da2b80a-db66-3d15-a24f-32b7c804a3d1,4
5e7d27e9-8571-3be7-9279-1bb1c6776fb5,4
e0e807e1-b825-382d-9bbf-df64581a8a00,4
b54b343f-8d56-3010-874a-04dc535a0375,4
997cccc6-adb7-3121-8a41-3c03622acd98,4
12605ab2-ae38-3074-895a-644baa0d073c,4
1b7653ea-9dcf-34d6-8f94-da2e48de3799,4
c960ca5a-298a-36ea-9c36-0a4687c98b49,4
4377c548-1afc-3d34-9fd7-5df47031efe8,4
f5b93b7e-b795-353b-b6dc-4e5a1e9777af,4
217ead70-74dd-3ee4-8d23-4852dbd6402c,4
6e626481-58db-3aa5-95fa-7626a7e9c209,4
abde5f73-b1c5-3d7a-af8c-b35f094b291f,4
b689931e-eddd-3f3f-9793-2f2ff1457754,4
e8499222-9431-3521-aae6-607983208678,4
724a1f8c-67dc-396d-a549-ff1635d436ad,4
9b67e677-218f-3643-862f-7c9593a9e4eb,4
df5e1e1f-f8e3-3bd8-be93-286144947683,4
7ee899c1-3dd5-3dfc-8641-a8ee9c50db27,4
59ed3207-d4cf-36f3-9d5e-c6850e8ffe24,4
22767d29-2bbd-372a-8fb4-f39c2a7f91a6,4
0d7085d4-1b69-34ea-bd36-0e7ac9f42d08,4
d3f1a4a8-2a77-3295-b9d2-fc244023f30d,4
810796bd-23cd-343c-8370-c25ed0067908,4
2a9f4c8a-79a5-30e0-92ec-58cfb5cc4d30,4
49dc3978-5a77-3e25-96bf-cc57758be3e4,4
7e90653b-3218-3b35-9723-f6a59d821c51,4
3f68f568-6b4e-33ca-a451-2c7a2f2cd7bb,4
510eb9e5-85e4-314d-9d00-760165cfcb48,4
e914f8fe-80a7-34cb-8566-53941432fcb1,4
a4583d54-f08a-3eca-9a3b-0e399c326248,4
10fb7762-1572-3266-9c58-2b58581b2326,4
16eef0ca-9283-32ee-b982-263490b745f2,4
4577c160-de63-32ec-b5a9-3fbaada5f125,4
704c2593-cf18-34e4-a486-4ed2fb2be877,4
56fb1c6d-b604-3811-8198-56d6021780f0,4
186e97a8-12c2-3a91-b554-e8eb3847971d,4
74542dd4-7bc3-3912-b52b-d2b6e88f63dd,4
580c5c4f-c653-3772-9b78-5d10c3febd0d,4
5e4e3f08-44a4-3033-a4a0-37fd4c1e19bb,4
37b55d27-f751-30a1-8390-f2e335fa1f40,4
b0f13751-ca96-33b6-b67d-1fea5103949d,4
1d5f8b5f-6ed6-354b-9c55-f43b3db4e9f8,4
376fc397-5549-329d-b10a-ce5ab2726380,4
7411ed10-358f-31cf-a218-26aaa9fbf683,4
c4767d58-864f-3660-a2ce-51af9407e2c8,4
de66ac22-d25e-30ff-b8b3-6fce8feb00eb,4
60c9e2b4-b126-36c7-902b-d79d0c20df83,4
e8b918b5-dabe-373a-9e16-d114c69e77d2,4
a57ac769-6a42-306e-ba04-75f77f52179a,4
aff41338-2eac-3f48-85c1-8cfa0dc20581,4
2aff3ff5-f92e-3aeb-be0d-cfc27aecbf1a,4
aeb5bfbe-afdb-3ce4-9d64-0295d21e6d5c,4
dc0f2316-72b2-3f6b-a77f-03bc6100870a,4
156226bb-bc69-3b92-8442-d6e4ffa05648,4
c87653a3-5b24-35e8-9a0f-fd03aad7e852,4
ad6526d0-a73f-3d75-a3ba-ea7a88d9c5d0,4
bc256720-b946-31ab-85aa-d00fde21b85b,4
2d6b554a-fa84-3c10-873d-01e97965bd50,4
b7653065-af5a-3445-912c-79d98ee850d7,4
7da48f66-42e6-3f21-ab02-aac7f75175a6,4
40b24bd9-d13e-3c41-88e7-f8bd54076b84,4
f384098e-4860-3212-bb31-ece3afbd7471,4
3b4fda2a-297b-31ab-9c8d-838d128888ed,4
6f16e2ab-70ba-320e-898d-7d1cef734605,4
398ae78d-5ef7-37eb-8317-2853aed81ef2,4
670666a8-0064-3c04-a161-429c3ae01628,4
a3dc2ed9-dc23-3d80-ba0a-91a63dcb8a88,4
bdf6a05c-1c3c-3f0d-ba65-df2c606df0a2,4
3f67769a-8f7c-3d02-b22c-9405d924a6c9,4
84705a22-10de-3f93-90ee-cb26f0105623,4
282364c3-0af9-31d8-866f-06527f642578,4
14e25846-d9b7-3527-b008-459e7c5b4ec1,4
2964a5c2-0da8-3343-8f20-199f50b5f30b,4
8e87179c-4522-339f-9db1-167ed52c5f0d,4
f3fc5ebb-a208-311e-a1b7-55ea99e6071d,4
a29ff6f5-ebee-3797-932e-1c71f75c3c2c,4
e3bc44cd-2908-3e8b-973d-c4880fcf87dd,4
0bcf88c4-d6e9-3c38-bc45-cadf09795345,4
59748718-a659-33e1-ac42-b87c03696ee7,4
e9c11f63-2a3b-39c6-be2c-e049c293af08,4
362a1a50-e7b8-387b-a6d6-400d39d2ae55,4
edda6896-5ed6-32e8-9e0d-be05b1310f6f,4
ed698917-885f-3f7f-bc73-45b783005d84,4
9c2c245d-c75d-3661-aac9-c24a0f4df4da,4
56d74c30-9fb7-3491-b7f2-038386aa0ff5,4
7d88456f-8cbe-3826-b2ef-1a45390f0d07,4
c6c0c85b-b7e1-30fb-ac8d-d49494ec4fff,4
882f078f-ca12-3ada-8f1d-2e50289401d4,4
15b6b4eb-da9d-3023-98c6-cd62ffab2576,4
8de78bb1-c43b-353a-9915-8aa386d51fae,4
1172a911-ebf8-3fe9-9eae-eb9a7f4ade86,4
c6e7a4ed-3494-33a4-83ea-79b1e0a8c7de,4
c356df0f-c0ab-3322-830f-2b1336f3b157,4
b34ab340-1599-3be0-b0dd-5d521905cfdc,4
7465d340-542c-38fe-a4fe-6c3b1158def1,4
4cd0abb1-72d9-314e-8290-6b4cf85a1992,4
990d4f0c-c8cb-32eb-ae41-0ac3848bd299,4
4bdedf46-1c2d-3e2e-8e68-2c5447131b9c,4
de9486f3-adb9-3133-bbdf-731c9870db7d,4
de95e767-a982-32ad-991d-41fb4764a3a2,4
98b9631a-0dd4-32ba-acd5-5c03ca2255d6,4
65f389cd-9432-3821-ba7d-ba6b5e63e2bb,4
e5cfa900-7fa0-37ad-b5fc-87205701cb41,4
e6f315dc-429d-3577-bda5-191871150c7e,4
92aed774-fb97-384a-9299-0bd7fdf58afc,4
fca5c3aa-3332-3e62-9d9c-6a9c3c3d7741,4
008b2a94-18ec-3318-b53d-292f5f590da5,4
8c4cd6cd-02df-3f26-be7c-34bb98bb92a3,4
7190cdf2-52df-3a60-9ba5-808595255796,4
60162024-d669-3ff7-965d-681d4a6276b9,4
413114a3-e5ac-3a9b-ab59-f5916620d5c1,4
ef1b68d6-eb6c-3f05-9cb1-1fe220a2f355,4
5643561b-3937-37a8-8aff-e4da69f1a92c,4
14544418-f701-3555-adc6-6a2ec94c85dd,4
0f0fa636-eed0-3393-acb9-a247cd4e6a36,4
a4e5bbf2-ac9e-35fa-80ce-02c219c09ede,4
97470648-fd9d-3097-8cd2-0e2f468591a2,4
b4eeb3aa-58be-393a-8cfb-a191a2f0a2ce,4
12f070d3-bcd2-3755-9944-0e327b043899,4
004fce56-3dd4-323a-a72d-3a76eab2ff5d,4
92699111-dc37-37b6-87c5-69ea67ce99b9,4
a3d2c3d8-951c-3b73-8bfe-83a29b5971ce,4
85d8267b-d078-32fd-8208-fac89bf6802b,4
89305d61-955c-3858-9570-817a070b2bc0,4
35a350e9-a168-3c1e-8bc8-96356e790019,4
8dbf56ce-b2a6-3045-bb45-4892e9a71d7f,4
d10f2da0-3244-3a53-87f5-53eefa0bd192,4
dd02b935-1deb-35b5-8a95-5df28b73e3e9,4
67036fa6-dbd3-3ef2-afbf-4dc0a1ad8d82,4
4d215a51-a9df-34f8-9dcc-43eb9e20b955,4
3e6a7fee-2da5-3a8e-9f4b-3901ae91428d,4
8d7e9a2a-15af-31e0-a295-260816511af1,4
b1a85ac1-9112-39f6-bbcf-b95bfb388bf0,4
f912cf89-6445-3c7f-9022-4396d2ede225,4
97a1793a-357c-3e07-91f9-8fee5e82dcbb,4
77d77c8f-735c-3c73-8cc2-7a752ca5be0c,4
f6f5b869-3ca4-3aca-827c-d34f52fd3977,4
140877b6-6e42-3090-94c4-b39a20772df3,4
34443cfc-179c-367c-a19e-d2692a26ca55,4
af39423f-dbc9-345e-b67f-a0f57441dd98,4
b576a42d-1fa5-37ad-b1cc-1d6ba0ef7919,4
7eff983b-43ac-3151-b245-52ab4e6e8b43,4
56399125-c6b4-3282-95a5-1647741821dc,4
b41eedaf-e257-39ee-879c-8b96545571c2,4
d538b316-03b6-3322-9c7d-111c78d89adb,4
4b588a39-eafd-3c2e-992a-b548ecce7152,4
cd13db4e-e547-3a2f-8b24-e6db231086be,4
12915f89-e91a-3d22-8f78-c52c2d96ac98,4
004c8096-82ee-3cca-85db-26119d5375f0,4
9ac47026-00ee-3659-b33d-37bb96de8f59,4
dcd34668-1376-3cf3-9041-813106e2a558,4
eb1b75c3-a7a6-31f9-973b-2db8bc0c60f1,4
43ebc20e-4520-36ff-8d17-5645d7a76e70,4
e39ad8f8-7652-37ab-a843-a80ac4c3e6be,4
7009ed08-ecf4-3b7e-8820-5bdcc58e88dd,4
31569232-9ac6-3296-a97a-263aae8c7dd0,4
64633fe1-94e3-377d-af52-acfc7c264360,4
52741340-ec26-3658-bd0b-99690a154c74,4
550a447e-4b41-3e8d-82ee-c061a6643128,4
e0612426-1e39-37a8-b5cf-2db93c6efc09,4
43438b8c-05ee-336f-a6c5-0db7fd5a1009,4
51771ffe-d80b-3dab-b9ca-61ee56955536,4
25785ef3-5d8b-319a-ab61-8bcbb6a9a847,4
927695f3-8b51-35c8-913c-1ce3ac020bb2,4
4820404f-7e3a-3872-9e2f-ff410f782eac,4
b6636f4e-a455-344c-99ac-e738cbf6ba0d,4
ecc88822-556b-3605-90a8-1884011c49ce,4
b6124969-86fa-3362-8ea5-ba13ddc012bd,4
fc8344ca-889d-37e1-ba68-1ec57242b3ed,4
0ba8710b-5409-3b6a-8c84-b555bf713c1c,4
5a542ff0-7eb1-3fed-bf5f-bf5ef91be1fc,4
d9fb604e-8e27-35a8-875b-bf38e3dbb377,4
ced973e6-8c4d-32f1-bbf0-d0173fff9276,4
e05371c2-283f-3c1a-8403-df39360cb4d6,4
6ee761fa-4d42-3ed9-887e-6d6c3f1d0684,4
80c6407d-29e5-3829-8de1-c2cd27cc5de6,4
3888108c-038a-39f2-b275-d5439f7ad47a,4
f44696d2-cf23-3638-a636-3b96599e24fd,4
58ea7280-c6c7-3e5f-a717-a0475e0add37,4
74dc222b-52cf-3afe-87f1-0ed9ca6478c3,4
afa1dbb0-a9bb-35f8-a05e-0eba561ecb1a,4
8050437e-230c-32a9-bdb3-83b4f3d04593,4
7909329a-230e-3603-902a-bce1a0a0f231,4
c61c0a96-4ba0-3803-bb0c-6ed7cfc0727c,4
ac26c0ea-cee0-3be5-9374-3d4821acbe1c,4
89f32ed3-5ea4-37a0-b0b1-01f0efe19af5,4
5d3c1a57-f81e-3ed3-9eb2-36713a6e30b5,4
2f1f28aa-8721-37e5-8938-db231815ba48,4
bdce1f1b-3558-3548-8b47-cd08b8a3e82c,4
269f2dfa-8715-3b5a-8dd5-5f9210b77fb8,4
ea40bde0-dc5b-3c79-b00e-2f509c3a6bdb,4
b8e00672-74ab-3575-9e16-90596dd12e42,4
a6371ef4-883a-3893-ac66-815cce9772ed,4
368fd0e2-78e0-3883-bd20-778b24a02ebe,4
764d0d1d-6f91-398e-955a-5e94c23b3d00,4
ff5ec7d5-3151-3c0b-8322-c8821d72083a,4
7466e870-1996-3c1d-a5dc-6ea7154de5c4,4
1d06b2fe-56cf-3b9c-b9bc-1a5d2a7c22b1,4
5ae11f18-2387-3979-b4f8-d0ac03850d32,4
f6f0faac-8a60-3ba7-bac5-bf8d09e4b503,4
080e0207-7315-3f25-9751-492828917663,4
1b9c66e4-4e8f-3370-bc4f-11fd2aa04683,4
50be424b-6a50-3ac1-b87c-21d283ae6c8b,4
30ee7bf9-af16-3edc-b37b-a7248ac9803d,4
93e33e68-e860-3afe-8873-c393b5b6e624,4
20f9f673-5f8a-371f-a969-ecbda81dd303,4
4a05b2ac-be53-3622-9cf1-bf4485a87489,4
0e0d24b5-828e-3b7f-af89-9dd81599ae98,4
19e143d5-b43e-3ce7-abe4-d0c13ffa50e3,4
8f228e1d-8dd2-3c95-9567-06461a98c69a,4
28d6732b-a4e9-389b-a6d4-cca645c84bde,4
cf8dd6af-50b3-3341-be01-c68104d6d583,4
0fb54842-6347-3b50-9714-c9bb4a03b54d,4
836d5acc-03e8-3587-aaae-bed6b23bb76c,4
8c1fc9d0-5e15-3372-9669-f0e44d965af0,4
2765e0ab-e1fe-38cf-9980-511f612f2171,4
1bc20b2d-a9f2-3f3c-af94-285ba433ab5e,4
4cfe5d02-1900-3a0c-ac38-e3149050b762,4
f25fee9a-3f15-3a90-a5a5-ae7d4a5c96bd,4
a6023be9-629d-376b-b740-cd617d1e7a98,4
f063a306-5636-3a73-b28a-43410efdaa5a,4
36eb5db0-3d1f-3c00-81f6-8adbdcb2777f,4
b51da1b2-6e90-302e-ad4d-e2bc90394e19,4
aaa18a79-d322-3e2d-94b1-6772622bbe44,4
ce90d762-a788-3408-8c55-27e92fa7e6ff,4
d57fbd9e-17a6-3240-ad75-d448fa42fb02,4
1a278073-020b-3940-a4b7-399e730500ea,4
7ceca8dc-df3a-3437-ad18-ee2712498dff,4
9cbd2d28-c0cd-35b5-a569-72cddbfa09c0,4
a31aeba7-2832-337e-822f-6e30f650c734,4
cbf620de-27b5-3776-97eb-e21292d404e2,4
eb832459-5b21-321f-96fe-62c35e586263,4
0959cf59-e642-3b13-9173-228325fb7316,4
4942b490-9a66-32a9-99b1-40ec4a26e858,4
80402f94-6487-30b7-8241-6ce267b121c4,4
992dfb89-eb3b-34e4-8d7b-3bc8c409d8d5,4
1c5567e9-da49-3d06-bcf6-8bb6bf52cc36,4
e1a2af87-9ede-344c-8e2d-701517464538,4
f98e963d-f896-3b05-a5cd-c051346bc5b3,4
0300a85d-d2fa-3f9c-97f1-3daedcef0288,4
0b0cc601-d8b7-3a05-977d-2f78e4c55918,4
ff8b251b-db2a-38cd-b2f9-ac6962cdebd7,4
fbd983fe-6009-36eb-8fdb-824b3043446a,4
53bd2181-a04c-33f8-90bc-f0cb86e53893,4
48c241bb-059e-30a8-83fa-a2986b8ed373,4
ba556d84-2326-3393-b828-dea42125e52c,4
a4de0a4c-c80f-3997-8369-f1660b54533a,4
7f8f6661-f658-3aec-a1fb-054fe4770e25,4
a2f357fa-26e4-34c6-87e2-95bae7d0ef79,4
f5da9b1c-b14e-360f-993f-c9d0a2ff696d,4
eda08f8b-0e18-3a06-92f3-309be0eb991c,4
cae0c673-1e5f-3fc7-9b97-9786d014fdfb,4
a3952832-beba-3700-b83e-07346678ccf0,4
0bc73964-50bf-33fb-96c3-983ffd481412,4
e5fff0a3-6ef0-326f-806d-c2feed17bf91,4
f5b5055d-6a74-3a07-b9f0-26931188d50a,4
9badc0e1-37c4-3b17-bebc-9f4233641d6e,4
005462d2-f636-38b9-bb79-15e448a135fb,4
ef6e98b7-d8c7-3e48-9633-1c1e44af4261,4
ebbdafdc-02d4-38f8-a922-e3d338377718,4
7411db2a-3b0b-317e-b495-bf9eb4a2e81c,4
3745b591-f1f9-349a-a355-e7994e2faa57,4
ea088bc5-08f4-3b75-8955-7f63170d4932,4
b08c7303-5254-37cd-ae5e-7289f1f7078e,4
78e547e9-e934-38d0-9745-c200b1df893b,4
a6ae0307-8b86-30b0-856f-0cf45b926412,4
f7c232cb-80fa-3c55-a1a0-9154170db8e2,4
5c044385-20a6-3fd6-abc1-bbae47c26f42,4
7d7d2f60-1264-31ab-a9c0-ce6926e60d8d,4
f6862bc3-b254-3101-8a6f-7ad63dc00728,4
443a8b0d-6d4f-38fe-9ab9-c706d34cb31e,4
6be43892-eca7-3ac5-99a5-90af37e0b0d2,4
6f5957e3-49d1-3f9b-891b-e3de092cf7c8,4
37c2626b-41f1-3668-8c02-05489274d357,4
a44415bb-ec06-33a8-aa67-43d338b40776,4
71267f2a-139c-3b90-83bb-84a4261fa847,4
763c8672-645e-3cac-881e-d07ddd6b8779,4
f4defc52-3362-3db1-98c3-197fb5c63044,4
9759ea26-dba7-3b98-a9b3-a59ea1bf4733,4
1388d002-42a1-34de-9369-195570a06696,4
5ea2c6d8-025b-3b1f-af0a-495367a224da,4
b2cd7388-e8fa-36b2-a5ed-5ea05b59b93c,4
40ca62f1-c135-391f-ac8a-940ba563bef1,4
2f26de9b-920d-366f-bb62-64bd1e2b8d7b,4
bcf4eb90-a288-3b62-970e-aeb82d067737,4
e5dd00d8-eedb-3586-9439-06877dda3f45,4
9f7fa1d9-4208-36f9-8ec3-33040724d3fd,4
262d47e4-b7b4-36c6-a2da-2debe578616f,4
df93ebc2-f8c9-3c67-a5d3-3beec9e15574,4
e56841d5-d4fb-3854-a659-674a8c854cd3,4
20b569e4-1efd-34ab-b6bb-d5d0dd15aa85,4
c7f6a93b-5db5-3cd1-8c77-46d1c39ef0b9,4
97b6931b-b970-32e5-a3b9-2390a60a1230,4
3785966b-a013-3120-9af8-232e649ad9f5,4
01b2babf-d84e-3d41-9e31-87efcd1d0b69,4
0fac5a44-6776-34a3-bc30-040024b4fb0e,4
42054e7a-15a9-3d6c-8182-9a8d7ccee8b8,4
8b062441-ae27-33b7-908a-87dd002f56cd,4
4322f24a-821e-3e84-a9dd-01e773af2cad,4
dd178d49-b18f-352e-9069-630575637b94,4
7c96705b-f288-3d4f-940a-871e57bac5d6,4
f67aa745-5f1f-3ea2-ab87-df68d1be12ca,4
6a4171ed-f342-381c-9102-96a0901a9704,4
7af992c9-6d20-3323-b0c3-3266f9ac070f,4
12c6ea8f-02e6-37a5-a56b-781d3492323c,4
b58d802f-ebc7-39fb-a40d-2dfa6c5c724a,4
8e9e0943-c8b9-376b-9038-e6409a38dcd0,4
52cb676e-0094-3b2b-958c-f4d315785aea,4
506545ca-9ca1-35f0-8530-3f38b470479f,4
49bca7be-894d-3329-b42c-3dea5afdaf13,4
8bf1c6ca-4365-3923-a5db-67a1afe06b1d,4
5a3fe285-dd9e-34bd-a43e-162184c3f0ba,4
485c9ae0-835c-3d89-948d-a4cedbc357f5,4
4db8e879-5f81-3415-8d97-df509ac3334f,4
760d84bf-60e7-32c2-86cb-2263539593b9,4
853ffb7b-2829-3f76-b9e5-ba42880e47d5,4
e59825bb-0773-332b-b4de-947f439105ff,4
53990c10-b9cf-37c8-adb5-3d67148d8ff4,4
2d214ae2-7871-37ba-923e-13240866da98,4
d9c85089-9fc9-3f90-bbd2-e48a4a56f6bb,4
0e72dee5-279b-3126-b95b-c00891b8ca05,4
cc4955c9-fea6-33c8-b469-1c057d12ef50,4
abe19f34-bdc1-3c8a-9a5f-d5f9586048ff,4
325ec452-2485-388d-9528-99aa7d215f8a,4
2fd36bf6-39ec-331e-98c5-9f590a128887,4
3f52f20b-9853-35f6-b41e-89a0846ec364,4
ef844b2d-9fc0-39e1-870d-98f4d336ea36,4
6f6e9a66-dbf9-3e63-80dc-a9380bccd0f1,4
97802de9-a070-33ce-99b4-439bd17a35fa,4
582341c6-9661-3c8f-8811-751fc5c6d273,4
6613c842-a396-34b1-8188-6c0c8c7284d0,4
2f407bda-ebf2-3113-9da5-7fddde728c94,4
ab6b95d5-37cf-34c1-b6e3-82a9377f3ae3,4
bebc0c6c-4756-3030-91b5-12c67190cb33,4
b6fbcccc-4563-3ca0-988a-c575259ba185,4
ee67402a-2579-37bc-baca-7ebac31a0443,4
d04111f9-96ed-36d8-92bc-d2778e7aab75,4
24a6d5d9-135c-3ebe-a9f9-6905ee195a11,4
64365186-3233-3f2f-b34c-816f57e2528e,4
00738b47-8cbc-35c9-8a27-50739a2a337e,4
0212584b-00fe-3059-b0f4-f7a306109498,4
c12229a4-e561-3815-85f8-f1d4037dc540,4
6cde782a-2be3-3632-985d-185eaa07c37f,4
67cc599a-b22a-3621-ad0b-92ec4fa7df96,4
87d31e31-b340-36a2-82f4-f0198533fdd7,4
b3654bd8-fdf7-3a62-8f85-c144edefe73f,4
38c6a2c5-4125-33be-8a93-29e699973cd8,4
02e68a02-428e-386d-9695-d104682faf65,4
b1cd08d9-711a-3a6c-9ce7-fb821f8f11b0,4
6c1dc68e-299b-3fb6-9f3e-b819b01e8dd2,4
714d59db-8524-3d9e-9930-b825d85e771c,4
a1db9683-91c1-3f89-bc01-556465e7409b,4
3fdc0e1c-10eb-30eb-b8b7-23a5d51eb544,4
38d16736-ae81-319e-b5e2-46f0c0778ebf,4
cbc9b4e1-f157-35b2-aee1-0e48e9240593,4
9a13c4c9-07ef-305e-94a1-133d0a0a88e5,4
525c8efb-dfbf-3fc6-8e24-59d0d88d7532,4
090fdd1e-1b6f-3dd8-8d6b-c1dbb55b9398,4
0f881531-569a-35e6-ae2d-817dde06c156,4
1b52e53f-ba5e-3cbe-b445-d8edc96f46a7,4
b7400069-bad3-3193-a07b-5e0a295b47e2,4
6546ffdf-9d68-3eb5-948c-51389a1e5ecc,4
da047bcc-915b-32d7-888f-652f0e114217,4
223633a8-6970-3424-8581-c2f970a40874,4
31ef7b6f-29a4-3ba0-ae21-c401ef1d6a27,4
a7a52c45-2942-3226-98ce-0cc04c23514d,4
a7c1b9aa-9610-3068-bc99-dd5bff2cdf2d,4
e0039a09-bcc9-3e8f-a7e6-f547f88135a0,4
56adb26d-48de-3b4f-bf33-49d1976c17c7,4
4ccb2504-6f33-3a1a-9e82-c9b3f8d49079,4
4ef92daa-6334-3c72-9b60-1a951e379d88,4
4fef73cf-8eec-3210-a9fa-96f70030511c,4
8bea9d34-1a6c-3580-b1fc-ca9ab768ae9e,4
183536bf-097c-3bbb-8bf9-1e1b03582026,4
74321e37-f5a2-35c3-9eb5-9e1c84b54572,4
3f7b0cbb-a2fb-394a-84d8-b26907076993,4
7bb0d38d-4c40-364f-9b2c-bd50a1b48881,4
8fd06c5e-bc5e-3f87-8d8a-7b93c7f472c6,4
4efc931f-aa44-3bab-af87-ba1557e56648,4
4c15404a-ab46-3653-9231-487cb41934bf,4
d147d7b9-0224-38b8-a75b-3f05bd871228,4
20f85187-79ed-37b9-b9ce-7d36a27c973e,4
2f55ea8e-5957-387d-8820-899032ebd80a,4
0b719134-05f0-300f-9124-9c5bb9727070,4
3a3ffe5d-ed32-3fe3-806a-c14c8bdb5de6,4
3a72e9ae-a4ea-3afe-8b52-c5b188de0541,4
43e48c39-24ec-31c4-8c65-0cd0e1fe8ea1,4
8ea38b8d-bd64-32d3-a244-1162095af416,4
8441e6fd-ec7e-3fb7-9bed-74287b5f16e6,4
c50c6ff9-c436-395b-9cdf-319293e300a9,4
e6f1a87b-b08e-3ec1-9548-c71ab33da5b1,4
e3affeb5-358c-332e-81f2-44c7de446b72,4
d6d05c61-b720-3dd2-b626-a9da8ad22b88,4
89733e34-3a93-3dd4-a102-bb9f71835908,4
ce89d906-143c-3b03-9855-8f2e05ca772f,4
0fee1848-98e2-3505-a385-583a214f3dea,4
c565cc68-4c36-3041-a223-5d89a0ad78ac,4
136d4fa7-e634-37bf-8efb-1ee474f6ab80,4
78219149-eaa2-3677-b020-f6a4560a1ba0,4
7f04a90f-d028-31e9-a398-940c1885937f,4
94fb605f-8104-36f3-9d65-f1b2cc78883f,4
eefdf44e-4d56-3f1f-aabd-8ce8b831584f,4
a5968779-aa4e-3d51-b391-edac9dd08376,4
16bdaf3d-4a3b-36dc-b5b2-114ba93ad4b2,4
fd9e1326-a68c-3f0e-a02f-3aaf00e290c2,4
c9710f8b-424a-307c-b33e-107e13a3ea80,4
723545b7-42d1-33af-a4e5-12e1b666d32d,4
63e55e55-a4a3-3415-b0dd-96ac47253306,4
ceecc087-d18f-3760-a76a-067b44df7a97,4
be491e97-359d-3559-99f1-38d85a90ad5d,4
0a38e784-5a7a-350e-8412-14ada62d77dd,4
07e5e179-2a1a-3b30-ac22-e29903164758,4
22eb502b-c1c9-3704-b016-3c58fca3a000,4
35504510-8158-3d07-8448-96348b43adea,4
7cd89057-5ec1-3e5e-a106-6bff0f97fc69,4
0134f6e1-5766-3e55-beb0-9b289ed33b31,4
764f102e-8628-3f40-9b1c-bcc20e8fce20,4
fccd4ce3-0770-3484-adfa-dcbea1a60d8f,4
9f5b10f7-5328-3b26-8161-be5a7c4b6c85,4
1f83d85d-959f-300e-b751-822f293fcf5c,4
398814c5-3c20-324a-a447-6ac890f284fc,4
c445a99d-da58-351b-aaea-43fbeb6b130d,4
d37757ab-eccd-3386-9fc7-fbbf6f9d80fc,4
698d8446-4b61-34a7-916d-d76fac0c69dd,4
109b832c-e12e-35a9-acb9-f1f1920bc74e,4
80efffef-82a0-31ad-9455-8845be75d125,4
4fe57560-acde-3436-b4ff-008164b2addf,4
55323a0f-3ca4-368d-b864-5dcdd96a6905,4
55bb7a85-3f60-3017-8583-39af77506b9b,4
df4621a9-e23e-3aa3-b0b3-45b0e51d01eb,4
02bf3c47-0839-3cb6-9db4-fb683a73d3e5,4
7b7e3135-cf5c-3439-a112-90d203caa3d9,4
c197b873-b0a0-3be8-8991-ca26ac1af76c,4
e778555e-7de6-3d36-9dfa-b34ec956340d,4
c9b6d6bc-ad71-3da4-8a00-92f2227dcc06,4
9ad1db44-2d6c-3808-9369-656429889fc0,4
38909f90-05d8-3272-b9f9-04c9c64215ba,4
389eb691-4353-3069-8f4f-83a4446fcdab,4
2386686e-5cef-379b-a4c8-a120343576f3,4
c44a16b1-d721-370c-a699-0739b260766f,4
be5d8e52-a015-392f-be26-6661c5c2b8ce,4
6eb85ad8-7f70-3ce7-ba54-e56fd01387e2,4
88739db6-60ee-3e2b-8e6c-ad33099fd24e,4
5a56b03a-b43a-3493-95c2-66b945f46c7a,4
d23159ee-5781-32df-97a6-2a2355cf0fbe,4
7b850205-049c-3f3b-a46b-7df596f03751,4
42586f6d-bc75-39ac-87e4-f58be9d518b5,4
46681114-e423-34ef-a319-916eacd06967,4
59485025-be8a-30e6-9903-33669b130dd1,4
4ae153a3-e74c-327c-8ad8-8a288f238ad1,4
24f77fe4-9690-38ad-9f0d-1155379acfe4,4
f6e20409-a4d0-38c9-8949-93717d31e353,4
90195ca8-37bb-3ac5-a566-cfa38db28575,4
5eb670e5-1a7c-3f3b-9293-7f708bcf7ea6,4
32d2d724-b1e6-38f6-8bf7-f119df411c9e,4
e26ab12f-f588-3800-a56a-c2f5209ca63f,4
0c034611-c4cd-34c2-a39d-2b61aa6613cf,4
a3d2e42e-d1fd-310e-af19-4edc5ab29b88,4
81a43edd-7f6d-3771-b605-c2bb7586ed30,4
68f40497-93c1-3761-b8fb-ce42dbca4180,4
2d4e0f63-a0cc-38b4-8717-3948675b41e1,4
4e961d7c-8490-3f1a-afe4-5cd3cff45d56,4
914d1972-2b62-39a8-ae33-019daaaa8345,4
49b70b1b-bf07-3ad0-ae9d-dbc9653348a3,4
633492e5-923e-3ab7-8fc5-6b7963257ab7,4
ddf39ba3-ffe7-3bbb-b2b4-870ced2c628d,4
750206cf-f0e0-3997-905a-56848ed83386,4
8a1e3830-7af8-3898-a2e8-4b64b2d9cc5f,4
a3b1ce1e-0294-3a37-8180-fbeb60f8c2f1,4
2c48deb0-8f87-38b6-ad18-a5aa53bbb6f2,4
ebedd20c-f128-3c94-9e02-9e9e8d2e0f55,4
c4950bea-0a71-382a-a056-b48eb3b9fa4b,4
953f8dc6-4c9e-3db8-b093-cbf3be5cb1b5,4
f49f0c88-a702-3373-90c6-b7da00cc7b83,4
aba3b9ad-3e98-31cb-856a-69cb60e41fdc,4
b7dc1fa6-617d-37d5-97b7-c8e339e40624,4
2743db00-544b-378e-a3e6-bc378d2badf0,4
cc9bf769-b868-36b6-bce2-61493ca77ed6,4
5cd076ca-8f49-3bc8-9bee-b833bf70a6c2,4
6d48b379-a5df-3225-9095-445a9f2abcd9,4
313753e2-2ab1-3228-8bd0-67afd3502688,4
5f4f4adc-618f-3fbb-8f0e-20f316e65af4,4
ed935274-0074-3d6e-be7d-7406551be544,4
f5daaf45-8ec7-31d4-930e-594996a6267f,4
c80f0336-cc50-3e4e-8f6f-c57c3cfae8e3,4
1e11ae68-3990-371d-854e-a6ff7003284e,4
445d685a-2c63-32ec-930f-b07db5df9426,4
138c0ea0-148d-3ef6-b93d-82bbc3e254db,4
e5f7a4cc-278c-34d9-88c5-c41fceb7db4a,4
5a07a75e-5641-3a06-a15b-2eae0f0016bd,4
2481fd61-b96e-3aa8-8dc1-b128d75ff66e,4
3109476c-ab7a-3f97-b180-2ce1f99fc44d,4
897f4bd3-f958-3461-ba16-df2f8ffdfde8,4
68bcc01f-1a72-35c0-b65f-d47ca33950d4,4
e77feba5-01fd-37de-8326-9e553111a30d,4
461a41e4-9811-32ac-85b3-57a7966fdcbc,4
6180e71d-6775-32d1-8fb9-51a66385ef56,4
84b337ec-abca-3415-a865-493a44a94fac,4
f23d3a01-7fee-301e-a563-0054d2dc042e,4
4531f916-63c8-3278-91af-88932e096101,4
ba0b5fe0-cb2a-336f-a14d-980c7d4a9ba7,4
5916afc3-d769-35a7-ab87-426706430342,4
91f7bfc2-ce2c-3863-bfab-706cb839a024,4
1e68d5d1-8899-3723-b683-c1c682257d6b,4
e3c2a81f-28b1-35c2-95fb-e4561bc90cf0,4
531afd40-857f-3c60-9f68-85ea0b4204a3,4
c5e5a2d8-46f1-3bbf-9670-ad0df226e2b8,4
2789b42f-8c5c-343f-a9a4-1ed68bb1b69b,4
169333e8-2522-31d4-aa10-1864ae7e25da,4
e25d2120-8557-30d4-ae2c-61e691bc2643,4
3148e0b7-3d05-303a-a457-2be5b15492df,4
6bf65234-d049-3745-bee3-8a94307df2a1,4
2d155227-52d6-3a7d-b5ae-fc9176c6aa42,4
ef3e040d-3662-341d-878c-f75397c6b6da,4
4aeade63-2d3b-3524-9c90-e92a6f5af529,4
ffe3d870-59b9-35b4-b820-1276de98f90c,4
cd99c38c-01df-3c7a-b79b-22b3eca859ba,4
94c1ccbd-6238-3dc5-b61d-876626f4043c,4
51fb7280-68e8-3be1-b8ee-084f9f161d3c,4
c0c8a537-3d4a-3c31-aa06-9b2f429c6595,4
e02e8d28-e455-3ff6-b1d3-81b39c8d4733,4
2a3a0965-019c-3dcd-aa8d-ecbf46a359f5,4
f77de175-6110-3898-a07c-cf02759ace5d,4
4c9ec685-e0ce-3ff5-bf41-e897450ec777,4
e64d2609-ae3a-3a29-ab40-5adbaedcd2bc,4
b61ed132-27ec-3d3f-9686-b7c45d1ce91c,4
d422110c-8912-31a5-9c0c-9a3877a36fc9,4
5ebe8c43-bb1b-34eb-bbd0-d7d2b4ac4688,4
a7962db8-8798-30ad-8852-cee41a91416e,4
6c4e2ae0-82ba-3e70-a154-390c705bf4fc,4
aed1fcee-fba0-3277-9b57-1067d61fd90f,4
6734db51-e235-35a5-b620-9418683650c4,4
e50f1474-0f90-3fa9-9603-be8c7711eed4,4
dcd7e58b-9de5-3db0-a823-e45a621fe326,4
c5508cf5-4da9-3c36-8c9c-2b71024d800f,4
a201981d-596c-3df0-8182-35c78e3a6c74,4
b49d1296-7716-3aea-b594-0708a1204960,4
614802b2-e1a7-3ac0-900c-4dae8d720a63,4
c14a5665-c8a6-3e36-bda7-e3c169658ee7,4
bc637317-6170-3ecc-aa4d-07e9ff03da5e,4
e8c545ca-2e14-3e73-9b16-5c45784bcb3e,4
e68fe3aa-e08e-3443-9d6e-a01d5c45f441,4
992c8ca7-6798-3fff-bcda-4f0261386781,4
35b5910e-0a79-39f6-a09b-da2708f5021b,4
9ac6c6e3-d7b2-317b-bc75-740552bd0408,4
5ef85210-6a53-3d5a-8a6a-83a184e119c1,4
931f937b-b133-3cea-8cc7-2f876c78d232,4
c710938a-52a4-38cb-bf8f-bcc1be3a3074,4
58d2b59b-5fc1-34af-bb2c-654aca8a9fed,4
06a39051-72b1-3ab9-adef-2a7a81dd2c25,4
bd67b5a7-908d-3659-b08c-e8c4cea82e71,4
acdccafc-0fd7-398e-94d4-e9ff2f7860a4,4
ed5ab1e5-0292-340e-a1f9-1a7d58d1f494,4
c3205332-0012-39e5-876c-d2ed88af6c72,4
04ddf1c5-0afc-3243-a5bc-9da71379c490,4
b28fee1f-f526-38bc-a955-94f3c4b17367,4
45112461-666f-360b-a344-b54c3fadda8a,4
a583ff30-6d1e-32ca-8945-15e2f361a8ed,4
80dcf1db-0e67-38d9-b7ed-f69f46627ae5,4
61bdc065-82ad-3866-bc3d-734809e8cabd,4
0d65eeb1-6a6e-3832-996b-ed92c44c389a,4
47949839-aa90-336e-bb89-f351e67271d8,4
33c82f98-1e8e-3ed8-b26b-ccf53f1b3662,4
8b3ed328-8f73-3af8-93f7-1f086a2646b1,4
23fab2fd-e988-36c8-a13a-2ea1e0304bd1,4
1111e2d7-c790-3ccc-a3ff-7a9a63125698,4
c3356dfa-9e0e-3d4a-bc99-175ffc7540f5,4
efa53863-de8b-3b54-9e71-adc16901533d,4
ca1fb52e-fed1-3a52-ac76-2dba24952a76,4
640d744a-2969-3264-9500-e1ab0cfefdf3,4
3110036e-ccd0-3c47-90ea-8e86c99f2253,4
58112364-5057-3299-9b1c-d94df671d8c1,4
212c6c01-f640-392c-a999-df1c935c1f5f,4
cba94ee2-5266-3920-a3f6-74e4bfd6e68c,4
1a4838de-fa38-38d4-8a15-a1e167f77848,4
9a6a1737-edaa-38dc-a8d3-d3b75c86c2c0,4
93819798-21ce-31da-9159-7c444caaf2bc,4
8a6fb2e1-bf83-3076-a308-5c59a4f9d874,4
f3354f28-b5a0-304a-be17-6f2e2825ed37,4
29bd5fe9-6c73-3795-9c12-a457e952187c,4
9b0a2e62-b802-371d-bd34-44c777a4cc61,4
b58e478b-fa22-3d51-ac9d-a2fda5493960,4
c740db4e-3d2c-3b54-9cfc-b183c0ea74c0,4
7feeb400-4250-32e1-8a30-0e8434d1c036,4
43d2d8ee-4cd0-374a-9471-357175678f0a,4
48d7d978-0b97-3249-8bbb-4c89068bfe1d,4
9cad4724-ad91-3993-bf20-dfeed05a9442,4
7ead31ea-394b-3ba3-837a-94005242de1a,4
d28fd21b-1041-30e9-b9c1-67c233bf6622,4
28eaeec7-b157-3fb6-8373-6340ed89b4e2,4
86ec599a-9377-3a42-9e25-66705a260e90,4
30270aa6-464c-3903-9528-776ac27b6c06,4
fac2e031-cfc7-36a4-980b-25da3dd69b67,4
8042118a-5c03-3baa-ac6e-77284b652550,4
9e173067-0a7a-3efb-a55b-700415b3008d,4
e59b3e9f-b69e-32f1-9328-bc499c3fe1d8,4
d4558d87-3328-338a-8757-068f06950be1,4
7a5c17fc-8406-3a45-aec8-99ed2b3336d3,4
8e7b0501-e9b6-376d-8200-4bf387ebc8b8,4
4f1f54ba-5fe0-33e7-a9f6-39b0d42596f3,4
c2471b2a-99de-30b0-8974-637880b4e8b1,4
5ff504cb-1841-31fe-a2f8-f1b145c31359,4
5a02ae7c-82bb-304c-a68c-2349212092ab,4
4e8288b0-d208-32b1-b65a-10a53b0d7706,4
654470a4-1e9a-3ceb-bb50-2699cae16a4c,4
7938b972-0b6e-3bc2-82f3-4aa567511e84,4
b2e2f736-0935-3424-9eaf-006619798499,4
bb9d53d3-369b-3e5f-a153-3d7d5672fb6f,4
04f25c65-32b2-3d3d-95eb-19c392076387,4
5d0e8e4f-b13c-3622-a6d6-5abd8872e3b7,4
cf2a2928-b154-3ee3-8a9b-d1a42dcf5c42,4
71303b58-3a29-3aa9-aa21-72db43d5d4b4,4
4ef8a28a-4a28-3862-bc03-0df88d650745,4
751d27d6-ada5-34e8-bc13-bcd4385378ec,4
ecd257dd-4b71-3723-ae97-bc1b9b39615d,4
3644b0ef-e72e-3f4e-91c7-00bf08c9a075,4
9e720720-3656-34d5-b290-e00a484a78c8,4
bacebc94-8b69-34e8-89ab-2f6ce41afe49,4
1cd3f785-0672-3eed-9858-cac45c9bca45,4
460c60fe-22fb-3ebc-ab7b-585440ac92f2,4
34988220-a307-3610-a6fd-221bff149a3f,4
3ef03de6-504b-3b8f-b2bd-aa02e3cb4831,4
cfe40905-aa3e-362a-8fce-1dfa69480d0a,4
868a90a5-21cb-3709-90e4-e0f580dce6cb,4
dacec2a4-6cf8-3930-a518-6f3fff0dccee,4
afa68acf-c37e-3ce5-baa2-2b257ea0ecc8,4
8ea162ae-0ec2-33a1-8b25-3db62c0c962a,4
b9da3176-9c3c-300f-bfb8-fa5e0e1bf762,4
07423d25-483c-3d2f-a4d5-c38d3ca41a6e,4
6a769208-86ed-3367-b365-ded07c6a1419,4
320e4a15-d2bd-378d-8533-3372b3f8a2d4,4
cc666139-0d94-31ec-9364-f29d201d312f,4
91768b36-8ad7-3b1e-8a7b-c9618f0376c5,4
de79a44c-9784-34fb-a04f-ad45527f55cf,4
8604cd66-8f48-3d86-a5ea-3b235abc7c7e,4
f0817e45-d61f-3ac5-90e4-aff98538889d,4
2ade8976-07a0-366d-b6bd-74f6282f1d4b,4
ccf87580-e98d-3dd2-8ff9-107255828bb7,4
6dd719e2-6b8f-3093-9d5f-3f86b6d75301,4
4f60523d-f7c6-3515-bf10-2920b8f83d00,4
4126134e-bec7-3bc7-9451-432231c62b67,4
51b7be12-ee11-3058-90f8-92b8d4a9901d,4
17fe7bb3-aff6-35df-a6db-dc96d9dc61d5,4
55b2a41f-f5f9-3199-a227-6914fc3a318c,4
a908645b-b12f-3b65-a463-faa2e2466bdf,4
0f1f9875-7be7-3cb0-8e87-8b6c1eade513,4
dd928bc8-11f9-3067-be4a-d5cc814e00b5,4
99d5f3f5-8197-3692-817e-afdfa97d4ae0,4
eece4f6c-03a1-3ac5-b17b-05c1846b0f4a,4
11e73bed-28f5-3c23-ac9f-a9f05692d46f,4
6c08d4ad-d159-3dc3-8d77-644d53c37364,4
a60596c4-4bb1-3985-af50-521f60c09d99,4
5f11ab20-030e-3a12-9727-b4ade386b96f,4
c8d692d4-529f-3f4b-a567-dc33c5a0fac7,4
15131087-821e-37d8-9152-1142c8f7b951,4
7a9d1065-7537-3ab0-9598-9de1487c458e,4
9799e08b-310e-3e87-b119-0da3586d9489,4
c691f539-6664-3b54-b961-868925a24b8a,4
e6c3ca47-7011-3227-a3d8-5560159a7d95,4
dd125e36-7b91-379b-b552-efb9b2ba329f,4
e58cc43f-ad42-31bb-95f5-5bf7893027f6,4
a06c8705-071d-3139-b5b8-f1729b684cff,4
a18d0395-cdb3-3d67-ab40-37056f0e4cdd,4
ffa7d3fc-c127-3333-ba42-892f3d5a0b65,4
e12334c2-e491-3d5c-adf5-ad43191719e3,4
bab7a1eb-03f5-3b83-8b27-e3a11c0ab2b1,4
100dd6da-4662-3530-a73d-4faea1a633e9,4
c1c3239d-0611-36f6-a806-95664e86c34f,4
50dbba23-9d29-3475-8128-3990f8fcc1a8,4
26ed9430-62a8-31ad-a0dd-2fb6a059be99,4
18897d45-8dc5-38f0-9a6c-31ec647037f6,4
af3c3da7-315e-36b0-b820-ada06d1a30b7,4
c0d8aae8-e8a9-3275-a679-79a761467882,4
2d6a752e-fb3d-3a61-ac98-0c8f3dc207ae,4
c43980c6-6388-345b-adb7-93eb10370d6c,4
4f10d220-cc16-322f-af28-ea39c4982b40,4
6ff02bf6-2c14-303f-97c3-99182f1ff1ca,4
06e0a099-2a14-37cd-8143-62bc87386f72,4
6ab63422-0552-30bb-bdc2-dbbfa452e0f4,4
cfa5cec1-5bc5-3b66-81ee-477f2ac4d029,4
e6bc2177-7ffb-3da2-905d-8079cddfa44c,4
92d742ed-0155-37ea-b92d-61ad4e2582fe,4
353a27ca-b7b7-3a14-aca9-ce806dc5d1a6,4
e1b691a2-972d-3b04-8ba2-dadcb9006549,4
c303430d-0d8a-369c-bac3-2bb6eac0d095,4
a642af91-4aee-3155-af40-9a8b04603be3,4
e37e0af2-2a3a-3ff7-aa2e-d08128a173bd,4
0b4f5238-461b-386e-b09b-deffc524cc57,4
b02b3b61-a51f-3b2b-814d-47c2bc5cffe5,4
ce3012f2-3ca5-37c5-86af-618f984d55d5,4
2ce845ac-c7cf-387f-b048-6a2fa873e5d8,4
0811548c-7b68-3261-b261-acb2d0c6efd5,4
1377b43b-4972-3ab6-be76-4ecd5d21e2c9,4
cdf47ee3-f4d3-3dac-8a87-329b0207f4ee,4
ab2380ae-3c07-3204-9edf-8678a9ced2a3,4
72f256f8-2d24-3ca2-9f9e-e74e44a9f6f9,4
8c08f7c4-ce58-388a-866b-56c03918b3cc,4
01379250-a9cb-353f-9ac5-ea25b1441db2,4
10601380-e014-3763-b08b-31055b6ea559,4
8f65ab75-0341-3691-916d-745abca1fd4d,4
01d78563-81fa-3355-b3b8-1249c00b43a4,4
6f2415dc-8caa-3cb5-96a3-73c364056a6b,4
69feb264-9d7d-37fa-b7cd-89ed5867eab0,4
1ba6d251-7a6b-3e09-82d4-a15ec956de63,4
a318756b-c691-321c-b399-08b7d5ff398b,4
eca1b460-c832-3b99-8ce5-00edc9e205db,4
2ef141dc-5e92-3297-b9fd-fdf925e98709,4
a6548ae3-8f7b-3fcb-b3e7-5580bf57758c,4
72352bfe-c0a5-3059-8f26-cf6f9e07863a,4
c540597d-4ce4-3fb8-955b-8810e2b32105,4
f375f7a7-724d-305e-8138-21547b90b6e4,4
a54d730a-5318-362c-9a82-8a65a4daab6a,4
29eab4b6-3a29-332f-8e86-7be51458a37d,4
769ea34d-5802-351c-840c-f358460ada26,4
be8c7898-3011-3710-a89a-b05f28b1aac4,4
ba4b4cef-e8db-3456-a6af-ed29771137e7,4
8a0a9378-3fde-317f-9563-35037902e6db,4
09ed2959-5f11-3063-86d6-82358919666a,4
d3bded3a-29b6-3026-b7a7-deaa49451d27,4
acd3aa87-09ef-3aeb-84f8-b9de9cdbf76e,4
93683f72-b448-3aca-a23c-50b7c20a1efa,4
554724cb-0793-3c8f-b423-9bb2d9048899,4
02a69a94-764b-3a10-855b-2d92736e2ac0,4
940e0b87-3186-3bfe-92ed-0c0ad6cef412,4
fb94e77d-df78-33f9-aa8c-0817da6ffeee,4
c8b2584e-629f-3cd4-9c1d-9ea2e5c9ce04,4
0a6b19dc-e255-3b75-8ba9-0293a97e45c6,4
18c84c2d-a560-386f-bad4-0d2472f74bd7,4
8688ef76-86c6-3a84-ba3f-274f16235ef2,4
8c6ded98-1ee8-3016-9df2-693d0cc83a74,4
2dd2bc4a-d019-3a2b-83de-04910b53af2e,4
d2ce6128-d442-375d-9dfc-354ba4abf4e4,4
5ba9572a-61c6-326b-8e0f-ae7dbb5a2e7d,4
196f66a1-78c5-37cf-8787-18059ab233fe,4
50a0797a-ef2a-3f20-9894-1d46bcbf343e,4
a31481a5-2874-3eed-ac75-6c3cfabdacf7,4
e07ceea1-23fd-3f7f-abcb-294f7e55828b,4
7e2b9840-e8e4-387b-8a69-5619201e8cd9,4
9fe1fa6c-e5c2-3a3a-b35c-66a9acc74bbd,4
6feda89a-cb8b-3081-8037-9b13c7a9c601,4
ac930c4c-60f6-39bb-97d6-918bcb5c3f86,4
7329fe0a-da8b-30af-bbd8-c887b7d14ea1,4
19c38d75-cc74-33aa-9748-0ef6abd0f70b,4
3b8fb690-fd88-3d41-ada9-6b8dc68238d4,4
92496069-68a7-3073-96e3-370528a25a80,4
1701b8bc-6c41-3627-b364-846dfe38fd09,4
5dc5cb60-88f2-3fbf-b2c3-607dd4541699,4
d3b7bd68-3cf7-3901-a9f1-4e54401e590b,4
83b8aad7-7d98-3b7f-9943-ee0828ccb310,4
af66ce98-ca9a-31f6-8bc9-4a64521cb4e5,4
918e0f8a-8a90-39a7-b1a4-439313c3881a,4
42227b82-cf06-34c1-bd3c-6352f5a478c8,4
11a3c4f3-6009-36a1-87c0-745b227a9372,4
472a3ba6-5593-3d7d-98fe-34e8ee713782,4
7857bdc6-372a-3949-bed2-f9ccab43cf70,4
5a07197c-7b02-3bc0-84ae-0a7e1481179e,4
784a79c3-d484-3312-8a61-2fc4e16c0e57,4
cd5a2f6c-cb5f-36f8-a2e2-94a7ae0b3469,4
9be52c57-4285-399b-a906-bdb0087df899,4
9ec52521-b856-3cea-9042-d8ac519b9116,4
c2b208ff-3495-39ed-b9b8-af1f07550dcd,4
7ccd0ecf-0202-3e49-8a5d-af45fdeebdca,4
d85ad6ad-ba80-3c98-8e34-3fb586492863,4
cb807c07-c538-3dc7-ad7b-c8318a1a22e0,4
82598a0b-1da5-363c-800f-67e485bea352,4
4502f479-f2d4-3c12-a3b4-7f08c44fcfd0,4
0d7a3410-68ff-33bf-92d9-2dac7ea4e6ef,4
20ee49f6-f495-3ece-add5-8c72a49f8357,4
96030d2e-f955-3dde-85ce-a955a2689fd9,4
eb503efd-38f3-39d6-9a87-4773c8eac78c,4
1c081f9c-0ad8-3cb0-8f0e-31e6f429ec88,4
bf9d6758-68da-3012-8ed9-96cb19a8a61d,4
74d55765-cb27-3470-a42a-45bbec9d01d3,4
faba2792-bc39-3190-a990-387687cf8fbf,4
a50c6bba-a506-3313-ae99-bfc6e47a0f83,4
4bdfdb3e-cb04-37ba-9880-dfc7e90fe33d,4
3a7bda38-f3a7-3e30-b9b5-a92d0e7e6ab2,4
fa2418a0-aa7f-3899-8119-a1c3a671cb60,4
8c8e1784-fbac-3d18-b07a-4c81009d7d3d,4
1dc44411-87d6-365f-93d8-54d17d7b4dd2,4
d963ed17-cb5f-3389-b505-2237be4dbba5,4
373872b7-a53f-3e18-ae13-8a69f3a6ca39,4
f39ccb90-efb0-3e59-889c-f6a98c0c4d73,4
c61a82d2-6950-3151-9436-4243346dfa4b,4
1af2df53-7f71-3d7a-88e6-42817bf51a37,4
fa89a778-6750-3090-be1e-217e30360986,4
ce57b2ee-95b8-30ba-86f9-e279f974a54b,4
89ebe33c-d187-3ba4-b222-ca3deb5c14cc,4
2315007e-91fb-301a-b371-7a0a55fe0798,4
c10a82f7-748d-3bb5-bca6-dfac3932d245,4
903e5f87-2e5a-30cd-a482-d18de69678a4,4
93811973-26c8-3771-9cbd-a1a0a2d909bc,4
3a64b08a-3e9d-30df-b637-7c8884c573c5,4
9a2eb50e-462e-39d0-9b30-fb048bd99b2e,4
1d3e2fc0-8bc1-3b5c-bf5c-44d9d355774f,4
34c55037-051d-34a9-bc1f-1d80afc0e548,4
8f4771cd-f0c0-32f2-a374-2bcc6dba31d3,4
a2a4cfdc-ab69-3520-b5de-c814ab50a1ef,4
6ec27e2a-a578-3071-af6a-25f26cd3ebf8,4
17386145-06b4-38e0-950e-2f1d858e8aa1,4
4d7c8a94-02d4-3d85-b98d-4df7fa14cf9b,4
0b066566-b3c5-3831-86bf-a0025cbce61a,4
936936c5-42d7-3ddf-8f17-f236076bb6a3,4
78cc4d5c-4eb2-35a8-882c-90d63e2448a3,4
128b260b-d452-33e8-b340-c1af3b4001ff,4
b615c924-c151-321e-a9f7-c3c49fa9701a,4
b7643105-d02c-3fdc-98bc-fc3f831b880e,4
b087030e-6133-3ffc-8239-30222211fb62,4
5c331f15-8cf4-3258-beed-ee37582b52e7,4
ade82b30-e093-38dc-98f6-30ff45c699cd,4
b649ca0f-1bad-327a-b7bf-30b8b26ddbaf,4
304d0a61-2818-365a-9526-30f49c7ac0dc,4
55cfa2e2-c139-30ec-8485-167ba1780bb4,4
401c16d7-8577-34c8-803f-4d196a130388,4
0d38d9e7-be25-36da-b817-89dc821b7032,4
8bfb4f34-e50c-3f3f-8921-e41231bdcf83,4
7bdcdc09-ba4c-3548-9518-2e7844022a95,4
512437eb-4619-37b7-9c6f-ca5a1b7305c9,4
190f47bb-cb8e-376a-8622-90f6a665b10f,4
bacfec80-d787-3ff6-8f2b-75684d5c9a07,4
9631135f-82e2-3ead-9828-4cbbf33e91a5,4
e6c3ce94-ce18-364e-b2ed-c6978dcc3517,4
76f10ef6-f86d-3f0a-8f7e-b188ae48d637,4
2021588f-1994-3dd7-9846-aa55b142f012,4
ca1dc426-63bd-31d8-b59e-ee88161337ef,4
703c02be-b171-3c8b-be8b-d3424116e950,4
a555aac1-f0e9-30b9-9eb7-b5c1287f60d1,4
75e825f1-db9c-3637-8dfd-c27a0f4389ee,4
e767accd-e95c-3e44-b004-fb209aed0c3d,4
7693e878-73c9-36c2-8083-2866d7b7bfbc,4
a6c0d171-2db5-3e69-8e41-339447f6c698,4
a713709e-f243-3d6a-b23a-53abbf6f03a0,4
a7e82747-f270-3a75-ae58-7deebe003ba4,4
5a5884a7-767f-31ba-89ad-e4d2ab212ed0,4
599b677d-665d-354f-9ec1-4fdb323285f0,4
03d417b5-139f-3d31-acd0-c4d2e97f845c,4
72b35fd3-936b-3ce4-af00-43b9f9877833,4
1e9998cb-ff10-32d7-85ca-63627f52c224,4
f3ed46c9-a70a-3f1e-a20b-d350096aeb1a,4
9621ef9d-773f-3bc2-9cbf-2766f97c74af,4
5e2d421a-a5af-3dba-82c1-16833ffbed69,4
87fe6ab6-1ca8-3ef3-a654-f77dfdb9435d,4
08e725ac-1a4e-37c4-91a8-aacfe59d8b9e,4
482603d1-d5e5-31f1-bdba-ce3690d9adf1,4
8398f9d9-5762-3cba-ae04-ed2dd53d5934,4
f15cf78d-a667-3d2d-a1d8-8b6ab567ebc5,4
8cfa7816-bd6a-3e47-b151-787b1958a5ff,4
a9df0892-6a56-3fc6-b538-547b0c3a58d6,4
bfe40433-193c-3d7d-ad0b-398d7f8e12f8,4
86002837-be8d-3e58-8784-0f40cc46f9d4,4
b88b5ff1-f850-3a2d-9e61-5da19f314703,4
6e67ef3e-40a3-3013-a9b4-eac078fe3949,4
a7b05eda-b0cc-3aec-89b9-c671589a028e,4
d36fbe0f-d3b5-39d9-ace7-67925f88bfca,4
e3eb1f56-46de-36d6-8500-e8e2c3bf2a93,4
1b10d0a4-9a73-38c2-bc7b-eef127ee509a,4
b258f039-9727-3231-b9c9-1bff7a2d02b8,4
7a5b6c41-bb56-3a4b-8327-5c4df0c68fc3,4
8e3aa771-4994-339b-ac7b-e9e30622688f,4
6f9b3c9e-9c40-3240-ba4b-3fbc9dad0e0c,4
80d4d6ab-595e-34f8-9ae3-8a45404ea2ed,4
754b9099-956c-36cb-8277-6c0d5e799beb,4
c2bcd60c-b5b8-3412-9450-188c29c97cbc,4
251a63cc-8c63-3703-a213-3653d557336a,4
76c8dd36-f76c-3e9b-a957-88c06c8ea9bd,4
d38edebd-c1e4-3554-bb7d-2a1286e3f7dd,4
083525f4-29d1-384c-b49e-1d01c2f0814a,4
3a79f705-ef08-3298-ad2d-9889883971c3,4
ae4e2a72-b742-381d-8210-058ffc8fca7a,4
f521788c-9ccd-3ae9-8280-dd7812f89cbf,4
7de6f34d-25d8-3568-9d2c-b5b2a9be2e30,4
71a4e462-aa12-35e1-bc60-40821225c2f3,4
329b176e-77f7-379d-bdfd-059f7b51f239,4
5fee1ea8-3f14-3ef0-956c-df2ede2cf893,4
d607f3ca-31fc-3bf3-aede-fe631b5c7143,4
cbab2f0a-4a56-33c4-aa1b-d4df594f0a38,4
2b6646bc-c793-3a5b-9183-487a12c64d56,4
d913d778-c9a8-34d9-93ee-c5f5491b4b0c,4
5b7fd2e2-a5d7-37a3-8911-7a3b364ba391,4
eb0ab179-a17a-304d-9a65-c88d433ec176,4
3eff9344-d8a7-3d4c-b9d8-b35b9b01c41a,4
f1fdb70e-727c-3db7-8917-e10c87cf168e,4
4d6377e3-6f90-336c-852d-e1147bac350e,4
bbb4c51c-2fb4-374f-93ac-d4604ed8edca,4
5eeaccc3-7e99-385c-b8c3-87b7c6462d91,4
fb2a0e9a-d6fd-390e-bd4a-16469b84db4c,4
c918aecf-e4ba-3510-94c5-dcdf178662c4,4
508f0ac8-50f2-3439-87c8-b9f3fd7abb0d,4
374cfdcf-96a0-3342-be72-9e25dcb58bc7,4
0e0ccaeb-0456-3e81-b996-70f361a38208,4
72fb796d-743e-3f61-a079-eff17d754ca2,4
23a93a87-d895-35a3-b16b-041223ea0032,4
a3e8d7f9-a8f2-37f0-9606-12543150a442,4
c7dea270-9552-35c4-969e-57583c24b014,4
1f97800c-45ac-3406-bed0-50247b6bf005,4
4dd4c3c5-4d9f-3b02-9f6f-5d337a5bcfa8,4
20cc3bef-d7c0-3c3e-b749-bf639493b157,4
cd1bf794-31c6-3ece-9361-23fa62291f88,4
8e6666c4-0139-3527-8a83-9f3108819700,4
35d4a328-8cf1-3b20-bb0f-2ceb9ebbc3c5,4
1d345e8e-09d0-3bdf-ad73-136b50e6caf1,4
f4353386-a605-36e9-9b62-6f7b3b1ea50f,4
b93cc549-8cca-3948-adec-313ecffc44b0,4
cf64f697-63e5-3e88-89cc-b51432cf4a15,4
fbdc7ab5-07c6-38eb-b2cb-1ab82de307e0,4
70077a1a-dd6f-3065-a599-61560dd162b0,4
12852782-a89b-35cd-857a-8fc40e509da1,4
3a6ca8e7-8aaf-34a3-a397-d7f7104f6613,4
30aab4e9-6d3a-3451-8426-6a1f0fcdffc5,4
a666e032-aabe-3adb-b7eb-d310193d7fd9,4
6c4ef322-642f-3864-a5e1-7d8d8bf5dd00,4
3bf8d29f-8b76-327d-a1fa-cbae00446795,4
6f378b7a-5f13-3a3f-922a-a0a49d6c9917,4
2e1f232d-9e9f-3ce9-828f-9b44a0c6b966,4
d76b3e29-a830-3d19-aa4f-2e562da7d868,4
182c13ae-c5cd-38fc-8871-0eef252f9d37,4
49b5ce9a-38b9-3a99-be76-9c725356695e,4
eb2fc98f-666b-3756-9f84-01f636b1ca94,4
767d46ce-575d-346e-be7e-6b4db9bca275,4
5c672d47-27a6-3e87-9825-e5315660124d,4
575f8ca4-3bd3-3579-9a0d-65a9260efef5,4
c55f8f57-565b-3042-8370-d03a61e5791e,4
2459929b-4c71-33b9-9080-ba8273ce1723,4
d7c3f7c0-8bc6-388b-a7e9-620ed430de18,4
2e5b02fc-e3ef-3bcf-b153-aa05ccb2a2fd,4
afd639ac-2a6d-309d-9c86-1e78f5071d98,4
0c873aa4-03e5-30cc-b0c0-6450ba0dcd6c,4
45d201e0-14b0-38c1-933e-b4e49cd433d4,4
b6fc865f-ef62-35ae-b079-410d67c97091,4
e8475f2e-3ef4-38da-97ce-3290de22823e,4
1dcb51ae-a13a-3b23-9efb-028b996a599b,4
5368b919-bd23-3372-be48-be99274a5f84,4
c421c1f9-8f69-3dec-8c91-2ed525624cc5,4
60929f2d-1483-3c9d-94d6-0ebd581fb8c9,4
98ae0940-e406-340e-ba05-da955f583861,4
ba189118-5a95-345a-89c2-afe70994c6e9,4
20238a3c-3d20-3f65-bef8-b518b6ebda7c,4
a7bf86bc-8a9d-32de-9fe5-17a3010c1a68,4
32c449f0-9cec-3725-a673-44f78851150c,4
811413f0-0b29-31f3-9301-282a703aaea1,4
fa700b2f-7c9e-39ea-8919-b4ee6278f193,4
9a729bc2-5be3-3684-a163-ad5b0740b861,4
da8c80a0-ff06-3950-b40f-f697db21a1a0,4
af320908-0f63-3411-8782-899fcc58f613,4
4856e112-73a8-3710-92ff-e1c86f3c5ed2,4
3781a37b-73b9-3970-8774-1e8bb06e4f58,4
33049674-07c7-367f-9a30-bab67b70874a,4
a41944c1-e30a-31e8-a4cb-4f2bb596f942,4
7102adb0-ebe6-3262-a017-566e09908582,4
270b4379-91c4-3bd1-bd85-aa446d3cff6b,4
7e7fbb9e-10e2-3048-bdfb-223e215c10a9,4
717b3f4a-9414-3a09-91a3-1a9b27690180,4
ab4095c1-c7b9-3c8e-af99-8bae78a4ff8b,4
61002d44-03c3-3edb-911a-e89916f50e2b,4
a9970d08-aa56-3965-a668-1ca11dc7fca2,4
f28f269e-546d-3efd-99fe-2f3852c66e29,4
3b54678a-ae8d-3409-9c29-d730760da8d8,4
f084afc3-e3a4-3354-ab6b-a8364fbcb771,4
00d9ae93-f38e-3614-9709-6eb2822271e2,4
e8146884-a0dc-3d63-8086-87835c066597,4
53910e83-c94e-3516-a0fa-4523d8063069,4
2b08fd21-8d26-3136-8ecc-1943dd9e5e59,4
e817c90d-9793-3058-83f4-8c3a79d9f011,4
06468a2e-b8fb-3bf2-8297-d890968e5c45,4
e81dbb3c-0fbe-3cb2-a062-775ccd90c05f,4
2a3ab851-b395-33db-9443-cbe24a3fd5b8,4
1b9ceae5-fd3f-33b6-9ae2-a8f3cf41e6fb,4
d89914d3-3196-388d-b0b8-f37fb4c9fdd4,4
6bd89225-1db2-3038-a708-f1632603afd4,4
6a828a5c-3633-3552-be22-346f34606041,4
54093fa9-d8b0-3cb9-8518-721e14633ad0,4
4d5b9300-779e-365c-8897-4bea22fdb6b3,4
ab98567c-cac2-3682-874e-5e21888dfb85,4
5a08ac47-8221-3a9f-a3e3-8b9c6724c8b8,4
1a289875-f1d8-3860-892c-c644ec631fba,4
4846edd7-7be0-39b6-bb03-9faf4d2fc33c,4
9f679c3b-5c52-397d-adfd-ae73ac1ba111,4
c15f4b26-2173-3ae2-9fd1-e4929d25cc51,4
e6af345c-9e18-3df3-b869-10af838b8ae4,4
c70bddd0-9ab0-36ac-9505-a85c721deb77,4
bb01bda6-43e4-3c9f-ac08-59878dde3742,4
3fe31534-a45c-3bad-9b2b-1273f944be0d,4
137ef771-1efe-324f-8962-2d21330ef68f,4
0ae27ad7-6548-364f-8893-9a8022a06a51,4
b3e47cb5-2ef9-3f41-9839-dab52909e6d3,4
cdc69b72-6662-3b97-b355-b7fb6dfe2e96,4
ad333ad5-5d51-3044-901c-40a077a7f2d6,4
1e066287-ef9e-33de-8e38-5d879f5210cb,4
16866b2f-c7e5-319d-b47b-cc9317812bc9,4
e8c47a1f-c9f0-3622-bac6-dca48b82164f,4
88323a90-bbc5-359e-9992-b8f8db831a47,4
aa292355-f21c-3b7c-a103-23ea3b5925f1,4
55b7cc68-0bee-3d96-823c-cf95ae609ebc,4
4a6571d3-ad60-3caa-9373-f9e38c25a203,4
751742bb-a4ab-3a86-94c2-c5c16de06dd9,4
a8be36e6-127b-31b5-a8c6-85dd40f7e901,4
ae30f5c5-53d3-3784-af13-be03aee08db1,4
733f91c5-3a30-39bf-b414-1e025f6beac3,4
a9d13f32-42c2-3cd3-bbf4-f6e186c01518,4
0f0f2994-4743-32d4-bcb9-df61eed822b8,4
12fcd13f-8c04-32e0-aaa6-85f7f33d5938,4
379fa788-bb42-3361-8542-53bd66f82651,4
7e7142b8-d496-3237-af19-01393ff303b9,4
0c22ef61-c392-3117-981a-b20a0ab7761b,4
2b5c8b09-892b-3c63-b3bc-092d13dadb4b,4
b7b84deb-29db-3729-9e99-5b73f5daa0c3,4
e7ff178b-a591-3a28-8aba-43d1dd120edd,4
9e5d4a3b-e8a5-3c8a-bb67-85f0cb7c05e9,4
639ab323-cd8c-315c-b279-0600f18eaa1b,4
369ed4e7-fcdb-350f-9512-aa23fe0f44c0,4
44c75697-d085-33d0-80cd-031ea703a974,4
a5d54e9c-65e3-3c38-b69f-79974459a2c9,4
0f5bbfef-9779-3fc0-a208-5d0e7214e072,4
664de6e6-5e65-3ad6-9f42-c8e76969c377,4
5685b427-e6f8-38f2-8508-cf9dc2ddd84c,4
68fa4b32-4058-3db6-942c-1a4f22a964b2,4
5f20885a-bce4-3106-9bc9-7935df2eea67,4
a2998ff3-85c0-34b2-bcbe-44fa2ea59a52,4
4f634087-321b-31a7-84f7-3a996118905d,4
4377e070-1e83-3f02-a695-bff152d0f6e4,4
f0ee1ec7-b614-38d5-ac2e-c9020a99876f,4
740ac68e-0baa-3a96-9680-b8fd4abe9fe2,4
8893af0c-65ab-3916-85a0-4fcade061296,4
7fdc2ee8-5705-3655-9d46-3f7fad4053c0,4
8b779c61-e6ce-3ec9-a015-58b7986c1a2d,4
1b262230-bc36-39ba-a950-2d4aef872f73,4
5e10d58f-c374-3787-9b73-c018a78ec090,4
d2ce1ace-eb16-384f-b863-48219ee063ec,4
1275b890-b767-392d-910e-e0e0099399f9,4
61d4093a-ce2c-3c04-b8bb-35666885dd23,4
f48f9cc4-593c-3236-a0f8-37ca9b7f1d91,4
d1796992-7170-3e15-bd81-8ec942e69fb2,4
81338021-63c3-3b43-a4e8-8e964c70cbfb,4
8ff4d251-82a9-3a82-a8c4-22fef08d4433,4
19a1a6a4-5679-3a2c-bbf3-cc34b2e8be5f,4
a2f1d321-5fbe-3ed0-bbef-a1fdba10ff56,4
27cdf0e7-5172-3b69-844c-62afaa9be9cd,4
8e20bc8d-90be-34ea-a0b7-f933bc471f4f,4
9955ae3d-39b1-3657-b3c7-6e696e93467a,4
f5a14578-8544-312a-a169-ab0d97e82f2b,4
e3b56ca4-c046-3a31-a5a4-924842776664,4
5788e458-8108-35c8-9993-676ef6357bd4,4
0de889e0-d082-31f5-a00d-c3d07179945a,4
08b7c51f-510a-3b0d-a2d4-00c4127ebdd5,4
16fb114a-b0cf-3aaf-896c-4fa93a966be4,4
0a5bcccc-f983-3b74-80eb-8e5c7fce05ff,4
bb575a5c-5888-3a5e-b399-bbff18657b78,4
b622b65e-f2af-3163-bfe6-cc6fb99ee482,4
d5d3af9f-3b81-3ca6-9e75-050ccb723794,4
4438793a-66ed-3d62-9c64-dfb1e6d94852,4
22919dc7-b225-3e2d-b3af-be7ec405649c,4
99c34d3d-d924-3d46-a4b9-c8dc84e0beb0,4
b61b6adf-2987-3327-b7c0-ec7720f26b4b,4
b9a2d6d9-6c12-3065-9c24-8743204145b8,4
2e6f797f-ca9b-3515-a587-5f957da78420,4
75a250c3-b02b-3f06-95f7-87648a0a7538,4
91e9a369-f930-3c8f-894d-3fb14b4c9f28,4
32a665a3-ff89-3ad5-b4a6-4cd28774c5d0,4
e49e07ba-0e1a-3b33-924a-eab7f33b3290,4
a17afd3a-3c41-3e2d-b350-63ccb4ed8115,4
9737e4bc-d686-3c54-a6aa-6cacc465199c,4
e3e283d0-9fae-3685-8e0e-6ad422c3294c,4
e8cc5775-6ade-3f5f-8120-bf10d6095cc5,4
b98d8788-730e-32f7-9b26-aabcfe1f424f,4
a890e205-d9c0-3935-8fca-c558a385bd0e,4
0677298c-55e7-3cce-9b18-2de8253b43ba,4
9f0f52b9-cc0b-3e26-9742-d14874708648,4
6e3faeae-64cc-39be-a739-683a2045b430,4
f7abfa26-1a6b-38f3-b30a-ecc96d24c022,4
b57601c9-59c0-346b-a000-c69b5e00d304,4
10b855e4-d300-322f-a806-ea953e4f3a2b,4
d614435d-92ed-3bbf-b5bb-a332032d6311,4
2ecbfc74-2103-3a06-b171-6a48986d44ca,4
854cb3f8-9216-3698-93f5-96cb79c76157,4
d492d77f-0fa3-339b-98bf-6f0e95fb0501,4
7e2f01c5-be17-3b3b-b271-7b54f6f439fd,4
25df9c3c-e5bd-3cba-8c73-c7b7b9301005,4
73469120-4c4d-30c7-b5bb-aadd5d302061,4
a6c4d81e-f935-3bed-b0f1-e4a625b8b89c,4
3546d833-5b47-3706-92a9-6da3ffb09c73,4
ed612dee-38c4-3469-944a-8b50330a0bb9,4
a042e024-813b-30cf-8140-cb22c5e57bc7,4
1cfecd50-87e0-34a6-bb9f-d3b61d895427,4
cedb1bf3-0c64-3591-906d-9d29a5d03d40,4
8786cdc5-fdda-3b44-8dbc-e665cce199e7,4
04b065b6-5562-3eb5-9ace-34d97ce67db2,4
3a387eae-eacf-34aa-86d7-8cb5e5251307,4
19d13a47-ad03-3a71-b8df-16864fd1e9a2,4
66a2c05b-0d7a-36b1-a911-9c005b344956,4
1a3f1a45-ddad-3e30-aeb9-827782523621,4
4b843f82-f022-3a42-833d-d396ee742dec,4
c09fe2cf-bb1d-391b-bb3d-902c26e7f604,4
0111bbfe-3db2-3025-8070-d4e6cfa0d753,4
bdcbdaf4-4375-3ee1-8fb2-c572347519b3,4
1a6e7520-b509-33fb-930a-cb775c4cac31,4
6a106877-bc83-3359-bdea-2fa7126c1b1a,4
a08f95dd-01ed-359b-b154-61c70de0ac25,4
56e4e9af-eafd-39bb-8066-75782b19da2d,4
0ece99f5-e23f-3a2d-9103-edb6378f115e,4
8bc329cf-b70d-3244-8dc6-fca1b01c9330,4
f3363449-2309-3f8d-9b93-365e5672656e,4
f5f78576-083e-3e22-8230-c07a20d41686,4
147fbf2a-9ebe-3df5-bc1f-2e301d651d1d,4
70422ef6-74e2-329f-bd5d-ccf47328b18c,4
4ee6cf2e-b02d-378a-972a-fb6eae5e8408,4
aa50713b-1b1e-39f1-b115-1f9cdd80260d,4
53a0aaef-b42b-3e16-b13f-29855317b015,4
dc5526bd-5f31-3a9d-bac1-dfd4c0b3fb5a,4
71d5a643-74cc-33ac-8857-16ad7a0b4a8d,4
6ca33bb6-3172-348c-bd9b-934f0286174f,4
5cc3511d-8235-38ca-ab39-a7077d125e3c,4
7053d8eb-c603-370c-b37c-e881499b27d5,4
bd11b000-849a-3e7d-878a-1c3451eb6ef9,4
2d0c2c86-ee48-3789-b879-be680631a1cf,4
85fbe2a0-2654-392c-8dc6-01f46e759714,4
7e6daacb-4b85-3df1-9ec3-9a50b18f5f15,4
b27a7cfa-4ebd-3e75-baa8-7863a32bb0da,4
51402163-65cd-3a2c-8364-b83ee3ed19be,4
3fa8fd9e-e289-3642-b743-2f31aa8b9083,4
434a19d9-6b83-3f7c-b838-5b2b84bc76fa,4
e397748f-cf06-37bc-a131-1faa31843a1e,4
e00e4a79-0864-3c3d-8d04-85dfda32b54a,4
39d6857d-1d96-3ca9-9904-e11c2f4cd650,4
92e52c3e-aaaf-3a17-90ae-d3d5c4714d1c,4
8681e9a7-b35f-3e75-8dd2-63345f147bfa,4
72ecd2b6-de8c-31dd-a78f-e982a0f2f20c,4
708ababa-e566-395b-a23a-648a64a6dad2,4
b4d62318-7a4f-3952-90a6-58f297ad37fb,4
ac400228-64c8-355c-937d-0ed01b451d78,4
64fcd6f8-46ae-3cf0-8b86-877594f56f57,4
e9409d11-43e6-32cf-9163-2e88449b2678,4
1d121aaf-02ab-301b-a217-5e833036a913,4
0d6ea41a-5fec-3cde-9d54-06a59cb72a61,4
271898f0-00b5-37f8-9250-52af7012c9cc,4
40e38996-2d20-323a-b51b-8b3545df3829,4
6fcc0108-0caa-3de2-8eeb-0f40cbcc560b,4
d58869bb-3dde-34fa-bbb8-213aafaa2a85,4
98b46117-934a-36d2-af30-5ed081c0685b,4
bf830427-0b11-37aa-a959-b33f4305b5d2,4
8838abc9-1073-3004-b517-8748c55718a2,4
2d5f26ad-e676-3c73-9dfa-c4d536cfd91a,4
734f442d-5182-346b-a59a-0bc0c1f6a309,4
7b4570da-392e-357d-9bbb-10ad930220dc,4
c492bd1b-c69a-3df5-8e38-258249c8172f,4
98587c2e-90a9-35be-8989-b43aaef3ea1d,4
c8aff926-9c21-3e4f-8132-57d1f3c0b392,4
ce5c0fae-0670-3f5c-98a2-e71127caa989,4
e5b253bb-01d6-3229-8bfc-916b8de7b0fd,4
c7fb3327-1841-39a4-ac5a-5beec4e56c11,4
f0de95d2-ef2b-3361-a6df-3f4392d74e93,4
d0a33ded-fed9-3d92-9c51-c6512d71a93d,4
b00cd736-093a-3d1e-b750-41283e37e09b,4
8be4f87a-c76b-3e65-8ecc-a25f209824da,4
9079f642-7458-3c6d-9098-c4877cc81347,4
f0d47b46-9391-3d0c-b068-8753e4edd583,4
8e9afa16-33ae-3f51-8156-1e9e5337605c,4
3a19d80a-1cdf-3616-9707-6f8a72b4513b,4
73081902-03a0-3f36-b562-900d6fd81f6c,4
7fed708a-e036-36cb-98a4-f8de9fbbf3db,4
cdb9eed1-54fb-3454-b98d-645c3bdfca78,4
0986165f-e9a5-394c-91d2-57149a4cad4b,4
99aeecae-9a3b-337c-ad7b-ab82bbb499b4,4
c0334558-d138-31cb-b714-0b6a320fa903,4
03f30d5a-9478-3701-b8e0-dec924ffe9a5,4
a8c15edb-40a9-3014-a021-83d0d747f2d9,4
856aefdd-dc4c-36b2-a102-d9333b44186c,4
179cf47c-4eb3-3c94-b097-52ab1844d67b,4
c5e81b73-0412-3120-a94e-c14f3dc942ab,4
803661ce-e446-32c6-a3f2-707e7d53891d,4
0c972f48-a836-3bdc-8dd5-fc4ac7d3385e,4
927ed129-56ea-33fa-bcd3-f49527693fbb,4
cda5d912-3bf9-382a-9b3a-5c08bc665360,4
035184d7-2f13-32d2-8479-77532cdf6152,4
275498bc-12b3-3086-ab78-b7d0ea0da2e9,4
b4f946fe-0deb-3f7a-a8ae-ff1446818ec0,4
f030f2ed-1a39-32ff-a2dd-14fb757b2cb2,4
647597a2-ec49-3f27-8924-363ddef52ca0,4
1cbc2b1b-c7a6-34d6-93ae-a7da9cd93d37,4
b092aa49-4688-3c41-8aec-43c03186567f,4
